0	0	0.013254682492911035	0.11359186103811324	0.005690056418480457	0.132682392863282	0.008777209225521542	0.010020455518877893	0.5334861608472206	0.16735211385033388	0.006217703436532454	0.008927364308726982
1	1	0.06361565068015528	0.20072810417042578	0.0016817696588302838	0.6123173524186876	0.0025942175400484706	0.002961675037979272	0.10992027808297188	0.0017046320475071661	0.0018377225493236087	0.0026385978140706892
2	2	0.005313225180840197	0.17507857988344036	0.002280895906728882	0.6037509237165181	0.03590453804862619	0.0040167643860851325	0.14907910309211503	0.018504971453344943	0.0024924066256320696	0.0035785917066690014
3	3	0.41193316296566834	0.05656129774317004	0.001370800070350161	0.4212408652290204	0.0021145307074189133	0.0024140430463230303	0.031203917834748712	0.03058514630676991	0.04042553130163635	0.002150704794894204
4	4	0.012263856660097678	0.03034765026826802	0.005264708252456023	0.8702929083135033	0.008121087462868555	0.009271397501835883	0.04508918340485529	0.005336277985984071	0.005752912130593317	0.008260018019537976
5	5	0.03386115063890979	0.14270921117995417	0.0020486755071375423	0.7604489388113542	0.003160188975094504	0.018152248637183954	0.017545721671332285	0.0020765257037866866	0.002238652098368946	0.017758686776877915
6	6	0.09670729170099487	0.0628300142888753	0.0031472882195114345	0.5426126058934916	0.004854856466088994	0.005542521776458032	0.2727382973423708	0.003190073226468148	0.0034391407288436476	0.004937910356897065
7	7	0.1081564005900117	0.1890927643573417	0.04635620605630033	0.4617314215834016	0.032725026478233006	0.003661061471211127	0.1506365625365056	0.002107173350111444	0.002271692584036845	0.0032616909928467677
8	8	0.13805990252426506	0.11157369705861866	0.001061025986966374	0.19046034531003986	0.046832787724593726	0.0018685163950640329	0.09947927379197885	0.0010754498341222145	0.4079243139213567	0.001664687452994533
9	9	0.004772280164027495	0.12816477594251302	0.0020486755071375423	0.3677491874004432	0.01770462421253565	0.0036078133997428058	0.06117902738365573	0.016620960941227836	0.3513050977969565	0.046847557251760215
10	10	0.037586851184488096	0.0339455542109127	9.93661547389629E-4	0.14309586631095564	0.22022022689170123	0.12872969533616238	0.2554153246626939	0.001007169625853534	0.008140239132051438	0.17086541109779152
11	11	0.03651672645386798	0.10684597746579227	0.002209343795922746	0.3809049921097969	0.03477820629568672	0.0038907577719352183	0.20714282126454087	0.002239378156643926	0.00241421938590532	0.223057577299908
12	12	0.01033283368934034	0.08855178607237278	0.06741831432102502	0.04045145218449616	0.06982493828548408	0.10228540871568277	0.5103588633702036	0.06747861494049832	0.004847079179278004	0.038450709241618974
13	13	0.2307710695597076	0.04048605131242318	0.0031472882195114345	0.18510919827025765	0.004854856466088994	0.027886484752910154	0.47383396413044	0.02553403620292027	0.0034391407288436476	0.004937910356897065
14	14	0.07132996638672738	0.22964316408452698	0.11255086958277995	0.1737361149459261	0.0018609786025017103	0.0021245765970497165	0.3443656847435526	0.04404761386457229	0.018448216115451277	0.0018928150769120127
15	15	0.11610830353440893	0.38284498900048586	0.13733272159137697	0.0012547848410098875	0.009778306967505554	0.09370497494435065	0.25669290458809924	6.296278435356457E-4	6.787865377983214E-4	9.746001514289919E-4
16	16	0.06689035108402595	0.07661460749833623	0.04302812051387407	0.005718612166064488	0.004366978442858068	0.18587254252224666	0.6071040759402037	0.0028694938992393517	0.0030935319158702573	0.004441686017281276
17	17	0.006339839778218344	0.015688314506498133	0.0027216077066713885	0.6044756724162186	0.004198222041113964	0.12072411374066576	0.17788397738020328	0.0027586059084698422	0.0029739862570963755	0.062235660264844304
18	18	0.08244586341983653	0.20600590612345707	0.001835146188068722	0.38153342305040144	0.01585930691396833	0.10745976281242338	0.015716966464371592	0.18425906654568247	0.0020053219020878354	0.002879236579702703
19	19	0.44428364207466914	0.039601203487867324	0.0030785022785760085	0.11549665632800434	0.004748750559405237	0.0054213865168446194	0.3760555411363903	0.0031203521926031325	0.0033639761698508333	0.004829989255789053
20	20	0.6053178886191665	0.035010187049754525	0.02204348024992778	0.06346324120503964	0.004198222041113964	0.004792878481127417	0.1392402322936905	0.0027586059084698422	0.04161773134360915	0.08155753280810069
21	21	0.5605700770212468	0.12036048756743466	0.001227454447849416	0.037336371379673994	0.0018934125975588246	0.0021616046997665005	0.0802262863605415	0.1929572239499884	0.001341278043183004	0.0019258039327570327
22	22	0.4256767806442758	0.2054650450456734	0.002949572784248628	0.17348047438019254	0.02549016549995708	0.005194335646350096	0.1299628632681278	0.0029896699991497156	0.0032230908602876238	0.02556800187173732
23	23	0.39088337022140635	0.1694068321180155	0.001093988667575104	0.17307723956896548	0.0016875346603716986	0.0019265652175238577	0.25013706953334497	0.0011088606174850595	0.008962135432542572	0.0017164039627694798
24	24	0.12867268349457484	0.13159162494683954	8.497871345551623E-4	0.20683880498254875	0.0013108410406832073	0.09199162186329986	0.41752242059065997	0.006894346480245694	0.01299460336567983	0.0013332661009131232
25	25	0.028829453250173897	0.2701008603738354	0.0017442465375033594	0.0035233626294328244	0.052223239608378	0.06498751001847358	0.5597975939102983	0.0017679582521720875	0.0019059929977444246	0.01511978242198821
26	26	0.0034266396322630284	0.4679863293075965	0.0014710101765022057	0.159621508369496	0.002269110030279672	0.03392053388693966	0.32589851354159644	0.0014910074491526315	0.0016074190406805348	0.0023079285654933742
27	27	0.02925693442003147	0.2181177576978317	0.027610754100341292	0.5651147753377214	0.0019100572780055413	0.010971443446853534	0.1424673975577821	0.0012550778022269158	0.0013530689990727887	0.0019427333601333473
28	28	0.11606352672012696	0.1367426761860088	0.0019630223527019727	0.04577432697410114	0.11451883551478768	0.003456974188151577	0.2537300402913972	0.00198970815938973	0.12757217358492276	0.1981887160284123
29	29	0.09080304409806128	0.15880705977235102	0.0011290651057826004	0.018312146513745395	0.0017416418984007183	0.0019883364659911535	0.3543458565750566	0.0011444138933852147	0.0012337649176013114	0.3704946707596248
30	30	0.0037390226743874125	0.237160150299956	0.03579126910402415	0.003242312096562121	0.002475969102211198	0.08259437722252473	0.5607253702345435	0.035813089389753014	0.0017539563202849345	0.0367044835557531
31	31	0.0173033730873972	0.3232623887218479	0.001835146188068722	0.32941943078444996	0.0028308088474804636	0.0032317782805204205	0.3153724219935926	0.0018600936148523088	0.0020053219020878354	0.002879236579702703
32	32	0.23505322255866104	0.026095778476822606	0.0013071927025428986	0.002640517735640382	0.020577067978804885	0.002302027496228399	0.3824084491662015	0.2518938049405498	0.00142841053955343	0.07629352840499513
33	33	0.14733960172030697	0.5582677446689952	0.02169776696812368	0.00196558920849285	0.0015010085404882358	0.01553008447540344	0.18103958981124557	9.862963387605491E-4	0.042512699723180114	0.029159618545003364
34	34	0.003871369935187349	0.2927496796405528	0.001661926897140417	0.0033570776815846294	0.014362348297748769	0.014725470260474549	0.22661074992337663	0.001684519538454577	0.40297317437694347	0.03800368344853687
35	35	0.5041065001255026	0.1440660749980315	0.010394589787332235	0.08459335693911695	0.03842453833928349	0.0022600789506464027	0.21143812446609114	0.0013008189486571175	0.0014023814218619899	0.0020135360234766284
36	36	0.3120617216237296	0.09112383699322049	0.0018842439247289677	0.19108505458137987	0.0029065446707258894	0.0033182416914426197	0.36394112877826224	0.0019098587981707744	0.002058972541643339	0.029710396396696336
37	37	0.003224586912153863	0.14556505659655788	0.3158656945483537	0.18951956140300558	0.0021353113519686382	0.012265311626681132	0.3263369096741509	0.0014030897971276483	0.0015126371481036743	0.0021718409418970725
38	38	0.07346128628179163	0.5995895433160074	0.0014120251488664345	0.04295059213633998	0.0021781225442767485	0.0024866423379913695	0.2627076404550142	0.001431220564603314	0.0015429642476061213	0.012239962967502743
39	39	0.024515647400082906	0.49215156242524066	0.0894322314040731	0.0020958998900297496	0.0016005193869349902	0.009193445736708944	0.3771973149594116	0.0010516838304835958	0.0011337948813440965	0.0016279000856903925
40	40	0.02919092925770605	0.13556479864011792	0.0393813989474067	0.0035675400560847732	0.015262754607296989	0.028187068895674395	0.25335588957524785	0.4907887955848845	0.0019298911526358892	0.002770933282945053
41	41	0.008253521713100719	0.0707322029034649	0.0035431255500698454	0.1329280010059556	0.005465456223641299	0.006239609831804798	0.4076575784477079	0.35574986382805796	0.003871684617604971	0.005558955878592019
42	42	0.3753499709391818	0.3558076235047098	0.001093988667575104	0.002209847464495659	0.0016875346603716986	0.00969326485863612	0.18023677276333458	0.0011088606174850595	0.0710957325614407	0.0017164039627694798
43	43	0.08698890710267397	0.27760016768481643	0.0028310084765780265	0.08611283624065658	0.004366978442858068	0.004985538354414441	0.1649358435299471	0.30434783417895966	0.0030935319158702573	0.06473735407322534
44	44	0.015308858724477313	0.6318029018632201	0.19757814811181248	0.01480642269429841	0.0025045089476596148	0.0028592596874279968	0.12917268620464736	0.0016456855100013164	0.0017741737140559233	0.0025473545423995822
45	45	0.005885002690600341	0.588504221643636	0.05633336123367909	0.04097454863668156	0.003897030346504514	0.004449024540661492	0.21892911331597484	0.0025606961313797273	0.02069629416820925	0.0577707072926731
46	46	0.003391223932069447	0.039397995231627486	0.17715765103809536	0.13730095059858366	0.07459347612385141	0.0025637436871106013	0.5602444811894768	0.0014755972868734095	0.001590805717734579	0.0022840751945774093
47	47	0.004389245575907431	0.11787796534520503	0.0018842439247289677	0.4318722097492406	0.0029065446707258894	0.0033182416914426197	0.43082644965822353	0.0019098587981707744	0.002058972541643339	0.002956268044711798
48	48	0.27211169175231764	0.0910750082739829	0.022126611911029066	0.27166118450870774	0.002245657864553811	0.0025637436871106013	0.0228035455489803	0.1565066364139397	0.04293241615161892	0.11597350388775934
49	49	0.0049152595113021984	0.2668263708195358	0.0021100546124541487	0.10912363645303297	0.003254869450966314	0.03367628908592012	0.21281389560250358	0.0021387392116952414	0.36183033350208205	0.0033105517505076757
50	50	0.003289237161066351	0.04823772879602316	0.0014120251488664345	0.16324553348615473	0.0021781225442767485	0.0024866423379913695	0.7739611411917269	0.001431220564603314	0.0015429642476061213	0.002215384521684845
51	51	0.004448756882224333	0.02456715248872218	0.0019097913258577198	0.24790961410305093	0.0029459528713453244	0.03048010435548137	0.6400443263268617	0.0019357534969280828	0.002086888989585192	0.04367165915994323
52	52	0.09441622630867019	0.17667937130103584	9.281834584937923E-4	0.364301635878996	0.0014317714651138455	0.0016345744883983237	0.2978907256515987	9.40801411778963E-4	0.020782985055598294	0.040993724980316115
53	53	0.004572755715926692	0.0531245979328586	0.0019630223527019727	0.07364701972515121	0.07270979638821258	0.01739332056367661	0.7554385098102985	0.00198970815938973	0.002145056205197449	0.01701621314658683
54	54	0.007171206619973218	0.017745581715132526	0.0030785022785760085	0.42147536114629147	0.004748750559405237	0.0054213865168446194	0.4197667846818599	0.0031203521926031325	0.11264208503352482	0.004829989255789053
55	55	0.010017373727430204	0.0858483124753591	0.004300323429442129	0.49716436917986856	0.09822305233244993	0.00757307071711266	0.18947908281967796	0.0654185022996805	0.035228958142521576	0.006746954876457334
56	56	0.03675533046116041	0.2192007619536292	0.0011961830026460134	0.49496512685302413	0.001845174759979	0.02758319875985881	0.12913571725159673	0.0012124442073785297	0.08622932187873077	0.001876740871996429
57	57	0.004842714714566917	0.2038518623395481	0.0020789121096811314	0.31414044176133754	0.017965928496026608	0.003661061471211127	0.4458185221806336	0.002107173350111444	0.002271692584036845	0.0032616909928467677
58	58	0.016609479885907445	0.3448245288377832	0.057750787817143455	0.06502355516543973	0.11223986980298689	0.012556660974523254	0.3647896348322326	0.007227155725180106	0.007791421651997812	0.01118690530680553
59	59	0.11291624686466639	0.16015151496677477	0.0019097913258577198	0.6139873927937929	0.03006282536695584	0.003363231859870854	0.07059000391904084	0.0019357534969280828	0.002086888989585192	0.0029963504165274467
60	60	0.03595280352904007	0.36772469664645874	0.002175225195042103	0.2823655293585182	0.003355398478563612	0.0038306733198056326	0.29660114024802753	0.002204795739145859	0.0023769369186777095	0.0034128005667206467
61	61	0.05921480362384835	0.33786115551674933	0.009218681978767476	0.26087492178718674	0.0017557152243874244	0.002004403205820302	0.1875187830899679	0.03347563520146005	0.009324227816731874	0.09875167255508055
62	62	0.202518474045687	0.03880974205648264	9.405794998351522E-4	0.5361064805428453	0.0014508930063463642	0.055077056321536096	0.06147617162562691	0.027663691880183267	0.06112603407609139	0.014830876945365975
63	63	0.03613450756533611	0.13092013796655283	0.0038323223732929243	0.7423388245094197	0.005911557428638314	0.006748898965370461	0.06002894350789758	0.003884419902329258	0.004187699073234676	0.0060126887079280785
64	64	0.3775712248894224	0.15521741178302026	0.07965553393291698	0.14190714402643073	0.0018934125975588246	0.0021616046997665005	0.036655131091059515	0.1493860686805064	0.053626664366561376	0.0019258039327570327
65	65	0.4935946243344662	0.2660135763076218	0.0016425469143850865	0.11992945386676865	0.0025337144080801242	0.002892601950274041	0.09569553150511356	0.0016648760994667133	0.013456014981995647	0.0025770596318282213
66	66	0.17795378577609455	0.24861850660075632	0.001535138042743573	0.16658011878666124	0.013266640845000217	0.06809511129231048	0.28561282588037024	0.0015560070853152428	0.0016774935750931345	0.03510437211565507
67	67	0.040310355551853555	0.10063135941943806	0.002438866859066284	0.4724199534755221	0.003762079515712776	0.0042949586226186335	0.3671789398420979	0.0024720214125275005	0.002665026448878545	0.003826438852284677
68	68	0.0033565328140675145	0.07991366575600473	0.0014409142650334869	0.7394472197742957	0.002222685514885453	0.0025375174229187265	0.12486702070221348	0.0014605024064916771	0.0015745322925708207	0.043179409051518444
69	69	0.2034903804047414	0.19332048109145575	0.0027752303538465884	0.39965719991821275	0.004280937775171438	0.04429243637796554	0.04347080696901639	0.00281295751504514	0.0030325814085494164	0.10286698818599554
70	70	0.037478477435808205	0.32118838026375063	0.016089004863190787	0.2609452836742271	0.024818130353858835	0.028333490165580354	0.252015845734006	0.016307722736161784	0.0175809611488815	0.025242703624534825
71	71	0.04231140538579631	0.10470211521510323	0.018163715646839582	0.03669054548522823	0.028018480102832734	0.2898913304836144	0.413465904238641	0.018410637646385734	0.01984806281195236	0.02849780298360647
72	72	0.00382622530053914	0.45259201403483207	0.0016425469143850865	0.1549129109406206	0.014194866766030769	0.002892601950274041	0.3522408833800278	0.013326028457417358	0.0017948626240450007	0.0025770596318282213
73	73	0.01881233627499509	0.6045174400191808	0.0011381885089968226	0.018460117694067198	0.0017557152243874244	0.010084896675590954	0.1875187830899679	0.0011536613223774288	0.15477311027260363	0.001785750917832716
74	74	0.12789474968960798	0.31963350859355244	0.014127408592432621	0.2388034416730888	0.052223239608378	0.0030716997438272804	0.13877008404270338	0.10083325469160619	0.0019059929977444246	0.0027366203670589474
75	75	0.004448756882224333	0.051684024984332694	0.0019097913258577198	0.2614680503508562	0.016504389119150583	0.04403854060328663	0.6129274538312512	0.0019357534969280828	0.002086888989585192	0.0029963504165274467
76	76	0.008253521713100719	0.3222740401616098	0.0035431255500698454	0.1329280010059556	0.08092800740108477	0.03139379355761929	0.2818866598186354	0.003591291666655056	0.003871684617604971	0.13132987450766448
77	77	0.18201618080185158	0.10516806880607171	0.0030785022785760085	0.42147536114629147	0.004748750559405237	0.027277008289579414	0.13564370163630748	0.02497597396533793	0.09078646326079003	0.004829989255789053
78	78	0.0836273299512439	0.4600913830013951	0.0027216077066713885	0.024819496118526855	0.004198222041113964	0.004792878481127417	0.27449334009648524	0.0993679686247518	0.0029739862570963755	0.042913787721587916
79	79	0.029026828392708016	0.1270236905788065	0.0030785022785760085	0.07178541278253474	0.004748750559405237	0.0054213865168446194	0.3979111629091251	0.0031203521926031325	0.15635332857899442	0.2015305852104022
80	80	0.03199949245626525	0.28605591204377545	0.029425629340938904	0.10012434492470801	0.030476032713589066	0.0034094587895079163	0.4976488680522832	0.001962360030294066	0.0021155728491885017	0.016782328799449752
81	81	0.019895451616582707	0.49152925239874334	0.0021100546124541487	0.004262291716069404	0.01823506155624682	0.0037159048753591106	0.3925762008658697	0.0021387392116952414	0.0023057229753498582	0.0632313201716297
82	82	0.1400331193602769	0.43132023992287993	0.0019097913258577198	0.0038577616425562755	0.0029459528713453244	0.003363231859870854	0.2739665476361198	0.0019357534969280828	0.13767125146763778	0.0029963504165274467
83	83	0.07090939343999034	0.5121094111994008	0.10103517689043663	0.0017810324078476334	0.01387925725098274	0.0015527203317741737	0.28297333015360554	8.936891469916695E-4	9.634646373768049E-4	0.013902524541593742
84	84	0.06483602793242423	0.31176694713537734	0.19685255198110077	0.12410382855831348	0.003254869450966314	0.0037159048753591106	0.18285351139194256	0.0021387392116952414	0.0023057229753498582	0.10817189648747123
85	85	0.045247551973791	0.14277076833995384	0.23897838535630275	0.14678404483516966	0.001845174759979	0.0615520848103812	0.35842569809262287	0.0012124442073785297	0.0013071067524247908	0.001876740871996429
86	86	0.07762768129592995	0.08630547140632873	0.05633336123367909	0.04097454863668156	0.003897030346504514	0.004449024540661492	0.16512210436197763	0.43301676776335746	0.09243897277353887	0.03983503764134069
87	87	0.006594683028081893	0.07661460749833623	0.2842107927376503	0.005718612166064488	0.004366978442858068	0.004985538354414441	0.5468084078842596	0.04306660593653539	0.0030935319158702573	0.024540242035929298
88	88	0.0039649323408872976	0.17898590310201043	0.0017020919759618974	0.06385765355913844	0.0026255657756884977	0.11175246057940687	0.3529263135628354	0.15881578183945594	0.12269881492861931	0.002670482335996018
89	89	0.1819080971955225	0.4050619772788178	0.02124817801317842	0.012749052917801896	0.0021565044957899434	0.0024619622047393212	0.3494259981380324	0.011342099246781596	0.001527650198354943	0.012118480310981212
90	90	0.025661712321474735	0.4214476379148824	0.0027216077066713885	0.005497623575270462	0.004198222041113964	0.15936785882717855	0.27449334009648524	0.0993679686247518	0.0029739862570963755	0.00427004263507513
91	91	0.004114074390195194	0.2609490729776722	0.0017661166461404242	0.0035675400560847732	0.0027243271735415634	0.003110214028163544	0.3285864541777804	0.0017901256684228564	0.0019298911526358892	0.39146218372936326
92	92	0.00427487502090933	0.15389191385750559	0.001835146188068722	0.016735477188741098	0.0028308088474804636	0.04231727247998403	0.4065719084590077	0.0018600936148523088	0.15834729869994227	0.21133520564350863
93	93	0.006870872249696907	0.22640534046540234	0.002949572784248628	0.04783870186181887	0.004549870080228139	0.10989581274499481	0.46500758998379094	0.0448702608386076	0.0032230908602876238	0.08838888813092415
94	94	0.0837160728905442	0.14619475408090837	0.3053933302598437	0.00715708237688313	0.005465456223641299	0.006239609831804798	0.3825033947218934	0.05389965911828404	0.003871684617604971	0.005558955878592019
95	95	0.04979416767035147	0.14569505630674381	0.003012658748439788	0.11302639420590407	0.004647183475065698	0.09085811305389353	0.5391177614334165	0.02444178358779211	0.003292026875592212	0.02611485464280085
96	96	0.01654023134207661	0.5386099520798601	0.02231437866928349	0.03754421040437495	0.0015436645166062195	0.0017623166119528895	0.3566936717270882	0.022327982716600473	0.001093519354859105	0.00157007257729803
97	97	0.2587407430016335	0.007979434086838088	0.12914234971373395	0.0027962165683858265	0.0021353113519686382	0.0024377671617011455	0.41478480985897076	0.1782988901667674	0.0015126371481036743	0.0021718409418970725
98	98	0.03540603289633621	0.34692432437101073	0.3063023649878846	0.004327112695509332	0.003304369541484591	0.003772416397697733	0.29209042683500797	0.0021712651812214453	0.0023407884357958997	0.003360898658051669
99	99	0.002205758838245494	0.13318523802793125	9.469025185545808E-4	0.18341946059846478	0.014905589249156427	0.10250460955010479	0.1627265133480516	0.3975855833004832	0.0010347101347811135	0.0014856344342268118
100	100	0.017531785926441928	0.16912384156684407	0.0018593709995411271	0.0037559130278747924	0.0028681768844741806	0.0032744393066965484	0.530743177519513	0.25269377726665393	0.002031793114754923	0.016117724387205466
101	101	0.11291624686466639	0.3092943136926326	0.0019097913258577198	0.07164994288158257	0.0029459528713453244	0.003363231859870854	0.49090152760100386	0.0019357534969280828	0.002086888989585192	0.0029963504165274467
102	102	0.005584516558152105	0.3882565988400756	0.002397357635901015	0.004842641290725677	0.0036980493708925733	0.191440547454287	0.22477055187023084	0.019449828676938393	0.0026196680164587475	0.15694024028633805
103	103	0.005992481865735778	0.3435669498404364	0.020835724604466123	0.005196410434950763	0.003968202719592646	0.004530278112312593	0.18640100078608704	0.40439858794147626	0.002811042445556213	0.022299321249386213
104	104	0.0033225442667076644	0.28162621715611524	0.0014263234400806316	0.1952768367926879	0.032578443039623754	0.04301617514342729	0.24511566477319616	0.18371530103626052	0.0015585884396844833	0.012363905912216469
105	105	0.008690738583168826	0.10096581178880247	0.030217502494866603	0.45780987303116494	0.005754979865385857	0.059543514279150604	0.16438571831010784	0.05675490577257323	0.030563466443873376	0.08531348943090619
106	106	0.019895451616582707	0.43160848397762136	0.10697139934941771	0.004262291716069404	0.003254869450966314	0.0037159048753591106	0.3925762008658697	0.0021387392116952414	0.03226610718591087	0.0033105517505076757
107	107	0.007674392477975691	0.7908335789772989	0.05007286673324037	0.006654887582136055	0.005081958658307144	0.07596932214868726	0.05160477807948151	0.0033392995997147644	0.0036000180697748642	0.00516889767338336
108	108	0.20159951165733697	0.007331020699735072	0.010300737529164538	0.11091642523968864	0.0019617947277091167	0.0022396728049980247	0.48039763674950686	0.17283917273376453	0.010418671955872287	0.001995355902223975
109	109	0.1095800327394635	0.40390057213520064	0.016373058691670616	0.04041555472135754	0.0016617224618751508	0.0018970968546042379	0.1698320047810575	0.0775709170021254	0.04706456101974163	0.13170447959290382
110	110	0.043932746928790185	0.010718075552754556	0.2526685005218496	0.14896119854079018	0.05567009888917069	0.0032744393066965484	0.46474077501364247	0.0018846477443455252	0.002031793114754923	0.016117724387205466
111	111	0.07638350146102438	0.35570225138252626	0.1597145058324305	0.16177417999227928	0.0031148847357828167	0.003556092049234338	0.1893253147415593	0.01638268405398913	0.002206558944700158	0.031840026806473916
112	112	0.1819778054023533	0.34907954084959764	0.0024818388381529174	0.0050132925745344226	0.0038283660379435777	0.21580642756324186	0.14459306132877742	0.0025155775632234477	0.07319058103910009	0.021513508803075298
113	113	0.2870411120317525	0.38713959367274114	0.0724543624212817	0.0033570776815846294	0.002563609043725224	0.026524209514498097	0.15581831439923532	0.001684519538454577	0.013614778994166448	0.04980242270256042
114	114	0.02470694349518012	0.3127523529942823	0.0026203476596729468	0.17271993146180792	0.0040420231296576835	0.004614554801683419	0.24567756630737192	0.0026559693075897425	0.0028633362220350737	0.22734697462071887
115	115	0.06511338540241851	0.3023912977530518	0.003939505756412678	0.0359260254850551	0.006076893395446276	0.006937653916802238	0.11764436569380998	0.003993060362612773	0.0043048217237937085	0.4536729905105969
116	116	0.028025113476966804	0.5710247964236796	0.0011861102913137658	0.06134090912082351	0.001829637076636481	0.018930217645698633	0.018579060093587733	0.0012022345651412094	0.001296099984255972	0.2965858213218963
117	117	0.005781311006240794	0.2786009430911526	0.0024818388381529174	0.0050132925745344226	0.0038283660379435777	0.004370634287906809	0.05649481413072117	0.0025155775632234477	0.21414777655599013	0.4267654459141341
118	118	0.002810310187267499	0.512286745907299	0.06116112743318503	0.08808654469660125	0.04468576372716414	0.0021245765970497165	0.07885201697064556	0.1040023130390997	0.03557813016531625	0.0704124712763719
119	119	0.015308858724477313	0.3090542569621159	0.001623613707570648	0.0032796853764018308	0.17540556871610827	0.0028592596874279968	0.29054700865519945	0.03622589746369105	0.0017741737140559233	0.16392167699295165
120	120	0.007674392477975691	0.0891582756873315	0.003294513180575876	0.006654887582136055	0.16880619609263287	0.05258014537235502	0.65972337426412	0.0033392995997147644	0.0036000180697748642	0.00516889767338336
121	121	0.04717046299748896	0.31401016799005915	0.06692679943204637	0.15568150855511076	0.002368030613449751	0.002703449903007684	0.22022116449106743	0.023353227548416174	0.05617054473284547	0.11139464373650833
122	122	0.471178549598703	0.052310582767227255	0.0026203476596729468	0.0424990463482804	0.0040420231296576835	0.004614554801683419	0.17126563195678476	0.02125895289523653	0.22609913927379652	0.0041111715689574205
123	123	0.22572742434732118	0.32372428653341967	0.0030785022785760085	0.006218547464330349	0.004748750559405237	0.027277008289579414	0.026365592772633523	0.2216765699199511	0.02521959794258563	0.13596371989219783
124	124	0.11677377880574406	0.586599514483153	0.0022445497587583957	0.17981931649552796	0.0034623352390199163	0.0039527571193315155	0.09889842859746081	0.002275062717961756	0.002452690047707319	0.003521566735335224
125	125	0.0031026222785518398	0.6223068320588601	0.0013319138968161815	0.002690454330143879	0.020966214654799194	0.0023455626757363595	0.28562625730316044	0.04862919001341635	0.0014554241653039505	0.011545528623211808
126	126	0.32703169481319355	0.019922696289067114	0.1016040924446797	0.00698146921750977	0.005331350454794688	0.006086508674361154	0.07867420461475755	0.24887293343284772	0.05285063742540881	0.15264441263337988
127	127	0.006339839778218344	0.07365393213626731	0.0027216077066713885	0.005497623575270462	0.004198222041113964	0.024114751024383804	0.02330899703415216	0.7563116350954691	0.0029739862570963755	0.10087940535135707
128	128	0.2214749263215554	0.3119086772013076	0.1587926431842222	0.05177376500465689	0.02679334288465162	0.07550079491596218	0.038745211146314774	0.0017252306311956406	0.001859929383803693	0.11142547932633007
129	129	0.08916632028839235	0.5323745740300188	0.0023572377307670947	0.0549667559797791	0.003636162321701849	0.004151205909286972	0.05365848314337832	0.0023892825978638725	0.08625108864175374	0.17104888935705792
130	130	0.0547794784948207	0.2931775026866942	0.002318438540807658	0.004683225414344696	0.0035763125446506626	0.020542478638587595	0.3325884845802876	0.002349955962212606	0.002533430641522307	0.283450692496072
131	131	0.04810731797834568	0.007331020699735072	0.25408245690168013	0.002568994407459489	0.0019617947277091167	0.011268625374350453	0.6248608778591457	0.0012890739160683776	0.019447624525224715	0.029082213610281266
132	132	0.004389245575907431	0.2516486071051277	0.04201543645270577	0.01718322029348039	0.06979186555068723	0.04344943421941942	0.5645970914181462	0.0019098587981707744	0.002058972541643339	0.002956268044711798
133	133	0.023820672341932747	0.06836980175499632	0.05633336123367909	0.00510320933401675	0.003897030346504514	0.004449024540661492	0.8108062118099443	0.0025606961313797273	0.002760624516876843	0.021899367990008287
134	134	0.019039792374345648	0.140663342307481	0.0020193058440639675	0.5201723617840214	0.031786739279122185	0.003556092049234338	0.27534087837157745	0.0020467567823194478	0.002206558944700158	0.0031681722631345453
135	135	0.23077182233606044	0.025569217887595613	0.004435746136247846	0.008960168092107566	0.0383336541930955	0.22825054508523712	0.3529024429082606	0.004496046755721153	0.004847079179278004	0.10143327742639616
136	136	0.008253521713100719	0.020423835451835914	0.20477659535658577	0.1077738172801411	0.08092800740108477	0.03139379355761929	0.5334284970767804	0.003591291666655056	0.003871684617604971	0.005558955878592019
137	137	0.1713986299123014	0.29966086667432174	0.14362957383856936	0.0768224179111328	0.005081958658307144	0.029190968596022774	0.2621073690664717	0.0033392995997147644	0.0036000180697748642	0.00516889767338336
138	138	0.07606287478256694	0.06426597076018666	0.2089108513351932	0.006502792616098304	0.05067506417678874	0.005669194038152843	0.5760817656800118	0.00326298115662463	0.0035177410035885782	0.005050764450788258
139	139	0.2397817899196387	0.03032300859253092	0.10276755081826466	0.004761599436030309	0.037106266684201035	0.004151205909286972	0.5055048920371173	0.05259443914161265	0.0025758277355057597	0.020433419725811582
140	140	0.021506293669814717	0.2074647168613894	0.018473964395703403	0.0046073896244609065	0.0035184010706771555	0.0040167643860851325	0.7320295686951978	0.002311902964370423	0.0024924066256320696	0.0035785917066690014
141	141	0.04175634199326515	0.5526328823409713	0.1101403701876763	0.00510320933401675	0.003897030346504514	0.004449024540661492	0.27273612226997207	0.0025606961313797273	0.002760624516876843	0.00396369833867588
142	142	0.17812318778076144	0.16708322632514547	0.003012658748439788	0.26274358433471573	0.004647183475065698	0.0053054329802868765	0.2610715511941948	0.04582995360619377	0.003292026875592212	0.06889119467960418
143	143	0.004637383904293206	0.5344080706795764	0.0019907663622794427	0.0040213305022965004	0.003070861094471079	0.06003908517735296	0.3845159045031771	0.0020178293278290487	0.0021753729562111576	0.003123395492513215
144	144	0.14438269154448796	0.7055871178803189	0.0027752303538465884	0.02530850380327424	0.004280937775171438	0.004887310471129911	0.10257849582926983	0.00281295751504514	0.0030325814085494164	0.004354173418906476
145	145	0.10821449951360468	0.15646152870719773	0.06961043634785032	0.009251510022510009	0.0070648513413684375	0.008065550996303239	0.6244989907814789	0.004642236752105846	0.005004683075810729	0.007185712461770202
146	146	0.23407870144939089	0.37003817865419597	0.0020193058440639675	0.03275083454725214	0.0031148847357828167	0.01789201932090402	0.13198160565488057	0.0020467567823194478	0.18857361347640605	0.01750409953480423
147	147	0.0050670709023590286	0.4294961618998208	0.11027528938842575	0.0043939357183888405	0.003355398478563612	0.0038306733198056326	0.29660114024802753	0.002204795739145859	0.1413627337387424	0.0034128005667206467
148	148	0.17483938790408216	0.3963650955076627	0.005690056418480457	0.011493863804903675	0.008777209225521542	0.010020455518877893	0.29110910273046386	0.005767408439162748	0.08701005614211801	0.008927364308726982
149	149	0.1742371413759233	0.30827506071740296	0.10092395822073033	0.0040213305022965004	0.003070861094471079	0.017639145809445433	0.3845159045031771	0.0020178293278290487	0.0021753729562111576	0.003123395492513215
150	150	0.07863820462559891	0.3957201361082313	0.0020789121096811314	0.033717580099415986	0.017965928496026608	0.003661061471211127	0.4458185221806336	0.016866271332317842	0.002271692584036845	0.0032616909928467677
151	151	0.005781311006240794	0.12002409813465133	0.0024818388381529174	0.04025259145375693	0.02144801547755483	0.02199028372751806	0.7612807917151713	0.0025155775632234477	0.002711983280655077	0.021513508803075298
152	152	0.05569621592589316	0.4486993131237708	0.0023572377307670947	0.004761599436030309	0.003636162321701849	0.004151205909286972	0.18753890059337508	0.0023892825978638725	0.1699263495480017	0.12084373281330914
153	153	0.040216598004331985	0.5656703368454203	0.0017020919759618974	0.1121932077770647	0.0026255657756884977	0.015081352143554364	0.20791965090905665	0.0017252306311956406	0.05019548360172994	0.002670482335996018
154	154	0.02223797347526729	0.32612708690343695	0.009546462072902714	0.019283769230872536	0.014725916373207044	0.01681176626886991	0.4884067580186258	0.009676239016644	0.07820619036998537	0.014977838270188356
155	155	0.11167946233021303	0.20157353937627076	0.003634549680493581	0.033145001561569756	0.005606482720036706	0.2644330444738207	0.21175052012854206	0.15850341812215632	0.003971586637569381	0.005702394969327648
156	156	0.003576022071287101	0.10693657359060024	0.01243374827429404	0.003100965313404234	0.17674579431825724	0.23157426476556747	0.4599905895851777	0.0015560070853152428	0.0016774935750931345	0.002408541421003669
157	157	0.016915048312421323	0.0498688975256431	7.158976500816631E-4	0.006528574600927855	0.12308353332704353	0.3316211270667501	0.3009143738206221	7.256297380897305E-4	0.07701929873744283	0.09260761922097784
158	158	0.007674392477975691	0.34643922022698626	0.003294513180575876	0.006654887582136055	0.005081958658307144	0.14613685247768401	0.19193983873747497	0.0033392995997147644	0.0036000180697748642	0.2858390189893703
159	159	0.005781311006240794	0.15526339701387382	0.0024818388381529174	0.022632942014145677	0.0038283660379435777	0.25104572644246437	0.47936640068139125	0.0025155775632234477	0.002711983280655077	0.07437245712190904
160	160	0.5400105722499584	0.03716444718468365	0.002889074706406803	0.005835905438438477	0.00445654863525354	0.005087795701329039	0.39393753535730225	0.0029283494956192343	0.0031569827097112932	0.004532788521297253
161	161	0.34710738943580693	0.06089588095436454	0.44163793040181576	0.009562434793501778	0.007302286882167852	0.00833661805350215	0.10775911604285217	0.004798253055987715	0.005172880476607648	0.007427209903393514
162	162	0.21832034953654356	0.20663545481085627	0.008792400375843787	0.04072703105259721	0.024795057817059377	0.07898014655276019	0.3869324747605086	0.0011003148029002634	0.024306751476795667	0.009410018814135142
163	163	0.14376005359594687	0.17272435744401662	0.0016425469143850865	0.0033179302872621956	0.014194866766030769	0.3760494774046947	0.21230705508462003	0.0016648760994667133	0.0017948626240450007	0.07254397377953209
164	164	0.45432102266971747	0.19192541029313323	0.0021100546124541487	0.004262291716069404	0.003254869450966314	0.0037159048753591106	0.2727346640236256	0.0021387392116952414	0.0023057229753498582	0.0632313201716297
165	165	0.27795774257238176	0.06899664852987887	0.1016040924446797	0.00698146921750977	0.005331350454794688	0.006086508674361154	0.5203397747820634	0.0035031722287889285	0.003776685184597055	0.005422555910944617
166	166	0.23934320818397134	0.07197026749496718	0.0017442465375033594	0.02828968673929135	0.002690591388660951	0.027838023853685803	0.28736802870185457	0.0017679582521720875	0.3238682064259052	0.01511978242198821
167	167	0.2656609932307723	0.5746965894711076	0.001936041014526311	0.003910785782263924	0.0029864443871764723	0.0034094587895079163	0.0440706606664754	0.001962360030294066	0.0021155728491885017	0.09925109377868753
168	168	0.2937543905208376	0.08855178607237278	0.004435746136247846	0.04045145218449616	0.006842370100706911	0.16526797690045994	0.321411158815872	0.004496046755721153	0.004847079179278004	0.06994199333400757
169	169	0.04775153190433344	0.16022920727108989	0.002889074706406803	0.005835905438438477	0.024967341982987914	0.4358144560037509	0.29138356861863035	0.02343914284335361	0.0031569827097112932	0.004532788521297253
170	170	0.05445274603064019	0.29966086667432174	0.05007286673324037	0.006654887582136055	0.07524948898730388	0.3098610899120098	0.14516148518481048	0.05011765315237926	0.0036000180697748642	0.00516889767338336
171	171	0.07749445635123324	0.14270921117995417	0.01659311074457869	0.004138306464414497	0.003160188975094504	0.1781410362490366	0.29388999118271414	0.031165396178668984	0.016783087335810097	0.23592521533849517
172	172	0.007331439795186388	0.28626964405339655	0.0031472882195114345	0.006357494458640657	0.027198819442541114	0.22898215154097928	0.20570640841301444	0.003190073226468148	0.0034391407288436476	0.2283775401214183
173	173	0.07569926906172651	0.15646152870719773	0.004579975444093973	0.009251510022510009	0.0070648513413684375	0.43076354687071944	0.10425530355142815	0.004642236752105846	0.20009606578707975	0.007185712461770202
174	174	0.0639907921431884	0.13548400389549234	0.006786680127622128	0.06189061732604019	0.010468808575141765	0.25285957764738815	0.4435766592478914	0.0068789399196148605	0.007416018620678559	0.010647902496942271
175	175	0.0037390226743874125	0.04343859339497185	0.0016051120031445975	0.04882385489773486	0.025266740502797563	0.470037491032493	0.26444534202692066	0.10418540359151213	0.03594011342116448	0.002518326454873545
176	176	0.004013430183951359	0.20563859406414497	0.050649691420330295	0.24811416580473444	0.002657680895442398	0.1620461625664677	0.1493043856940713	0.026209723113303746	0.1486630193961381	0.0027031468614157625
177	177	0.04043963878718893	0.013752406855600722	0.0010690790206373888	0.009749385459949363	0.0016491102289027774	0.0929609613161952	0.28998068864864773	0.5247836254674915	0.023937782025566134	0.0016773221898203578
178	178	0.005885002690600341	0.21185515896565554	0.1639473791416735	0.04097454863668156	0.003897030346504514	0.004449024540661492	0.5238354973886258	0.03843203543404453	0.002760624516876843	0.00396369833867588
179	179	0.0043313054252678	0.5651382566020678	0.015059851500715255	0.0037559130278747924	0.016068657385648305	0.0032744393066965484	0.3195354895007271	0.0018846477443455252	0.06803419562062556	0.0029172438860313355
180	180	0.25202767920052704	0.08453147023018957	0.01659311074457869	0.2659381407383552	0.046793494687417954	0.0036078133997428058	0.2502566854703907	0.0020765257037866866	0.0749608282855747	0.003214251539436763
181	181	0.11129503981215211	0.4577013827618152	0.0011762058022123558	0.0023759253516815932	0.08531830597936663	0.027122537565870772	0.1937822065069154	0.0011921954319889369	0.051387645294501585	0.06864855549349545
182	182	0.0668385361557211	0.5530390924065449	0.002175225195042103	0.0043939357183888405	0.003355398478563612	0.019273539633146153	0.03407241292123867	0.06397626099250794	0.06414840217203979	0.1887271963268069
183	183	0.03303184220512489	0.7623649892557721	0.0013980106811254016	0.0028239692517753857	0.0021565044957899434	0.04216229686884535	0.09137382282134315	0.0014170155807550883	0.001527650198354943	0.06174389864111375
184	184	0.004572755715926692	0.06706094430838364	0.0019630223527019727	0.0039652878475260325	0.044837103637162506	0.003456974188151577	0.7415021634347734	0.015926054534914764	0.11363582720939773	0.003079866771061797
185	185	0.010017373727430204	0.3911469085764191	0.004300323429442129	0.00868661541817257	0.006633473502131941	0.06863278993732465	0.25053880203988993	0.004358783079468513	0.004699098532415577	0.2509858317573053
186	186	0.025724965323387534	0.2988632073394584	0.01104338064165736	0.022307531543741124	0.017034991451769538	0.01944790989037622	0.25138366244182203	0.08959525198822783	0.24727268379819264	0.017326415581367226
187	187	0.00353746858002703	0.05187812299082646	0.023080809756480063	0.14322197781080853	0.002342500612309027	0.024236525916774818	0.5412802687623122	0.20638034257163204	0.0016594083304841993	0.0023825746683458025
