0	0	0.006238017569021059	0.005544675124163935	0.12219165207917695	0.633618154673313	0.005136229047403954	0.05114683907847069	0.052494002637544626	0.012458655040883542	0.005348074746878592	0.004943672919691833	0.005040661154553648	0.007303318418017018	0.007344888543078771	0.07426152657561598	0.0069296323921865625
1	1	0.0018790269877450709	0.001670177116576764	0.0012756974419259948	0.15532851790765362	0.060765634316554976	0.5365292564213342	0.003968640851676698	0.0037528187110412604	0.0016109567936724801	0.013332840154304155	0.0015183571127663422	0.0021999188453236764	0.07327462875726337	0.14080617212059324	0.0020873564615680276
2	2	0.0025411533516247857	0.002258709537051032	0.0017252241992009201	0.1459941629676418	0.0020923226833058435	0.6615213696728315	0.005367099603894308	0.08516096543975217	0.0021786213195778407	0.0020138819537154754	0.002053391617700912	0.0029751201997399055	0.002992054435890945	0.07830302962540522	0.0028228933926673777
3	3	0.0015338616894839834	0.12704849512003036	0.0010413599412380954	0.039782883153105124	0.0012629436959832236	0.3122871279390369	0.0032396267863151365	0.12874856870891932	0.0013150342838840652	0.001215596207120771	0.0012394445749939252	0.0017958077551963464	0.06948263189339632	0.1439452326968508	0.16606138555444555
4	4	0.0057832370131651115	0.0051404424641710205	0.0039263196919806015	0.11354414177572969	0.004761774010152688	0.7400122751210754	0.012214614699557286	0.048002691493166064	0.004958175170733876	0.004583256121644842	0.004673173462128129	0.006770872464957609	0.006809411934146176	0.032395184685250274	0.006424429892141256
5	5	0.0022849631993309126	0.002030994377745617	0.001551293157199162	0.016056702832743623	0.0018813820619768254	0.6956455959011675	0.06243542827509947	0.004563560132140653	0.016361335571805784	0.001810849451133777	0.0018463758896176765	0.002675179034608488	0.06029982681595633	0.08481114850357543	0.045745364795898635
6	6	0.00349199355664978	0.025114256042476343	0.0023707627812126764	0.06855942624754696	0.0028752209400761146	0.5788913557894678	0.007375342862607312	0.006974257870536108	0.00299381050950009	0.0027674295223982575	0.02483211295537106	0.004088340658822374	0.07014278181827874	0.19564375430742795	0.003879154137628462
7	7	0.0023183529418761024	0.0020606729211040007	0.0015739619157796776	0.13319384955510855	0.001908874348372046	0.5596827943151135	0.004896529030046386	0.10691994555783008	0.001987606589050538	0.031062939334644178	0.0018733566373225117	0.0027142709286284983	0.031955348700754956	0.11527610633058108	0.0025753908937878813
8	8	0.0011890008211884488	0.0010568458974200474	8.072291222694229E-4	0.09079357017990307	0.5031033234019575	0.09218719458552387	0.017500041657171034	0.04734104677361518	0.0010193727727531485	9.422915367202361E-4	0.008455171012430844	0.0013920530842277982	0.0763439063717219	0.14155934037431775	0.016309612408779796
9	9	0.016687318398177234	0.002030994377745617	0.001551293157199162	0.0736661236281289	0.23231906524351795	0.2779772951346242	0.019228362678560516	0.1053800465240649	0.001958980372959465	0.001810849451133777	0.0018463758896176765	0.002675179034608488	0.03149511641826369	0.04160408290703647	0.18976891678436184
10	10	0.0011138707547150017	0.07821931228381895	7.562222797722201E-4	0.22547335631435594	9.171335704203181E-4	0.10742463186149573	0.058519299861347386	0.09349556506918526	0.15541345289970532	0.05704947472374196	0.05706679310368698	0.14874174391301376	0.008332356006963618	0.006239420714099892	0.001237366643677741
11	11	0.0024622760722841984	0.0021885993002999484	0.0016716733219984473	0.17250246358752475	0.0020273770865923517	0.392668157743171	0.0983203626000161	0.051477620612977386	0.0021109970172932795	0.0019513711535228714	0.001989654439414739	0.18912248763587047	0.018419157460462687	0.06035253105273742	0.002735270915834268
12	12	0.004891672669560245	0.03518068344237805	0.0033210243131132355	0.3118687427221187	0.004027682028431708	0.19427141870506584	0.07199698601131711	0.16393326553418897	0.06585922495454948	0.003876685091205455	0.003952740455348471	0.005727050734824437	0.005759648822660008	0.11989915753662347	0.005434016978614885
13	13	0.025502383732596466	0.0031038658665296587	0.0023707627812126764	0.31067371818296047	0.0028752209400761146	0.18270433262242752	0.007375342862607312	0.24908854980594963	0.00299381050950009	0.0027674295223982575	0.04684250313131774	0.004088340658822374	0.004111611290438685	0.15162297395553456	0.003879154137628462
14	14	0.001350999568025639	0.0352627889846819	0.0264636749333833	0.23941179506101298	0.0011123795576953523	0.24951078526634013	0.002853408764872695	0.028244697657563506	0.06076667284779445	0.001070676686153009	0.05218460716450999	0.0015817172553175564	0.027137182929835284	0.2034239268569729	0.06962468646584126
15	15	0.09303242642180319	0.08416109703501475	4.7359456598615153E-4	0.2423344240782227	5.743674668846962E-4	0.005719581453539089	0.04983920628692058	0.12010944528698392	0.12810808786523728	5.528345534794738E-4	5.63680426251319E-4	8.167058869247639E-4	8.213545361982746E-4	0.2457368907198739	0.027156303416679958
16	16	0.003145792909856445	0.14159391096388915	0.002135722368069179	0.4384991524088324	0.0025901679086257692	0.10510603760672839	0.006644142066289996	0.12525233509659395	0.04235350500860222	0.022321315393129242	0.0025419736231156705	0.023511269732993494	0.023532233284832546	0.05727787172605622	0.0034945699023853543
17	17	0.0030258002482418276	0.02176141534483221	0.0020542576884929925	0.23105384142167107	0.0024913689252562773	0.48253541613379736	0.06360648805219399	0.06325894930423037	0.0025941263739115428	0.0023979680374605645	0.04058886573060903	0.02261445932174178	0.04170654963051172	0.016949220244532905	0.003361273542516361
18	18	0.040792019556429956	0.001821162180912013	0.10470602754649164	0.05314093182352223	0.00168700706248218	0.3525730754015346	0.04307053583110003	0.004092075888559325	0.00175658830348054	0.07911001621741418	0.0016556175530391586	0.028227544458805577	0.0024124467057366063	0.19227826619869667	0.09267668527179525
19	19	0.11109862045222041	0.0030370198741279967	0.0023197051654284375	0.04554653897754064	0.02434966547819397	0.1787695451814082	0.02875287112638358	0.09296952309649725	0.0029293347095861555	0.002707829146357136	0.0027609531239096243	0.00400029265663193	0.2409230919692143	0.10528483334217051	0.15455017570032986
20	20	0.0030258002482418276	0.04083334173239809	0.0020542576884929925	0.1166222830962758	0.0024913689252562773	0.21552844670787513	0.00639070888949637	0.08233087569179624	0.0025941263739115428	0.0023979680374605645	0.002445012955477278	0.003542532934175903	0.42314507738182916	0.09323692579479641	0.003361273542516361
21	21	0.0013744070604201461	0.12250402741805104	9.331039855085265E-4	0.1396035288066765	0.10508798081444812	0.03725813921854564	0.011565874423479287	0.002744984806802422	0.001178328148395731	0.10504555539667293	0.0011105964680845405	0.05358728622883184	0.3308133202260735	0.04235094143398847	0.04484192556402126
22	22	0.023922737381092792	0.002911608921334631	0.0022239150662347	0.14690094556409028	0.002697126518967042	0.27462262980284535	0.006918505824698773	0.00654226448846035	0.0028083705169875284	0.0025960118230201265	0.0026469420945986148	0.0038351042369596487	0.1070921426374846	0.10093719262482964	0.3133445024983959
23	23	0.0012257457010940165	0.001089506661725135	8.321757300643772E-4	0.08587345486990156	0.0010092486282749613	0.21092614288889022	0.04894486168448807	0.0024480762820571576	0.0010508754676599365	9.714121132041192E-4	9.90469916524353E-4	0.0014350730910188774	0.3027572293814036	0.21546808726757588	0.12497764031611776
24	24	9.532482583772818E-4	8.472967327994499E-4	6.471734427782958E-4	0.44531329214677456	0.09091119033436419	0.1219758780128065	0.0801227973414927	0.06198804684808533	8.172536998695218E-4	7.554559679482785E-4	7.702770012240185E-4	0.0011160397490579664	0.02515607468408844	0.12550809563736295	0.043117880142970536
25	25	0.0019482504579844309	0.001731706544667925	0.0013226942144479086	0.3452511387965458	0.0016041411366989867	0.05281418357527176	0.17603513394494386	0.16353134032337485	0.0016703045414115942	0.0015440022288084592	0.0015742934825437843	0.002280963991408045	0.002293947124958716	0.24423364483444865	0.0021642548024852545
26	26	0.0016452034707915974	0.01183222721838911	0.0011169514183802412	0.1774791907021059	0.0013546197589333975	0.013489374827959099	0.0864338657179454	0.07587501555575976	0.0014104915605421006	0.06352314313371923	0.0013294148557291513	0.0019261639898688835	0.0019371276194637213	0.5277099475672867	0.03293726260312556
27	27	0.0013864176342938933	0.001232320249745294	9.412581304285999E-4	0.07091363684312027	0.0011415419155689985	0.45704282614890407	0.16022537605643822	0.0027689724912038217	0.0011886252413614033	0.0010987457534714098	0.009859032881817288	0.0016231838611495246	0.0016324229429263433	0.11263088460538408	0.17631475524418674
28	28	0.0021903256550743337	0.1400053270178823	0.0014870424179039502	0.250091041191273	0.001803459853774084	0.00415310296433495	0.004626126143954489	0.21146222585128868	0.001877844233962562	0.0017358485298393524	0.001769903550798767	0.22345790198693513	0.0025789760339023286	0.1365218603245561	0.01623901424451989
29	29	0.0012648341335921988	0.2163784578975362	8.587134081669513E-4	0.2719766126497062	0.016986189178417134	0.018343023401269844	0.10631233581158094	0.018470900344228935	0.0010843873737143152	0.0010023899716465397	0.016966811622708914	0.2087626662198501	0.0014892657216696824	0.11869834479280791	0.0014050674731041525
30	30	0.001794034954820078	0.05813455474378785	0.023833964364093674	0.5440821687863476	0.0014771639138635804	0.0034016913748521676	0.04902106991372539	0.0035830714463502317	0.012846074690373951	0.046653723735387106	0.001449678877402092	0.002100412251669882	0.03603632147908081	0.21359312818552528	0.0019929412827202316
31	31	0.0020488922121075313	0.001821162180912013	0.0013910212949651804	0.1564559380750487	0.00168700706248218	0.2105149418056857	0.1592999178640673	0.004092075888559325	0.06632846721068458	0.0016237615287693177	0.027484369115920775	0.0023987928959239594	0.0024124467057366063	0.36016515135742716	0.0022760548017095846
32	32	0.0014631332008936148	0.10274555846724208	0.09321611359427365	0.36072814197954317	0.0012047076115930604	0.0673302050996637	0.0030902431047460195	0.012144467103115694	0.001254396230282943	0.25938330555046957	0.0011822920676447495	0.03860210945177482	0.0017227508844493609	0.008195837409770847	0.04773673824453669
33	33	0.021718936789696202	0.028473700592004995	0.007616637230332763	0.23457431089550518	0.0352782865810444	0.008944471227443884	0.0023040465367864553	0.0021787481602697613	9.352621111596778E-4	0.08337671305059789	8.815021509936731E-4	0.0012771917606597758	0.05629257616279057	0.5149357745593806	0.0012118421913342827
34	34	0.09549756675711689	0.0016506275819626046	0.0714911657474802	0.17692052071561412	0.15369490241715641	0.003521142448548464	0.015627254383856128	0.13246462583786325	0.001592100436890174	0.0014717116322798779	0.001500584641428979	0.0021741686484205206	0.0021865439081924644	0.33814416102831085	0.0020629238148789438
35	35	0.001436635106461113	0.00127695615620807	9.75351467672569E-4	0.11875848687436939	0.001182889737433654	0.038945049355622256	0.1931946750305466	0.0934218379108427	0.0012316784696952462	0.0011385434543437756	0.01927139422832415	0.0016819772494859845	0.2461834910308006	0.008047406580981714	0.2732536273472121
36	36	0.015359997554387073	0.1874643943906864	0.0014279022268382715	0.26665839783644885	0.0017317356318908793	0.24261000696513885	0.004442143507848496	0.00420057140376943	0.0018031617195628268	0.0016668132336838614	0.001699513874686096	0.0024623934444507464	0.028989973081145762	0.14434912064848354	0.0951338744809788
37	37	0.313947891161841	0.011139156605166768	0.010813996661696208	0.28423302424474284	0.001275273146526567	0.12008641230963184	0.03255866497150031	0.0030933566374940244	0.0013278722672538045	0.010989933903980198	0.0012515446160624275	0.0018133392753848284	0.0018236607123183698	0.19416284615492968	0.011483027331471071
38	38	0.03145031289540223	0.0014041011218805333	0.0010724660226813071	0.19032439201226084	0.021214424481360263	0.08265027209259182	0.0033363964916496036	0.0031549569863509163	0.0013543151913928367	0.10082068611996978	0.021190223426733622	0.0018494496710002853	0.011816854574880565	0.5266063293059705	0.0017548196058747407
39	39	0.06712925850190955	0.0010336071235113968	7.894791219044769E-4	0.4186291403664256	9.574669051838067E-4	0.002204905550766755	0.15637764175789354	0.0023224723381011685	9.969579879179386E-4	0.05222877352921329	0.0082692519413567	0.001361443506263612	0.023357993569270697	0.2630498247393291	0.0012917830609524424
40	40	0.0019724724603914176	0.0017532363227933392	0.0013391388672977327	0.17548582016033556	0.0016240849331010507	0.07833619481970802	0.004166004446008874	0.09096830955717367	0.014123765249286909	0.5113036655421251	0.0015938661921855051	0.002309322519472909	0.002322467068354358	0.09807779521879871	0.014623856642966813
41	41	0.003923817306079488	0.0034876933205234832	0.002663933904407373	0.37382418972407744	0.0032307739119360216	0.007439997448614307	0.008287385842238771	0.00783670224057496	0.003364028397454816	0.32462850173703023	0.003170660110119585	0.004593909344330592	0.029352276789872785	0.14564061790765517	0.07855551201508496
42	42	0.008951745391497918	0.001089506661725135	8.321757300643772E-4	0.14768145239313277	0.0010092486282749613	0.010050150938388814	0.0025888635420646686	0.11833807163811567	0.0010508754676599365	0.03960141056522363	9.90469916524353E-4	0.0014350730910188774	0.001443241455651486	0.31590608324282654	0.3490316313378309
43	43	0.003145792909856445	0.06228090166372765	0.002135722368069179	0.1212471152081863	0.0025901679086257692	0.12493428993176878	0.006644142066289996	0.006282821146351664	0.10183826198372335	0.2404320909685734	0.0025419736231156705	0.043339522058033875	0.023532233284832546	0.25556039497646005	0.0034945699023853543
44	44	0.13906236517955056	0.0016128700781529262	0.0012319257714869427	0.08137498749113857	0.0014940587067031948	0.014877915205935002	0.14108028031117245	0.0036240521724886688	0.012992999326603675	0.012875364371982553	0.001466259315150272	0.0021244353336966663	0.0021365275139156622	0.5705929064304515	0.013453052791571265
45	45	0.07369173260039745	0.002498856898018086	0.01962875164987403	0.19695655161807055	0.002314779693578808	0.09393110026356107	0.05909803459073659	0.005614827810787922	0.05557055537118741	0.002227999098284392	0.0022717094535863337	0.003291436774672387	0.003310171469029741	0.47647046758660255	0.003123025121612696
46	46	0.41216646992683775	0.0014473339028575724	0.0011054876391029215	0.3296094482003989	0.0013407166816235283	0.0030874734545000317	0.03422948673982192	0.1161500910317553	0.021922922641870658	0.0012904535001746875	0.0013157704677788055	0.001906394894751211	0.0019172459996402418	0.07070185378316476	0.0018088511357216715
47	47	0.10815747090942308	0.001869447680614408	0.01468468413470056	0.3461990892836226	0.0017317356318908793	0.3221506984123126	0.017698925415710783	0.00420057140376943	0.0018031617195628268	0.0016668132336838614	0.001699513874686096	0.0024623934444507464	0.0024764092654211882	0.17086268446420813	0.002336401125942798
48	48	0.0016283180009805777	0.011710787701004003	0.11400347941871364	0.02170583425600598	0.0013407166816235283	0.2802007260044536	0.0034391253453826343	0.003252099252144572	0.06297673783445638	0.0012904535001746875	0.0013157704677788055	0.001906394894751211	0.1661325067699831	0.20412675315906836	0.12497029671347883
49	49	0.0023527329918028917	0.0020912317012753267	0.0015973030077549054	0.1499985648427247	0.25403893849546333	0.01929056056590038	0.004969142181167689	0.16782357684847543	0.002017081830948381	0.0018645574896427864	0.0019011376078376008	0.0027545222503127477	0.0027702008539114073	0.3542578364683945	0.03227261286438786
50	50	0.0015796791102875769	0.0014041011218805333	0.0010724660226813071	0.6881682884308385	0.01125754655298871	0.10256402794933493	0.023250152348392707	0.0031549569863509163	0.01131119311976439	0.06099317440648357	0.0012764675699905158	0.0018494496710002853	0.001859976646509012	0.08850370045762224	0.0017548196058747407
51	51	0.0021314721073952153	0.055634104502086945	0.0014470859294063478	0.6061130541027546	0.0017550013013914402	0.20556478881480564	0.004501823196147579	0.004257005598570224	0.001827386990355231	0.0016892066782142523	0.0017223466485760057	0.002495475417821234	0.0025096795397381204	0.10598377876576556	0.0023677904069715483
52	52	0.001040797987688896	0.07308792557736023	7.066121663584023E-4	0.2500432609134876	0.013977478189325562	0.32998624275316457	0.02187900698572167	0.0020786961486382338	8.923132025475464E-4	0.03362611705604108	8.410219958877632E-4	0.0012185408310923119	0.14555109686945591	0.11079418616832691	0.0142767031549034
53	53	0.029802015939419935	0.0019468755961542779	0.0014870424179039502	0.7609073114516667	0.001803459853774084	0.031764793248680555	0.01843197128612729	0.031986239003042274	0.001877844233962562	0.0017358485298393524	0.001769903550798767	0.0025643797121703117	0.0025789760339023286	0.10891017004021049	0.002433169102347091
54	54	0.00341678870412326	0.0030370198741279967	0.0023197051654284375	0.3470556678722127	0.002813299128574538	0.4372059413768414	0.007216504776764151	0.0068240576980195256	0.024465701059205584	0.002707829146357136	0.024297319473529057	0.00400029265663193	0.004023062123400566	0.10528483334217051	0.02533197760261328
55	55	0.004745360350811799	0.03412841201758705	0.0032216908538457655	0.15298815419228004	0.003907212091751693	0.45765506148559104	0.010022544150235277	0.009477499382023741	0.004068366524494771	0.003760731546668145	0.00383451205772251	0.12519770553922988	0.005587374913233461	0.17613389201783528	0.005271482876689574
56	56	0.0013395922866010338	0.0011906994403037986	9.094677534629337E-4	0.1191800929114075	0.06865167737073853	0.46693726285064263	0.061934419761851475	0.07866772883014338	0.03492282534512462	0.001061636335169359	0.0010824642167638519	0.0015683618891926584	0.0015772889270327431	0.11727043652069814	0.04370604556086729
57	57	0.01693116708040017	0.0020606729211040007	0.0015739619157796776	0.3816116899100177	0.001908874348372046	0.3551033963757765	0.01950934316857045	0.004630246588161603	0.001987606589050538	0.0018373110575960433	0.0018733566373225117	0.0027142709286284983	0.0027297204237068193	0.2029529911617255	0.0025753908937878813
58	58	0.007764467580571426	0.00690146344892835	0.005271404559409192	0.20138250314333267	0.006393070151486556	0.25942344105448606	0.01639911690079233	0.01550730213439328	0.05559698276949726	0.055093623354110395	0.2020350288236286	0.009090448761942545	0.009142191144003988	0.1413736348338922	0.008625321339525158
59	59	0.0021314721073952153	0.001894563495687332	0.0014470859294063478	0.08215252929035838	0.0017550013013914402	0.4876973790984036	0.058241364202547184	0.004257005598570224	0.001827386990355231	0.015124091929814154	0.01515723190017591	0.015930360669421138	0.24433761406853635	0.06567912301096586	0.0023677904069715483
60	60	0.002424645629691502	0.1244174533954658	0.0016461254934323154	0.18514893279951702	0.0019963931128903338	0.3255359426356356	0.020403814620886182	0.00484253581566184	0.017361522847156308	0.0019215487623636357	0.001959246972922875	0.018121503557334353	0.018137661386475018	0.22754084137192349	0.04854183159864363
61	61	0.0012749989068936444	0.057388419032959506	8.656144135186483E-4	0.14557917604811377	0.0010498024971133772	0.28369320862203923	0.018765785175139018	0.018619340767906823	0.0010931019960762618	0.041192683879732205	0.001030269214693111	0.0014927375398734602	0.05775636768265398	0.36878213499898943	0.0014163592242974702
62	62	0.001054635342217351	9.374148569405743E-4	0.1336654808079967	0.014058519235745411	8.683606000112054E-4	0.5138551827667499	0.04875978208735894	0.06858106943966874	0.007551650173165601	8.358059469665859E-4	8.522033391080445E-4	0.0012347412673793412	0.01453671678024275	0.05908739934063835	0.13412103801581052
63	63	0.004238283797044522	0.00376720752684698	0.002877429559718293	0.0832115812030376	0.0034896978260575513	0.7293232625504535	0.008951561807068806	0.008464759069447488	0.0036336317258297873	0.003358869801436904	0.003424766323812888	0.05839074579089217	0.004990322928525181	0.023741027047863995	0.05813685304196428
64	64	0.04468954377196435	0.0012216446257272695	9.331039855085265E-4	0.04431022804127923	0.0011316527067420327	0.2451707954339578	0.06354403847733232	0.046060121518346625	0.01850438283301341	0.0010892272889668412	0.0011105964680845405	0.0016091221749787918	0.00161828121833756	0.09432910548784153	0.4346781559679191
65	65	0.02497483422647066	0.0016315304096324406	0.0012461787132244627	0.05917718048655713	0.0015113444329960801	0.177025053456628	0.027016095916357608	0.0036659811633935895	0.08256118344217209	0.0014546844536666753	0.0014832234123991737	0.002149014292703068	0.3145416152414709	0.18382659091666628	0.11773548943566176
66	66	0.03417230896669833	0.012344261488290544	0.0011652869847507761	0.27170861573410016	0.001413240315017846	0.14389676165515655	0.15508607220341122	0.003428015653541818	0.0014715299435171898	0.001360258238074833	0.0013869446810515955	0.002009517863493804	0.21839368968185083	0.1394381622518973	0.012725334339147113
67	67	0.002715106392705316	0.002413328065931393	0.0018433233276163056	0.29289683239945835	0.00223555130563598	0.24473842636008342	0.039961683902372744	0.056763422420742164	0.002327757460323195	0.01926533241510879	0.0021939552386252286	0.003178780166185444	0.07165123942257251	0.2547991283530619	0.003016132769577336
68	68	0.001611775616408589	0.0014326301693050791	0.0010942567851452746	0.10275880439986662	0.0013270960921955783	0.6837215335598218	0.04404092850304983	0.0032190605726834013	0.001381832669814392	0.0012773435437292617	0.0013024033115640154	0.0018870274754411874	0.01205695380941733	0.1410978788100068	0.0017904746815508236
69	69	0.041970103752622084	0.00274177998327832	0.0020941980801179845	0.041118792122518615	0.0025398079556245017	0.3752608042430646	0.0065149617606125795	0.08393161324112054	0.041530036956755424	0.0024445910989473875	0.002492550698924441	0.003611409469738107	0.023074702265977562	0.2894770751383823	0.08119757323231558
70	70	0.01681867557978119	0.12095913636542008	0.011418431748794528	0.2241966153542635	0.013848080595465866	0.24390973610280403	0.03552225881391788	0.03359049168659347	0.014419249889718898	0.01332891901776013	0.11960023550488862	0.019690894065203034	0.019802973654509844	0.09421092380063674	0.018683377820242143
71	71	0.018813042888175823	0.016722013004568628	0.1313529560708225	0.25078196675094505	0.015490193203715044	0.035671638144781706	0.03973450676190598	0.037573669682676517	0.016129092050310857	0.014909469175777158	0.2523630144508235	0.022025850537275835	0.022151220582646885	0.10538250420424021	0.020898862491334245
72	72	0.0018355476437790258	0.0016315304096324406	0.0012461787132244627	0.2790004030221277	0.0015113444329960801	0.07289826383451566	0.3278268214913489	0.02680526774608523	0.0015736804027513588	0.0014546844536666753	0.013052866703744993	0.002149014292703068	0.0021612463751338124	0.264814093956087	0.002039056522203572
73	73	0.009311446557604231	0.0011332854779854073	8.656144135186483E-4	0.1295062807466926	0.14570586020990392	0.01045398849787932	0.1955676334907719	0.018619340767906823	0.0010931019960762618	0.0010104456261792742	0.001030269214693111	0.017565632841294632	0.0015012341276798786	0.36074568734827883	0.10589017868353509
74	74	0.05106833277777532	0.001731706544667925	0.0013226942144479086	0.08737070661764358	0.0016041411366989867	0.15105434821485353	0.016394866405623452	0.07757119626374079	0.0016703045414115942	0.14890424918818113	0.050694375802334664	0.014560984571355767	0.014573967704906437	0.3424738094740304	0.03900431654232842
75	75	0.0021314721073952153	0.001894563495687332	0.0014470859294063478	0.4717642015867556	0.0017550013013914402	0.21899967406640553	0.1388506757121466	0.004257005598570224	0.001827386990355231	0.0016892066782142523	0.0017223466485760057	0.002495475417821234	0.0025096795397381204	0.11941866401736548	0.029237560910171354
76	76	0.003923817306079488	0.0034876933205234832	0.002663933904407373	0.17596643658709882	0.0032307739119360216	0.18056553144347065	0.35453845383195143	0.03256892138269729	0.028096247539577148	0.0031096528894399207	0.003170660110119585	0.004593909344330592	0.029352276789872785	0.0961761796234105	0.07855551201508496
77	77	0.00341678870412326	0.0030370198741279967	0.0023197051654284375	0.13169200437601836	0.002813299128574538	0.3295241096287442	0.007216504776764151	0.07143315674687782	0.0029293347095861555	0.024244195495976565	0.045833685823148486	0.00400029265663193	0.004023062123400566	0.1698939323910288	0.19762290839956873
78	78	0.0030258002482418276	0.0026894889572663346	0.0783419632387565	0.13569420948384167	0.0024913689252562773	0.005737256444650507	0.00639070888949637	0.044187022916664494	0.0025941263739115428	0.0023979680374605645	0.002445012955477278	0.06075831209687353	0.02263462324294584	0.4365316007709822	0.1940805374181751
79	79	0.00341678870412326	0.0030370198741279967	0.02385607151504787	0.17476473707525722	0.002813299128574538	0.0064786143844527576	0.007216504776764151	0.0068240576980195256	0.0029293347095861555	0.024244195495976565	0.0027609531239096243	0.00400029265663193	0.06863216117225886	0.40679396223684255	0.262232007448427
80	80	0.05663185559530289	0.0019203633570304128	0.0014667921131342582	0.47818861070013385	0.0017789006271917605	0.00409654667531783	0.004563128301263381	0.004314976816969524	0.0018522720528398801	0.0017122100234053424	0.06983499809249387	0.002529458401189916	0.0025438559525573275	0.35254815733400924	0.01601787395716049
81	81	0.0023527329918028917	0.09106832221873805	0.0015973030077549054	0.23897565536018744	0.001937182029318973	0.048949590738387956	0.019798657267411476	0.004698910899793774	0.002017081830948381	0.12050067817959308	0.0019011376078376008	0.0027545222503127477	0.01759971594015519	0.25045123086468796	0.1953972788130695
82	82	0.0021314721073952153	0.04219921925048704	0.0014470859294063478	0.21650138180635742	0.0017550013013914402	0.017476395292407014	0.004501823196147579	0.04456166135336993	0.001827386990355231	0.0016892066782142523	0.0017223466485760057	0.002495475417821234	0.01594456479133802	0.3612465985461637	0.2845003806905695
83	83	0.15058397435431067	0.14424093221441783	6.713769328328409E-4	0.20017607844542035	8.142345709416175E-4	0.0018750625378019835	0.00832175343430078	0.0019750419126753566	0.007080946139851739	7.837090911425607E-4	0.00703221257050774	0.001157778261767696	0.01986375275110015	0.45432460810687675	0.0010985386760520382
84	84	0.12098885368175318	0.06140929204625047	0.060915363352730054	0.12033953467023713	0.001937182029318973	0.16758571142833822	0.019798657267411476	0.01952842598603756	0.016846596917192168	0.0018645574896427864	0.016730652694081388	0.03241355242280032	0.0027702008539114073	0.3542578364683945	0.0026135826919002833
85	85	0.17021131800115372	0.0011906994403037986	0.009353054039190569	0.38093126776896413	0.0011029870849174719	0.17985532913590307	0.061934419761851475	0.002675452258594679	0.03492282534512462	0.0348359814780799	0.0010824642167638519	0.01845553446064793	0.07756956549858145	0.024390987377694167	0.001488114132229122
86	86	0.020531430882145037	0.020218957470768892	0.0019086510771232229	0.10835604875431651	0.002314779693578808	0.023050697972557835	0.041377934017985785	0.005614827810787922	0.002410253652934991	0.2857496082622973	0.0022717094535863337	0.056451738492924806	0.038750372614531355	0.29926946185909453	0.09172352798536673
87	87	0.20142831616026025	0.0027961446886065077	0.002135722368069179	0.41867090008379204	0.02241842023366615	0.005964775981526496	0.006644142066289996	0.04593932579643243	0.0026970003585214627	0.18094733399345228	0.0025419736231156705	0.06316777438307426	0.003703980959792169	0.03744961940101585	0.0034945699023853543
88	88	0.073815463125082	0.0016901952790462874	0.0012909875081117727	0.21711849385150117	0.1453935173261592	0.0036055488278645097	0.06394446991241766	0.039754756078312664	0.09751548485912608	0.0374639478670253	0.0015365556134333918	0.0022262863080486583	0.002238958218946113	0.31029296043424415	0.0021123747906810035
89	89	0.001564105502729802	0.001390258487828344	0.0010618928848538114	0.29689391277714927	0.0012878457021700724	0.01282443525763042	0.0033035039065165204	0.04255871675234588	0.0013409633826850257	0.08996800772125886	0.001263883238865418	0.0018312164721268945	0.10042879864165656	0.44254493993425426	0.0017375193379287987
90	90	0.0030258002482418276	0.0026894889572663346	0.02112618407605887	0.09755035670870993	0.021563295312822153	0.005737256444650507	0.06360648805219399	0.006043170141532742	0.25052916941226794	0.09775759997528995	0.002445012955477278	0.003542532934175903	0.003562696855379965	0.4174596743834163	0.003361273542516361
91	91	0.0019724724603914176	0.0017532363227933392	0.013771833189384885	0.28738006905911995	0.014056779255188202	0.003740028887185107	0.1533583363110547	0.003939449302563601	0.0016910709271997584	0.001563198336551856	0.05132464348053411	0.20123243167286733	0.002322467068354358	0.2597028214059317	0.0021911623208796627
92	92	0.027877643774989146	0.001821162180912013	0.0013910212949651804	0.2855996958894568	0.0404301344068046	0.003884929302632764	0.443416185055765	0.004092075888559325	0.00175658830348054	0.0016237615287693177	0.0016556175530391586	0.13154255071033205	0.0024124467057366063	0.03730575682140697	0.015190430583150392
93	93	0.10651090472351055	0.002911608921334631	0.0022239150662347	0.16754798739969473	0.002697126518967042	0.026858127775592107	0.19274188234513873	0.13042451550208697	0.0028083705169875284	0.08518417916543788	0.0026469420945986148	0.21030552259300403	0.003856933459462391	0.03899606711801632	0.02428591679993378
94	94	0.35017488529579216	0.0034876933205234832	0.002663933904407373	0.22543087487134347	0.0032307739119360216	0.007439997448614307	0.008287385842238771	0.05730114052481963	0.003364028397454816	0.0031096528894399207	0.003170660110119585	0.004593909344330592	0.004620057647750454	0.19510505619189983	0.1280199502993296
95	95	0.003344754838570151	0.0029729924202116765	0.02335312995297043	0.29757426674806803	0.0027539882291490445	0.23824765544075643	0.23896998938462594	0.0066801906645817845	0.0028675775097991908	0.0026507417998571626	0.0027027458002064826	0.003915957168442925	0.003938246601808866	0.1663121725153374	0.003715590925614498
96	96	0.029403671390035767	9.970666245354587E-4	7.615691352284255E-4	0.27656093026220724	9.236181461412926E-4	0.023338400608671223	0.07307402199077603	0.002240367352404353	9.617131240737249E-4	8.88991899518684E-4	9.064327287445268E-4	0.0013133132022875534	0.0013207885156916166	0.49414674324101004	0.09316237177867412
97	97	0.14798589309061233	0.00137668613038861	0.001051526186918049	0.44043255184119334	0.001275273146526567	0.0029367666122939425	0.0032712535471658383	0.0323807680618285	0.0013278722672538045	0.1769519319752089	0.0012515446160624275	0.031100750699719307	0.0018236607123183698	0.0477257890332573	0.10910773207925266
98	98	0.31849568638913367	0.0021227104681870337	0.001621346794504036	0.3027838534274358	0.0019663419265839636	0.004528196437033052	0.00504394138604619	0.004769642383475512	0.0020474444391469565	0.0018926241886002232	0.0019297549378004663	0.032901465197303255	0.0028118999668914325	0.3144321677854376	0.0026529242724208104
99	99	0.0010616929179814436	9.436879981017024E-4	0.16801975628878418	0.10784001488900845	8.74171632962412E-4	0.16262008871618458	0.0022423722031227372	0.156035469396378	9.102271708554136E-4	0.24175189902700123	8.579062483425506E-4	0.007934962435085964	0.007942037552603561	0.13978630972204423	0.0011794038015436128
100	100	0.22449246049148863	0.0018449890629840375	0.0014092204980357228	0.26316961563717095	0.0017090787476696603	0.10860246864503333	0.004384025438728748	0.06956230858910765	0.06719626502837024	0.02781168362510002	0.04092729536948109	0.0024301771164208772	0.002444009563655083	0.18171056898863452	0.0023058331981194204
101	101	0.13648032462339424	0.001894563495687332	0.0014470859294063478	0.22993626705795733	0.04205965705619115	0.21899967406640553	0.004501823196147579	0.004257005598570224	0.001827386990355231	0.0016892066782142523	0.0017223466485760057	0.002495475417821234	0.0025096795397381204	0.3075070575397641	0.04267244616177126
102	102	0.0026694229784463837	0.10332658775400266	0.0018123082250719286	0.08606092352103599	0.0021979367146693603	0.005061525193372794	0.005638014329629255	0.0053314085250148685	0.019114235689327366	0.01894118078557411	0.06945961751999234	0.05360222788574793	0.003143084166417144	0.5365479210794708	0.08709360563222705
103	103	0.05698134723135713	0.07470300393177903	0.05606238387600664	0.2185493689894252	0.0203963048393962	0.005426760135186732	0.096243683487122	0.023755885055924415	0.0024537340673878895	0.0022681916830258877	0.002312690562955558	0.18374848412089317	0.003369886191257549	0.25054891206095553	0.0031793637673270918
104	104	0.0015955659658360708	0.0014182221870725224	0.0010832518289074235	0.1922384871620684	0.01137076386070206	0.1639376022126657	0.18439620975330565	0.18421294550829068	0.001367935558765342	0.10183464121139112	0.0012893050227141165	0.0018680496129606765	0.0018786824584136094	0.14973586980499845	0.0017724678519081532
105	105	0.0821857465189791	0.0036691876253720115	0.0028025610105516345	0.15910421822829285	0.0033988985179095703	0.4501543551851329	0.008718648913334398	0.11232149864687659	0.0035390873660556244	0.0032714745399181813	0.02935490304210827	0.030852216021795196	0.0048604784858454556	0.10118104308460443	0.00458568281322378
106	106	0.0023527329918028917	0.0020912317012753267	0.0015973030077549054	0.2834642006189188	0.001937182029318973	0.03412007565214417	0.12360526287111799	0.004698910899793774	0.016846596917192168	0.04635310274837415	0.0019011376078376008	0.017584037336556533	0.01759971594015519	0.4432349269858572	0.0026135826919002833
107	107	0.0036527923252716453	0.09534247679972246	0.0024799312919012483	0.07171643989582065	0.0030076186605128043	0.006926103704734621	0.0077149614876797805	0.007295407397143332	0.0031316690237284694	0.0028948636806320335	0.002951657024995839	0.004276599924763302	0.09639662672599385	0.6881550712414706	0.004057780815629411
108	108	0.18987764206864088	0.0012654967577844284	9.665986682778477E-4	0.22538069125037802	0.0011722744906011069	0.05654354708072926	0.0030070476243271296	0.14642744201925237	0.0012206253930132935	0.1357382542556555	0.010124457623258733	0.0016668831937130778	0.06449433744949574	0.15155911248337264	0.010555589641499916
109	109	0.001207093690141375	0.08476570365576541	8.195126215437195E-4	0.12260890066476755	0.13794570609045043	0.040330955796016976	0.002549469146393212	0.0024108242275852733	0.0010348844340261566	9.566302629729984E-4	9.753980662092466E-4	0.0470638407946253	0.15358996324674254	0.40240019200989946	0.0013409252928603677
110	110	0.23757579942843715	0.0018449890629840375	0.0014092204980357228	0.25008627670022243	0.0017090787476696603	0.10860246864503333	0.03055070331262578	0.23964571476943836	0.0017795703436276555	0.0016450057512029843	0.0016772785586355312	0.015513516053369394	0.04169402637450064	0.03779384068220082	0.028472511072016458
111	111	0.17262699035350773	0.030397903373749313	0.0015292680949021186	0.030026604212309092	0.0018546704395299152	0.11785401259629358	0.01895536083883728	0.16067536366031057	0.016129039417104453	0.0017851392416954796	0.0018201612803390467	0.0026371971840346243	0.0026522079791934895	0.4385538205769728	0.002502260751220465
112	112	0.037585512395174964	0.0024553478865277237	0.0018754184731627835	0.036823136776234264	0.15897856862341714	0.005237783352030763	0.023245913519759378	0.09257489423813052	0.15907238023164072	0.0021892061452166685	0.01964372130911651	0.003234127706448991	0.0032525362004414064	0.18958931666378825	0.26424213647891
113	113	0.0018570328514506203	0.0016506275819626046	0.024670898794647057	0.05986985333353128	0.0015290348204487188	0.1205718098306313	0.08585765481310584	0.01541395845578041	0.001592100436890174	0.0014717116322798779	0.013205651379637265	0.0021741686484205206	0.09582707781385874	0.42007962819576883	0.15422879141158666
114	114	0.0029146252132142944	0.020961849638333183	0.0019787794177094234	0.09396612660946896	0.002399830157060057	0.24435178111867492	0.2082388664873666	0.005821129822594758	0.0024988120547812425	0.002309861038092549	0.0023551774149038695	0.24223769692445873	0.0034317949731689705	0.16329589670245823	0.0032377724277142476
115	115	0.004354614418378632	0.003870608245930077	0.0029564080294377064	0.030600383274251738	0.0035854815762294137	0.008256837063295162	0.009197260490024665	0.00869709619672505	0.0037333661128144137	0.0034510626393148215	0.030966344971727178	0.38936435561039323	0.005127295201910462	0.49100147159110635	0.004837414578461144
116	116	0.0013283760289804452	0.05979095336654093	9.018528808464744E-4	0.0511990986186484	0.02621241911950716	0.10299341874630784	0.01955140436346325	0.05289038543981402	0.0011388641048768423	0.1015274162643063	0.0010734008639499161	0.2276232351769854	0.00156408246180847	0.3507294382462945	0.001475654317669969
117	117	0.0027623806465177153	0.0024553478865277237	0.0018754184731627835	0.08905783439922015	0.0022744757544595024	0.005237783352030763	0.005834347645430752	0.005517064866487376	0.002368287362683072	0.0021892061452166685	0.00223215543478788	0.6126389333079509	0.0032525362004414064	0.25923558016110276	0.003068648363980553
118	118	0.01838197464709107	0.06080925160328005	0.06052562509151417	0.060586556730825934	0.00962786709722807	0.26654176034540555	0.019884383843938126	0.0026982350389653568	0.001158260071065442	0.009586164225685725	0.0010916819273136945	0.035643667413448425	0.0015907203112371334	0.4503730655034216	0.0015007861495795216
119	119	0.0018145539023953917	0.0016128700781529262	0.0012319257714869427	0.21862279876829377	0.0014940587067031948	0.072064503238083	0.015269786640446864	0.18662113387536222	0.0015556817201740774	0.001438046765552954	0.001466259315150272	0.2880573754944366	0.0021365275139156622	0.20459874302470438	0.002015735185141668
120	120	0.0036527923252716453	0.003246792192483204	0.0024799312919012483	0.7624340744501151	0.0030076186605128043	0.006926103704734621	0.030738882639489595	0.12241501315619241	0.0031316690237284694	0.0028948636806320335	0.002951657024995839	0.004276599924763302	0.004300942118754587	0.043485278990795774	0.004057780815629411
121	121	0.0017163989052992156	0.20707972185668524	0.0011652869847507761	0.34743907254403145	0.001413240315017846	0.20880858177795478	0.03608106864494778	0.046702562402073974	0.0014715299435171898	0.001360258238074833	0.0013869446810515955	0.002009517863493804	0.002020955939190077	0.1394381622518973	0.001906697652014075
122	122	0.0029146252132142944	0.0025906707919879134	0.0019787794177094234	0.11233730545581422	0.05751336669609586	0.005526456116186464	0.006155899177568637	0.005821129822594758	0.0024988120547812425	0.020681039884437816	0.0023551774149038695	0.0034123719219702757	0.0034317949731689705	0.07144000247073189	0.7013425685888344
123	123	0.00341678870412326	0.0030370198741279967	0.0023197051654284375	0.08861927167677949	0.002813299128574538	0.0064786143844527576	0.007216504776764151	0.0068240576980195256	0.024465701059205584	0.002707829146357136	0.0027609531239096243	0.15475485710396794	0.04709579482263943	0.3206484968383648	0.3268411064972853
124	124	0.002501092975874191	0.033752388065839384	0.06475659921255582	0.15945726022733414	0.0020593379628712693	0.17815342717199054	0.02104713233324349	0.03652450379230349	0.00214427613193903	0.001982133823390479	0.002021020631622632	0.00292821849149449	0.0029448857654557716	0.2977736142568019	0.19195410915728342
