0	0	0.021404640866967535	0.011724216929007084	0.1858369417501625	0.10054807336949895	0.6804861270843641
1	1	0.07860295707844926	0.0033719541879087592	0.005149900695015377	0.6809399220570901	0.2319352659815366
2	2	0.008382930162794466	0.0045916814180701135	0.007012759369923064	0.8286015023565194	0.15141112669269294
3	3	0.0442926133879787	0.002742730542689829	0.3086497575754794	0.6029796902484739	0.04133520824537823
4	4	0.01974660857860137	0.01081604330699121	0.13271108922857447	0.7511809237633947	0.08554533512243827
5	5	0.02226274138797271	0.04835292556949052	0.0062889345244609065	0.8905276452934919	0.03256775322458398
6	6	0.011635143623529498	0.006373054735663941	0.055375364195248286	0.6251804415776065	0.30143599586795167
7	7	0.007630190177784688	0.004179374249253668	0.05128024113529566	0.529711806709558	0.40719838772810807
8	8	0.041798454122800976	0.017290810047480322	0.5342654348691013	0.2609252212399735	0.14572007972064388
9	9	0.007517682574858003	0.06309798438260522	0.49287587535724625	0.3597055280213625	0.0768029296639281
10	10	0.17405170371749237	0.2647311498734368	0.059839166685586254	0.18033737123977234	0.32104060848371213
11	11	0.2787333830273948	0.03628282899344874	0.022708159040526216	0.4042543582756384	0.25802127066299185
12	12	0.048990170199828764	0.041508462748719624	0.013839085104557954	0.07771057079156632	0.8179517111553274
13	13	0.011635143623529498	0.006373054735663941	0.009733405966859135	0.39697065043566077	0.5752877452382866
14	14	0.14254826273407364	0.002411194970763959	0.12456048055356427	0.24516622427175738	0.4853138374698408
15	15	0.16610555127290286	0.08537472429643429	0.18787812116462846	0.010605769144767834	0.5500358341212666
16	16	0.03092718008394128	0.026204026179147816	0.11115497475160589	0.028574494856906912	0.8031393241283981
17	17	0.04938758976950643	0.005495211920416633	0.008392698747120748	0.7555193695617757	0.1812051300011804
18	18	0.07267070597204461	0.003683268987396896	0.2694103402875461	0.5855365386828113	0.06869914607020111
19	19	0.011375542603365464	0.006230860400598422	0.18801065172417228	0.4327371237998763	0.3616458214719875
20	20	0.08874269392768101	0.005495211920416633	0.008392698747120748	0.7948744737199502	0.10249492168483128
21	21	0.18898234871433167	0.0024535637842938887	0.3112521530629046	0.4603347074055716	0.0369772270328983
22	22	0.010889609004564746	0.0059646942471534075	0.17997932558961352	0.43561041895926	0.36755595219940823
23	23	0.11351838774142639	0.0021848259247420503	0.09721934377645904	0.558561745207404	0.2285156973499686
24	24	0.03949684916215818	0.0016943582136308016	0.06326024600773733	0.24508647034139264	0.6504620762750809
25	25	0.2068401767343389	0.0034986886849975854	0.03040004647274566	0.15528804583776765	0.6039730422701503
26	26	0.3534073107098174	0.0029452115550477964	0.07832275731489934	0.025258432978408	0.5400662874418276
27	27	0.06656522630906532	0.0024753115096023907	0.1810550677676584	0.6328258471661637	0.11707854724751023
28	28	0.16252404951326385	0.18750901915437543	0.3166721787141332	0.07617959284175091	0.2571151597764767
29	29	0.41600810195796933	0.0022554070185383033	0.07613117734474069	0.06780029999611402	0.43780501368263774
30	30	0.15560871399207082	0.003216599189754585	0.016430803283186773	0.004549536128620527	0.8201943474063673
31	31	0.3232664334959786	0.003683268987396896	0.09795010566590705	0.308562313524779	0.2665378783259385
32	32	0.04221936439570447	0.04006075501794655	0.38781849288973214	0.05986732658029338	0.4700340611163235
33	33	0.4485478028579859	0.0019417625274036055	0.20460748533491194	0.06532493036729005	0.2795780189124084
34	34	0.07766519060282058	0.03912299238977434	0.4345836646782054	0.004712369791105657	0.4439157825380941
35	35	0.0046852355509959965	0.0025662994443482723	0.5093443568391777	0.09552519517635963	0.38787891298911853
36	36	0.2778383977453699	0.017329647880049703	0.19542999710142286	0.15436319694561074	0.35503876032754683
37	37	0.005057008351389527	0.022607400773713718	0.12325524679988929	0.23204863417877272	0.6170317098962348
38	38	0.3593410765124211	0.0028259955444036263	0.2370640589730612	0.044474979786488684	0.3562938891836254
39	39	0.1447110313033017	0.00207138683891953	0.11442358744587874	0.09193776393114741	0.6468562304807525
40	40	0.044530246822275486	0.0035430773992082337	0.3987157919145437	0.1445709798454696	0.40863990401850303
41	41	0.09041485901170845	0.03295427833826277	0.3716321626788705	0.01017502574434325	0.494823674226815
42	42	0.05093004495796236	0.0021848259247420503	0.5509848289565732	0.08132563148349078	0.31457466867723166
43	43	0.31769883764405393	0.005720336353425486	0.07018759510016123	0.2743787727655749	0.3320144581367845
44	44	0.448731590891309	0.0032540802469236837	0.03992703447547149	0.0395597087636571	0.4685275856226388
45	45	0.5200691895753826	0.02333598384944699	0.0077803090046028875	0.08017222624396038	0.3686422913266071
46	46	0.005320890826118266	0.16989539682757868	0.004451203370726854	0.06674005880268201	0.7535924501728942
47	47	0.061092998676031116	0.0037830604382160286	0.005777772915751448	0.3846551834567832	0.5446909845132183
48	48	0.22448335148453777	0.002914474421163802	0.40103089408596215	0.2754662118107006	0.09610506819763581
49	49	0.08371164283429994	0.004242871922205265	0.4470800843815436	0.12754593153524874	0.33741946932670247
50	50	0.02539831232329936	0.0028259955444036263	0.06503293802715003	0.11531132370539328	0.7914314303997537
51	51	0.13059505319274595	0.0038350117603683184	0.005857116861472423	0.21141347787739373	0.6482993403080197
52	52	0.24870714086209136	0.001851639213966341	0.0028279619305376547	0.539685383987973	0.20692787400543156
53	53	0.10604229465266729	0.003943315857436632	0.006022526980852199	0.07617959284175091	0.807812269667293
54	54	0.033687344551306043	0.006230860400598422	0.07645164198446941	0.41042532185193575	0.4732048312116904
55	55	0.01602309667955588	0.16591371004773026	0.07625903408461102	0.4838250204453759	0.25797913874272693
56	56	0.00436438210478091	0.0023905545940036688	0.012211261010355953	0.67107890542307	0.3099548968677895
57	57	0.11239029578807953	0.004179374249253668	0.036314511762396404	0.4249517010992631	0.4221641171010073
58	58	0.1333652301435764	0.22738658237067202	0.02266347082656287	0.18039897233247773	0.43618574432671103
59	59	0.13059505319274595	0.03130024685282617	0.019589734407701346	0.6645898569029481	0.15392510864377842
60	60	0.27436584444862755	0.0043758370274519405	0.022352339584725572	0.44492770392144443	0.25397827501775044
61	61	0.45196342043399823	0.0022737706346758414	0.00347267261631596	0.32889764085036544	0.2133924954646446
62	62	0.030304156120614677	0.04219386696397461	0.11037888285775407	0.7350858799724784	0.08203721408517821
63	63	0.014233772650519002	0.007796432526480195	0.011907295013299651	0.7927280657445366	0.1733344340651645
64	64	0.048408686132394345	0.05516868725252038	0.6187570399608925	0.2670459213554078	0.010619665298785047
65	65	0.1356983635464186	0.0032924450898396	0.005028468452289578	0.5705655543823324	0.2854151685291199
66	66	0.005613829062060385	0.003074928943448559	0.07076149281734992	0.48882752153133735	0.4317222276458038
67	67	0.026572721073569772	0.004914929261381452	0.025106092205009395	0.3941438227084077	0.5492624347516317
68	68	0.18085070726314328	0.0028843722252428956	0.004405229045141278	0.6444476334577957	0.167412058008677
69	69	0.09052398434401689	0.02567804506863106	0.3096491165505978	0.3090163572049585	0.2651324968317957
70	70	0.0652030586518305	0.035714441967048795	0.1824339731846233	0.3062906762130045	0.410357849983493
71	71	0.36804853674125315	0.040951678667283255	0.06254446729642076	0.05792177720428966	0.4705335400907532
72	72	0.2300164872673934	0.0032924450898396	0.005028468452289578	0.1461339976379458	0.6155286015525318
73	73	0.3624009707951587	0.0348419341397084	0.27216002153283464	0.01950008755255611	0.3110969859797423
74	74	0.09408553355744695	0.07866845080292553	0.2559093328265295	0.19287292689673163	0.37846375591636644
75	75	0.020734112822914555	0.0038350117603683184	0.005857116861472423	0.3762048884321408	0.593368870123104
76	76	0.39953921019190436	0.13599572873166138	0.010987086301975292	0.11321647613774188	0.340261498636717
77	77	0.033687344551306043	0.006230860400598422	0.29956966146387515	0.47736072769575744	0.18315140588846282
78	78	0.2658406626394666	0.005495211920416633	0.38226618824977915	0.027449942635546117	0.31894799455479145
79	79	0.301428967926593	0.09547806819236072	0.031828038088588244	0.12037189652870824	0.4508930292637498
80	80	0.11848960811800412	0.0038884098050845513	0.04771015480922566	0.10296653758832218	0.7269452896793636
81	81	0.2508358008568307	0.004242871922205265	0.23437661053468634	0.00600108933704458	0.5045436273492332
82	82	0.19925814092389058	0.0038350117603683184	0.43156826079456906	0.00542421468395988	0.3599143718372123
83	83	0.3809979832833505	0.008054831799476117	0.027871363893749473	0.008783488012637366	0.5742923330107864
84	84	0.35718753778025936	0.08020839829608287	0.036866241962604566	0.32505630010733055	0.20068152185372276
85	85	0.047165518077933774	0.0023905545940036688	0.0892533057620311	0.2944289088593248	0.5667617127067066
86	86	0.009300445600668382	0.005094242993207193	0.5550325346917967	0.15313918966891954	0.2774335870454081
87	87	0.17431300886399761	0.026204026179147816	0.04970390527443891	0.04905818468262924	0.7007208749997864
88	88	0.006231341597998631	0.003413166383297134	0.3474302655133641	0.0048275594370799195	0.6380976670682603
89	89	0.2956325631650759	0.08294248256310491	0.19461672851745368	0.09411992382942026	0.3326883019249453
90	90	0.14777535016494286	0.005495211920416633	0.2642008757752555	0.26358056758459353	0.31894799455479145
91	91	0.6027689474084276	0.0035430773992082337	0.018098496060349113	0.005011304698931595	0.3705781744330836
92	92	0.25732018941073287	0.003683268987396896	0.16389634975115283	0.04477733718379584	0.5303228546669216
93	93	0.1817592073152261	0.0059646942471534075	0.11590322622311555	0.051153822760272014	0.6452190494542329
94	94	0.038894133815009134	0.03295427833826277	0.44891325047391945	0.01017502574434325	0.4690633116284653
95	95	0.14207637436470222	0.006094872805660633	0.11843279677457554	0.030445397067352744	0.7029505589877089
96	96	0.2682736669076008	0.0019973131450861906	0.15324427188074446	0.002824986197435314	0.5736597618691331
97	97	0.01497574126105341	0.002769934954385947	0.3414673708124948	0.003917777256503382	0.6368691757155625
98	98	0.10043060079983633	0.00430832881545685	0.23799245495745724	0.006093671123940467	0.6511749443033091
99	99	0.14551442145244906	0.0018892183158750798	0.46967139970744315	0.21915258185107606	0.16377237867315658
100	100	0.006814337884683361	0.003732497829985673	0.03243161015655358	0.15230005098751268	0.8047215031412648
101	101	0.08939720055405917	0.045032864399055086	0.08825282213884597	0.33500703579345403	0.4423100771145858
102	102	0.4757897488191024	0.1086014496284438	0.041967130177545865	0.041421920701848296	0.33221975067305964
103	103	0.3439255823602314	0.005188897517042672	0.08224761205470861	0.1374039358022111	0.43123397226580623
104	104	0.25056238222275257	0.02330074229188404	0.11681240708959527	0.25961114069281616	0.34971332770295205
105	105	0.2311243670020294	0.007584684168670956	0.011583897080148469	0.5810803197824055	0.16862673196674557
106	106	0.1748702744829531	0.004242871922205265	0.17360418943558426	0.0211941946118201	0.6260884695474374
107	107	0.7056508233377837	0.006677844641863549	0.17758561498744074	0.009445098275297145	0.10064061875761479
108	108	0.05017189799744127	0.06628398686492536	0.08583654059080975	0.24034919745618472	0.557358377090639
109	109	0.2889388227238625	0.0021511664391230213	0.35762402681175687	0.12629080551460187	0.22499517851065567
110	110	0.02017986800404859	0.2175809797398294	0.11262479087274496	0.13893452086814745	0.5106798405152297
111	111	0.3852092782526476	0.004057914935760008	0.1515055642009508	0.07839349389414839	0.3808337487164933
112	112	0.24202806351716802	0.005002979929818476	0.5092592772157122	0.04290606324461116	0.20080361609269018
113	113	0.5071603950763446	0.03912299238977434	0.08860141663008882	0.2433208167208412	0.1217943791829511
114	114	0.5397615709793054	0.005287136127423437	0.008074909829704846	0.19680271981057448	0.2500736632529918
115	115	0.904952644825679	0.03674002366409935	0.012249268716814326	0.011343919681467925	0.03471414311193934
116	116	0.7936715028233523	0.019345407896497992	0.0036200454046070663	0.1561287759514715	0.0272342679240711
117	117	0.8332211212184858	0.022917921072282653	0.07930068979657194	0.007076180959682809	0.05748408695297679
118	118	0.531084444481542	0.1319232555532534	0.09865806843706637	0.14155657580576583	0.09677765572237242
119	119	0.36716488496805383	0.17803987865389911	0.05157942103593652	0.07451686844505219	0.3286989468970585
120	120	0.03610397904099165	0.24580171760500358	0.010198903913242713	0.009445098275297145	0.6984503011654649
121	121	0.31391824177872274	0.003074928943448559	0.1258158522310396	0.10344700563550946	0.4537439714112797
122	122	0.00965260628556558	0.005287136127423437	0.8411032829198675	0.007478089562810275	0.1364788851043333
123	123	0.4799233835101176	0.006230860400598422	0.16569884977623173	0.18730730237252996	0.16083960394052224
124	124	0.2508898810848471	0.004517405597448868	0.16866102286538945	0.08727023945233921	0.4886614509999753
125	125	0.4150937089410639	0.002664231742146739	0.10901149045845812	0.022848721608002963	0.45038184725032837
126	126	0.2137113891281194	0.509281881767798	0.23673204633488623	0.009919495932333485	0.030355186836862866
127	127	0.16745290224403017	0.16291562855311492	0.579041709040652	0.007772390556458831	0.08281736960574398
128	128	0.3117826116608793	0.211188030026056	0.28632001150078795	0.0414937118446256	0.14921563496765122
129	129	0.5017031733328579	0.004747809733997903	0.1772633492459834	0.1257237672836459	0.19056190040351492
130	130	0.47659919457658895	0.004668440577151438	0.05728100529998605	0.040037019829547126	0.4214143397167264
131	131	0.03196016776968151	0.020754661295525972	0.07673067547692987	0.0035967044953078664	0.8669577909625548
132	132	0.006906648908696423	0.20698187206572113	0.07351071012491982	0.005350735085440339	0.7072500338152223
133	133	0.009300445600668382	0.02333598384944699	0.0077803090046028875	0.061930485387720585	0.8976527761575611
134	134	0.10912405367726419	0.004057914935760008	0.006197551266538503	0.5288483339908265	0.35177214612961083
135	135	0.08143733958801679	0.009061293360531604	0.27341644021006206	0.045263401403378305	0.5908215254380113
136	136	0.0646544964133588	0.4451200799118573	0.1397888992937236	0.01017502574434325	0.340261498636717
137	137	0.2752278520041317	0.006677844641863549	0.15367322769112673	0.009445098275297145	0.5549759773875809
138	138	0.011906870056402077	0.006521890666345676	0.009960719334760048	0.1259942123539651	0.845616307588527
139	139	0.008667970140460744	0.004747809733997903	0.1772633492459834	0.0067152699613431495	0.8026056009182148
140	140	0.10703577727024688	0.0045916814180701135	0.08922346529280008	0.022936584312324666	0.7762124917065583
141	141	0.009300445600668382	0.005094242993207193	0.26316468099196	0.08017222624396038	0.642268404170204
142	142	0.1857260747896158	0.006094872805660633	0.09660794656211877	0.16139449834209338	0.5501766075005114
143	143	0.23646523596166957	0.018322475971653294	0.12069023577989216	0.06294800761030381	0.5615740446764813
144	144	0.2511042270657445	0.005605514728415113	0.16914140416908616	0.1685086448234469	0.40564020921330735
145	145	0.050633069998721254	0.00936516650445008	0.08137377245968941	0.2479930915821736	0.6106348994549657
146	146	0.1963088614379116	0.004057914935760008	0.5583680004173053	0.09292429518758961	0.14834092802143356
147	147	0.32137354619569086	0.0043758370274519405	0.1947139126572911	0.037527622113562316	0.44200908200600375
148	148	0.1473527712838718	0.09568963720694328	0.2698023620280987	0.01658265309156276	0.47057257638952354
149	149	0.02162501709031024	0.018322475971653294	0.03475414823134844	0.20617482019121	0.7191235385154781
150	150	0.11239029578807953	0.034110832995052194	0.11114315862689272	0.00591127865808378	0.7364444339318919
151	151	0.06287865209252624	0.058747803357211005	0.043470807511643596	0.024991122102146983	0.8099116149364721
152	152	0.4166971038169273	0.004747809733997903	0.31327306047147224	0.0067152699613431495	0.25856675601625934
153	153	0.055119544808059535	0.003413166383297134	0.0663230970555139	0.24926857548738443	0.6258756162657451
154	154	0.18161837858558252	0.02020814305026994	0.4650378579805312	0.10094467247748341	0.232190947906133
155	155	0.03992255326291372	0.0073841337015394535	0.38145867650184456	0.036885574106320006	0.5343490624273822
156	156	0.016624700944798326	0.08015103212261414	0.004696261520922277	0.015360030573605955	0.8831679748380593
157	157	0.09452511277375744	0.19037580767598467	0.16048727888803396	0.06329808051336014	0.4913137201488637
158	158	0.39478978848570173	0.24580171760500358	0.010198903913242713	0.009445098275297145	0.33976449172075485
159	159	0.18828324008977548	0.005002979929818476	0.007640925226715243	0.007076180959682809	0.791996673794008
160	160	0.07339802205293988	0.005839960288571112	0.36442400085891663	0.1755563657805429	0.3807816510190294
161	161	0.08708891729032278	0.18318479654729325	0.08419735559926789	0.4647917899383735	0.18073714062474255
162	162	0.07382311519685092	0.14966125876484673	0.22066961118504413	0.19713646859355394	0.3587095462597042
163	163	0.17106765994178416	0.0032924450898396	0.016818233917411426	0.19329305949843317	0.6155286015525318
164	164	0.0533254322847489	0.004242871922205265	0.0064800314130535165	0.3706356159316571	0.5653160484483353
165	165	0.012803937152913933	0.03212668332668501	0.03582459435968078	0.21082694790753892	0.7084178372531813
166	166	0.2694816451659455	0.0034986886849975854	0.19326786439492288	0.30562757007362357	0.22812423168051052
167	167	0.6475950779332944	0.0038884098050845513	0.005938670350123802	0.25612864727169565	0.08644919463980169
168	168	0.08143733958801679	0.3659801566305998	0.04628625449274597	0.012816232015190285	0.4934800172734472
169	169	0.09431006773605652	0.005839960288571112	0.008919224245934021	0.5519731880766422	0.33895755965279617
170	170	0.2991402393004457	0.31753887949394555	0.12976084039481273	0.08118226016423916	0.17237778064655682
171	171	0.5383397998469874	0.004117749130146405	0.050524110963805026	0.005824116506609625	0.40119422355245166
172	172	0.6049806005925885	0.006373054735663941	0.009733405966859135	0.009014005494353002	0.36989893321053546
173	173	0.017097775220377497	0.00936516650445008	0.24905024635140818	0.14738720724714235	0.577099604676622
174	174	0.07618038751524236	0.2159136118022928	0.12243155549748129	0.01992941680790209	0.5655450283770815
175	175	0.06346333508315775	0.11839832282589591	0.2467942505554694	0.10821308740114771	0.4631310041343293
176	176	0.37750677262679366	0.04057523132947547	0.1290101193002158	0.2770994000370138	0.17580847670650135
177	177	0.08798274878268655	0.009778852947558474	0.48484051733567324	0.00301933726086261	0.41437854367321914
178	178	0.08226740902562756	0.04157772470568678	0.0077803090046028875	0.24434789395011852	0.6240266633139642
179	179	0.3142215306300837	0.05719461830744659	0.11262479087274496	0.018644749793860372	0.4973143103958645
180	180	0.08124297664043154	0.12207821963506404	0.16848458146872267	0.22699999870333018	0.40119422355245166
181	181	0.5176754028542375	0.03601487239239687	0.1550800818510617	0.011740410277842925	0.27948923262446107
182	182	0.6817659262565097	0.0043758370274519405	0.2417216144043544	0.006189154282186762	0.06594746802949714
183	183	0.7264108530815865	0.022833883970103427	0.004272832972948963	0.00395702593991804	0.24252540403544307
184	184	0.20488536565871127	0.003943315857436632	0.09074515927174703	0.0055773992660052155	0.6948487599461
185	185	0.6445718563689393	0.008776520125384414	0.013404158115672667	0.012413450678338324	0.3208340147116653
186	186	0.0431364737567089	0.10823481993554272	0.3745145929172802	0.0334187891470167	0.4406953242434516
187	187	0.02733459510289181	0.003041440036863624	0.30959179860717456	0.10232036915969758	0.5577117970933725
188	188	0.1103054106329634	0.04020395810985359	0.04483159610014184	0.13812320261621502	0.6665358325408263
189	189	0.006636925820768414	0.029670435860421812	0.005552135450638511	0.5518791693669854	0.40626133350118593
190	190	0.045783927313147975	0.11454468813064596	0.04426379071708248	0.2808313756625981	0.5145762181765254
191	191	0.007865619647782431	0.09687330996751074	0.1299999769467277	0.2837886145801021	0.48147247885787703
192	192	0.058614747786948376	0.006521890666345676	0.08002253593057951	0.4529493564677892	0.4018914691483372
193	193	0.2516266393485739	0.008257496224386617	0.01261146598537541	0.27779934891806407	0.44970504952359996
194	194	0.2820099388522669	0.0034986886849975854	0.0930415149043523	0.30562757007362357	0.31582228748475977
195	195	0.16511800203069657	0.027857267988327588	0.1763215542781509	0.26149062628989966	0.3692125494129253
196	196	0.0725212692882518	0.013413639781583315	0.2606477485115337	0.018972161342635577	0.6344451810759957
197	197	0.007517682574858003	0.018862807943261114	0.3159351695998697	0.06480435175906844	0.5928799881229428
198	198	0.06303080014671529	0.10746697781738704	0.3622992038193896	0.03503292742923417	0.4321700907872738
199	199	0.05499656962899869	0.0043758370274519405	0.6961293979593	0.037527622113562316	0.2069705732706871
200	200	0.24689604855491804	0.004445494520971959	0.57986151230887	0.006287677369678633	0.1625092672455615
201	201	0.009133828665133717	0.005002979929818476	0.07930068979657194	0.007076180959682809	0.8994863206487931
202	202	0.3104993729633528	0.003041440036863624	0.44028323454277196	0.004301792207999571	0.24187416024901215
203	203	0.15138404513748768	0.004445494520971959	0.5161868433639163	0.006287677369678633	0.32169593960794546
204	204	0.5286671217965948	0.005002979929818476	0.40176963036092705	0.007076180959682809	0.05748408695297679
205	205	0.08633503746037424	0.0043758370274519405	0.17904467874160332	0.006189154282186762	0.7240552924883837
206	206	0.13334562921255294	0.005720336353425486	0.3159918730088292	0.008090805031184584	0.5368513563940078
207	207	0.008523067644328195	0.004668440577151438	0.9265652410313274	0.006603010762957075	0.05364023998423584
208	208	0.1157225478894398	0.003074928943448559	0.19188108352746724	0.3236644432902683	0.3656569963493762
209	209	0.006010943430078247	0.03866174148520515	0.005028468452289578	0.11076470124258024	0.8395341453898467
210	210	0.261745933302454	0.08104339051248986	0.13835007910982247	0.3829352537220755	0.13592534335315823
211	211	0.2669355609848203	0.003041440036863624	0.2442460806393759	0.047865604186532025	0.4379113141524082
212	212	0.25631992815191507	0.07150206031636198	0.0390177350132941	0.05004578955293321	0.5831144869654957
213	213	0.4828913228960925	0.003413166383297134	0.2129877066856966	0.0414937118446256	0.2592140921902883
214	214	0.6899015920787723	0.005002979929818476	0.043470807511643596	0.007076180959682809	0.2545484395200827
215	215	0.4050841948176438	0.007796432526480195	0.17941461879921025	0.09478088330324239	0.31292387055342336
216	216	0.3535091399357001	0.016438884722681586	0.06973217794097228	0.1335784793028824	0.4267413180977637
217	217	0.10968396733012756	0.07596862797397029	0.03576012632192964	0.31721144241230426	0.4613758359616683
218	218	0.3849944572925109	0.0025901012937913108	0.10597831938113002	0.08713639503970946	0.41930072699285836
219	219	0.2276940646622938	0.002311409821167299	0.12768247766484625	0.061206991588702825	0.5811050562629898
220	220	0.4287478482329952	0.01424262454027339	0.0047485471653895195	0.004397579879515465	0.5478634001818266
221	221	0.14713507804385606	0.22086049992952592	0.1680094096769441	0.12410227514896381	0.33989273720071017
222	222	0.06957560708248503	0.0505908193914838	0.006580002077322519	0.7620410171990473	0.11121255424966141
223	223	0.08703015354877404	0.005389166319501774	0.4134849213344773	0.20060058292963845	0.29349517586760837
224	224	0.2281344767291956	0.002497448214623685	0.15584524985422582	0.14662033630666552	0.46690248889528946
225	225	0.13217058835130446	0.0753135074465379	0.3946986276770808	0.23574702179180565	0.1620702547332711
226	226	0.03996664761984825	0.003179971727288259	0.1528878826617503	0.02727176002324197	0.7766937379678712
227	227	0.17900188343194018	0.11530709788007137	0.01458312310272046	0.09604428631381642	0.5950636092714516
228	228	0.5539048434086429	0.013501196771545165	0.02622040579550933	0.3932901992288419	0.013083354795460671
229	229	0.29638055329426843	0.003008672723654073	0.28470913877041726	0.15508609872156556	0.26081553649009476
230	230	0.007098982893732481	0.15705051948845802	0.3261867178699047	0.061195053129220314	0.44846872661868453
231	231	0.3914333168108892	0.052847150531509964	0.24765761161618374	0.020156549347399477	0.28790537169401764
232	232	0.17462239698525192	0.07069703216724282	0.18494297852912153	0.015705901921323026	0.5540316903970608
233	233	0.19920344714534918	0.10733316082194934	0.21271975790806677	0.13852964582464197	0.34221398829999283
234	234	0.13927786235339046	0.0031091635449039764	0.0047485471653895195	0.026664501870254292	0.8261999250660618
235	235	0.571850108269135	0.07366233946330823	0.004316071810946085	0.003997068975686049	0.34617441148092476
236	236	0.5094043531839442	0.0043758370274519405	0.25739084832004216	0.037527622113562316	0.19130133935499932
237	237	0.42114577158500555	0.017098027949350905	0.03243161015655358	0.005279219674495143	0.5240453706345949
238	238	0.5952172810103	0.35429091190199474	0.005343459100103005	0.004948521601911738	0.04019982638569059
239	239	0.7095224798885783	0.006094872805660633	0.009308545712291668	0.052270247279809515	0.2228038543136598
240	240	0.7481581474714235	0.004914929261381452	0.025106092205009395	0.006951642690047173	0.21486918837213845
241	241	0.5155350173919923	0.07454550943318232	0.20370866899294013	0.0055773992660052155	0.2006334049158801
242	242	0.6748454996820438	0.0023702645905967724	0.06303304697526133	0.03730277281016298	0.22244841594193512
243	243	0.4815683562498325	0.25152461426209344	0.008736525622994247	0.008090805031184584	0.25007969883389514
244	244	0.2511042270657445	0.14611322710992672	0.008561161447358622	0.10829105380279909	0.4859303305741711
245	245	0.6663498613044578	0.0024321948754343374	0.05597063976880847	0.09053342964106431	0.18471387441023504
246	246	0.46207113476362077	0.0027160553002047315	0.023599758304539746	0.03301896342711991	0.4785940882045149
247	247	0.9198633272939043	0.009690127796547111	0.01479948809896942	0.013705651186433543	0.04194140562414564
248	248	0.6558204877121597	0.03516332253280815	0.006580002077322519	0.006093671123940467	0.29634251655376925
249	249	0.4535636944632131	0.08909681277624583	0.010350589634154235	0.0028659816980035426	0.4441229214283833
250	250	0.28905168361882144	0.2832609982956918	0.060938025856581465	0.009919495932333485	0.35682979629657174
251	251	0.3166751760643564	0.006094872805660633	0.1402576469870323	0.00862054685489597	0.5283517572880546
252	252	0.09742456641518027	0.2885282323343397	0.21590326423718756	0.00591127865808378	0.3922326583552088
253	253	0.07766519060282058	0.003331725350314003	0.2436969071344169	0.004712369791105657	0.6705938071213429
254	254	0.2975375050373443	0.04465970502276751	0.05663274162273149	0.26502990416029965	0.33614014415685717
255	255	0.004440403836127226	0.10694421447569707	0.482728053136548	0.020858749907555835	0.385028578644072
256	256	0.02565795745162795	0.05396952748794648	0.3110480466646574	0.08582135791512895	0.5235031104806392
257	257	0.010889609004564746	0.0059646942471534075	0.6285120211550995	0.00843642318260668	0.3461972524105756
258	258	0.01602309667955588	0.008776520125384414	0.35910597594483357	0.07526832664727667	0.5408260806029496
259	259	0.3149583065517633	0.00358860692803599	0.09543273353026346	0.41628459078508545	0.16973576220485181
260	260	0.0063874777531976665	0.2415362687251028	0.10556980859067361	0.15528804583776765	0.4912183990932584
261	261	0.35262880562588744	0.0059646942471534075	0.03046842706778487	0.02979512297143935	0.5811429500877349
262	262	0.17803313679545557	0.06024915899914526	0.37598711699903753	0.16880566863351903	0.21692491857284268
263	263	0.1628476100432663	0.09475822095312926	0.22685060476584384	0.10928223073657475	0.40626133350118593
264	264	0.2438040614953097	0.017812237958118506	0.3122628897168708	0.04727122497618636	0.37884958585351475
265	265	0.06148665914432111	0.03133963748750485	0.010448758677504933	0.6956260214094254	0.20109892328124365
266	266	0.32519784995694534	0.002976603929895363	0.28167448545612805	0.014868872812856683	0.37528218784417466
267	267	0.10173276100153214	0.0037830604382160286	0.14124364733408817	0.03244390996910769	0.720796621257056
268	268	0.06402566816938776	0.005094242993207193	0.39085686698563854	0.3173148573750777	0.2227083644766887
269	269	0.08365330624814264	0.00358860692803599	0.005480788967744306	0.3006320906332751	0.606645207222802
270	270	0.026572721073569772	0.02251457380767057	0.007506447658720281	0.20054773269922743	0.7428585247608119
271	271	0.02704010261632733	0.003008672723654073	0.004595070065358543	0.02580268239615384	0.9395534721985062
272	272	0.09339920279189615	0.002742730542689829	0.5345400688334997	0.0431645710438151	0.3261534267880994
273	273	0.05499656962899869	0.0043758370274519405	0.39841395356123216	0.05319685602925009	0.4890167837530671
274	274	0.010889609004564746	0.0059646942471534075	0.05182712685661754	0.22202342107093334	0.709295148820731
275	275	0.01602309667955588	0.008776520125384414	0.6419529178050561	0.012413450678338324	0.3208340147116653
276	276	0.06001636633730565	0.05450261923449156	0.08193606580218472	0.009445098275297145	0.794099850350721
277	277	0.21775244295958537	0.003683268987396896	0.5200060678114802	0.12391283008609077	0.1346453901554469
278	278	0.5053674039781615	0.002497448214623685	0.20056023812018806	0.11979134334708817	0.1717835663399386
279	279	0.03997403828161307	0.0024753115096023907	0.23423744382256287	0.29600413215176863	0.4273090742344531
280	280	0.10532262551749468	0.006521890666345676	0.29020798571803785	0.4996572341983355	0.09829026389978619
281	281	0.23557114435191223	0.1603401414613717	0.02929885258324045	0.3066311677896015	0.2681586938138742
282	282	0.21721208932097635	0.01424262454027339	0.29421853304499423	0.026664501870254292	0.4476622512235018
283	283	0.007001495276685631	0.0038350117603683184	0.2393116151473641	0.00542421468395988	0.7444276631316221
284	284	0.0074084446231755755	0.03311951752264247	0.5293063978304229	0.07839349389414839	0.35177214612961083
285	285	0.005492866562092044	0.003008672723654073	0.16619934047212317	0.004255446341918552	0.8210436739002122
286	286	0.06705605106020375	0.0513277211053145	0.45428582700952713	0.1508608718777809	0.2764695289471737
287	287	0.21215608419459858	0.2605941628209479	0.3138874560392385	0.00507570135642648	0.20828659558878862
288	288	0.004818062953500917	0.1916404413837844	0.32533291915347196	0.09823335433099467	0.37997522217824814
289	289	0.0906419518119362	0.22666966025362784	0.22871992079866704	0.20043333465955984	0.2535351324762092
290	290	0.14046963907833568	0.08392567854617705	0.5804183450505281	0.018644749793860372	0.17654158753109891
291	291	0.3357049622270769	0.002797684439102932	0.4250330231239594	0.00395702593991804	0.23250730426994282
292	292	0.008523067644328195	0.07153645871033154	0.007129991700100974	0.10690503796272723	0.8059054439825121
293	293	0.01066188500359001	0.02675200597168774	0.07165536129528391	0.008260000315609906	0.8826707474138284
294	294	0.00405219287960775	0.16117764328006298	0.0669731063186127	0.10646208133733534	0.6613349761843812
295	295	0.05445400519022419	0.0033719541879087592	0.02929885258324045	0.27040773995726386	0.6424674480813628
296	296	0.007199223646623322	0.003943315857436632	0.03426340441115048	0.07617959284175091	0.8784144632430387
297	297	0.5164649888563596	0.04907656236795146	0.2757661817287846	0.11067138426837862	0.04802088277852574
298	298	0.6726273642102794	0.005605514728415113	0.008561161447358622	0.28894382686474257	0.02426213274920433
299	299	0.8373307961690339	0.003413166383297134	0.005212843042937763	0.017049610239595146	0.136993584165136
300	300	0.5235947410338727	0.004117749130146405	0.0062889345244609065	0.005824116506609625	0.4601744588049105
301	301	0.18922481183062767	0.02330074229188404	0.00436019470403298	0.14715892830725383	0.6359553228662015
302	302	0.4958273503949619	0.04465970502276751	0.03576012632192964	0.004122212900276446	0.4196306053600646
303	303	0.4749222983692023	0.058747803357211005	0.025555866369179416	0.07873594552953951	0.3620380863748678
304	304	0.02794325239969633	0.0031091635449039764	0.1606170011005613	0.11573218983320958	0.6925983931216289
305	305	0.00983888052735492	0.005389166319501774	0.1626132840148651	0.007622400376090653	0.8145362687621875
306	306	0.04757275164024803	0.002411194970763959	0.3145115027412155	0.15019071317793178	0.4853138374698408
307	307	0.02185907376950435	0.0111415298421229	0.5262747279699908	0.07311475970768719	0.3676099087106948
308	308	0.296030256072198	0.03896639152328572	0.37722422423496593	0.1128670858618664	0.17491204230768403
309	309	0.22968375088188014	0.004747809733997903	0.12625970753642507	0.04071769776771536	0.5985910340799815
310	310	0.035440101076921596	0.6958448128997443	0.06250428184144875	0.06205915412660177	0.14415165005528358
311	311	0.02794325239969633	0.3927802983828334	0.0047485471653895195	0.015531040874884878	0.5589968611771959
312	312	0.010889609004564746	0.0059646942471534075	0.009109727278952205	0.371534319592762	0.6025016498765676
313	313	0.03348470374822954	0.1266871584298179	0.16625284123738326	0.003768271348361245	0.669807025236208
314	314	0.005212100654252986	0.07441538428532145	0.00436019470403298	0.004037930725629103	0.9119743896307635
315	315	0.055756745431401335	0.0028259955444036263	0.014435549513646742	0.11531132370539328	0.811670385805155
316	316	0.043362242137128616	0.008020343574481002	0.04096894880643267	0.04006359977108627	0.8675848657108715
317	317	0.011375542603365464	0.006230860400598422	0.009516236140647671	0.47736072769575744	0.49551663315963096
318	318	0.11533343128941953	0.008426219440536157	0.022569664458207787	0.08164301428712356	0.7720276705247129
319	319	0.3892126775812244	0.003683268987396896	0.0847608568488579	0.018398839549697524	0.5039443570328234
320	320	0.08392875363361965	0.006677844641863549	0.29714755146901073	0.033357485571611147	0.5788883646838949
321	321	0.05021017439043516	0.06990992951712045	0.1828839230913001	0.19366641680079547	0.5033295562003488
322	322	0.30186798721129754	0.014566986492133881	0.24398400078051527	0.0955938486123157	0.34398717690373765
323	323	0.28413586805342406	0.0028843722252428956	0.004405229045141278	0.014408152637082842	0.694166378039109
324	324	0.06573476825633381	0.003331725350314003	0.017018882551168155	0.004712369791105657	0.9092022540510784
325	325	0.6817659262565097	0.020045070943139717	0.0066831056690377965	0.006189154282186762	0.285316742849126
326	326	0.015075526341212505	0.008257496224386617	0.42657591374825776	0.011679346784782593	0.5384117169013605
327	327	0.35394983033644817	0.006373054735663941	0.009733405966859135	0.009014005494353002	0.6209297034666758
328	328	0.39953921019190436	0.03295427833826277	0.08826817409702427	0.01017502574434325	0.4690633116284653
329	329	0.16111231048377697	0.04315206217697628	0.36779170730045685	0.007478089562810275	0.42046583047597963
330	330	0.045783927313147975	0.36992906011800314	0.0077803090046028875	0.0072052628190012015	0.5693014407452448
331	331	0.259272265264598	0.09536197809866764	0.10857618219209983	0.26946750049174556	0.26732207395288904
332	332	0.10842024600676829	0.10388297231585306	0.2051682195379936	0.24390301550550625	0.3386255466338787
333	333	0.1892464831931239	0.10324452852552252	0.3358555830614311	0.006494443127749264	0.3651589620921732
334	334	0.08259197640769494	0.4856583188145214	0.0688474688409084	0.017698547894071416	0.34520368804280394
335	335	0.005552689113625581	0.003041440036863624	0.026427020746713638	0.05875655718116514	0.906222292921632
336	336	0.3376517810129847	0.005094242993207193	0.15371423585452124	0.025447003675240998	0.4780927364640459
337	337	0.03872061336513373	0.09687330996751074	0.006580002077322519	0.006093671123940467	0.8517324034660926
338	338	0.008116040011342163	0.004445494520971959	0.022708159040526216	0.10179968078710896	0.8629306256400506
339	339	0.013847188405232375	0.19770221544086833	0.011583897080148469	0.3638031411856085	0.4130635578881422
340	340	0.019010325865581434	0.19684545107933332	0.01590313151251474	0.08930080405415218	0.6789402874884184
341	341	0.34951771037195306	0.005002979929818476	0.09721563093903612	0.09665088667200368	0.4516127920871887
342	342	0.04843451703806448	0.024686984574856557	0.008230737972026867	0.026920218631445433	0.8917275417836067
343	343	0.01602309667955588	0.04020395810985359	0.13911391005354937	0.0438408886628075	0.7608181464942337
344	344	0.06957560708248503	0.2048657879782403	0.2997024423921599	0.2837886145801021	0.1420675479670127
345	345	0.6601599247399779	0.02251457380767057	0.060305381297587626	0.11254950996778186	0.14447061018698198
346	346	0.29322149688944193	0.024294172641564294	0.4308974664378106	0.03618644152452562	0.21540042250665767
347	347	0.4201172867726656	0.21055723461064876	0.008736525622994247	0.028574494856906912	0.3320144581367845
348	348	0.1892464831931239	0.0045916814180701135	0.05633918292364927	0.1873579961580787	0.562464656307078
349	349	0.08902737218051772	0.0494223565749092	0.013354430611226209	0.0036977172385174923	0.8444981233948293
350	350	0.19655887309436787	0.0037830604382160286	0.18188340965958918	0.46593470810778526	0.15183994870004172
351	351	0.0652030586518305	0.035714441967048795	0.31032217876430196	0.05051426505364712	0.5382460555631716
352	352	0.057809859460600854	0.0316648775919182	0.04836096993931308	0.38494850787941054	0.4772157851287574
353	353	0.07476456466819134	0.040951678667283255	0.5024704254060135	0.05792177720428966	0.3238915540542223
354	354	0.19309126423150916	0.29149085312640616	0.05454576760494461	0.05051426505364712	0.410357849983493
355	355	0.2845844723114383	0.0316648775919182	0.5019101956409879	0.04478658860315442	0.13705386585250126
356	356	0.057809859460600854	0.0316648775919182	0.6152975020664067	0.04478658860315442	0.25044117227792
357	357	0.0652030586518305	0.1636026475467275	0.05454576760494461	0.05051426505364712	0.6661342611428503
358	358	0.2845844723114383	0.0316648775919182	0.04836096993931308	0.49833581430482926	0.13705386585250126
359	359	0.05192250632549609	0.02844012807508984	0.1452758401602692	0.65126521828569	0.12309630715345501
360	360	0.04712345597555165	0.02581148750570722	0.039421234701726954	0.5910706168516322	0.29657320496538214
361	361	0.514690522777784	0.040951678667283255	0.06254446729642076	0.05792177720428966	0.3238915540542223
362	362	0.397971778736857	0.0316648775919182	0.27513558279015055	0.04478658860315442	0.25044117227792
363	363	0.057809859460600854	0.0316648775919182	0.38852288921556927	0.04478658860315442	0.4772157851287574
364	364	0.397971778736857	0.25843949044275566	0.04836096993931308	0.15817389502857312	0.13705386585250126
365	365	0.5113590851622757	0.0316648775919182	0.1617482763647318	0.15817389502857312	0.13705386585250126
366	366	0.05192250632549609	0.23212002593462966	0.1452758401602692	0.04022552470707056	0.5304561028725346
367	367	0.0652030586518305	0.035714441967048795	0.05454576760494461	0.43417888179268316	0.410357849983493
368	368	0.153762455255266	0.02844012807508984	0.043435891230499304	0.65126521828569	0.12309630715345501
369	369	0.35744235311480577	0.02844012807508984	0.1452758401602692	0.14206547363684047	0.3267762050129948
370	370	0.2556024041850359	0.02844012807508984	0.043435891230499304	0.5494252693559201	0.12309630715345501
371	371	0.057809859460600854	0.25843949044275566	0.27513558279015055	0.04478658860315442	0.3638284787033387
372	372	0.22140655070472223	0.040951678667283255	0.06254446729642076	0.05792177720428966	0.6171755261272841
