0	0	0.04381533462944104	0.20293648018509242	0.007692211865031054	0.003407475697469673	0.0023825148119491503	0.004068539037454424	0.011709533538758175	0.0074007795614708235	0.088165876911058	0.15675176818894934	0.004936525336013071	0.1910961518509378	0.005564311292293474	0.13023112500177295	0.003163157007285086	0.005713775109968169	0.00368444661130859	0.11909079424725591	0.00488348038550117	0.0033057187309897436
1	1	0.0016282881395379737	0.4974340313173605	0.014119041167565535	0.0010417627234441448	7.284028822231245E-4	0.0012438686829798183	0.003579939119934351	0.0728665025741253	0.0034202045572623396	0.2597351144187314	0.0015092369058464193	0.12902742881711118	0.0017011690179493202	0.004513441215670141	9.670675160024585E-4	0.0017468643794372313	0.0011264406490211069	0.0011075236575457106	0.001493019548184478	0.0010106527100673026
2	2	0.002197066660635127	0.5918042740532601	0.0031732132434984877	0.0014056616224085714	9.828418258313056E-4	0.001678365362507972	0.08421925288378085	0.03480851180041026	0.004614918713002249	0.11229696939623586	0.017914190075653192	0.110587052270443	0.0022954056119959144	0.006090034668249257	0.0013048745774166942	0.0023570628536308297	0.017397678978344912	0.0014943935565045665	0.002014547298688432	0.0013636845475024266
3	3	0.0013307585634904885	0.2815175754183643	0.001922008454830552	8.514062294538613E-4	5.953051856439998E-4	0.010633707789314467	0.06062854630517725	0.04031769190980303	0.002795246365153486	0.19304066484157895	0.0012334610122265595	0.04774808936461902	0.030241698723736988	0.003688720935023359	0.08734448913755016	0.22262155417174267	9.206113485380838E-4	0.01052227646105014	0.0012202069774757197	8.25980805226867E-4
4	4	0.0049452477343609235	0.653029352917029	0.007142398491686476	0.0031639208213575984	0.0022122206847480794	0.0037777335822724	0.010872575554734925	0.00687179678675425	0.010387448282127612	0.07407105125738264	0.0045836791462281826	0.1059606141515656	0.040904907557739185	0.013707699763935694	0.002937065207538885	0.005305373726482458	0.003421094787955842	0.0033636422972307223	0.04027274014905494	0.0030694370998146656
5	5	0.0019773008904971187	0.6612139423402822	0.0028558065554064754	0.0012650576459626492	8.845312034693862E-4	0.015800041012659565	0.004347275299677745	0.03132672422416815	0.032732417367542614	0.1296433661891696	0.0018327318153579446	0.013788028081382108	0.07351358998481114	0.005480867371227841	0.0011743520167782338	0.0021212931600785518	0.001367885722629894	0.0013449139996396123	0.0018130383747636	0.015516836744495506
6	6	0.0030093585159442155	0.462635598927687	0.004346402623245224	0.0019253579555516761	0.023094245690949998	0.002298884775334528	0.006616347571132715	0.04767779389252936	0.006321130431859048	0.19731107690897007	0.0027893312153431053	0.12972488216589792	0.09013617899768342	0.00834162113496976	0.0017873082743210306	0.0032285079457439855	0.0020818574289924326	0.0020468955521536804	0.0027593587293923546	0.0018678612622985379
7	7	0.016502674135473083	0.3228783550262167	0.002897206351685155	0.0012833968183847062	8.973539948298312E-4	0.001532380718084184	0.004410296484160032	0.0027874408465514084	0.004213511914213455	0.3489734016719689	0.0018593003949578589	0.17345170689601178	0.0020957506503522455	0.020057030799550245	0.0011913762560993581	0.0021520449294896663	0.0013877155637450713	0.08834466416384983	0.001839321464288184	0.0012450709200882643
8	8	0.3816832788326913	0.05428022312795116	0.038810323391745255	6.607661111505374E-4	4.620091782956011E-4	0.03810763306760362	0.032125613602928066	0.06860875046900926	0.009633092167744585	0.09010665163867636	9.572742224678738E-4	0.13408527364075917	0.001079012342353618	0.002862771850892411	6.133886607656255E-4	0.12052775841609759	7.144753698181939E-4	7.024767576481016E-4	0.023338193405495356	6.410337459062753E-4
9	9	0.2306102182778269	0.18965855022891456	0.0028558065554064754	0.0012650576459626492	8.845312034693862E-4	0.001510483675951454	0.09008461931992641	0.01703716688746004	0.004153302694126399	0.14393292352587772	0.05899096116219039	0.07094625742821455	0.0020658033012705937	0.005480867371227841	0.0011743520167782338	0.10214819451703532	0.001367885722629894	0.07279270068318017	0.0018130383747636	0.0012272794077873952
10	10	0.007961704363839724	0.06485139098420002	0.0013977553130963896	6.191739572380895E-4	4.3292784901983805E-4	7.392960771133199E-4	0.1000427330258936	0.022326582238109773	0.10694172217901937	0.08443485694423365	8.970182618103636E-4	0.11165737372578338	0.10592000963972786	0.016670429156603973	5.747786970338414E-4	0.0010382526713938443	6.695024678387197E-4	6.582591125071557E-4	0.08481451232499518	0.2873517210105419
11	11	0.002129445024351297	0.2811972586655906	0.018464620132536674	0.016751470471558283	0.016341664283994358	0.0016267083899962303	0.020070850480041067	0.002959025363730966	0.08141824260764685	0.12422974949406299	0.001973752029314621	0.15335060545833393	0.033002902298012976	0.036680739710903146	0.10898822050327142	0.09461895186973632	0.0014731381854600194	0.0014483988949162655	0.0019525432697942418	0.0013217128667476737
12	12	0.004195540080354234	0.038583466478873535	0.03637992667041173	0.0026842652441533433	0.0018768444065924439	0.003205022985440443	0.06986493026802731	0.005830021141823084	0.03913302159909286	0.06284175860089292	0.15549042330829646	0.5447017238217325	0.00438332910800937	0.01162959003437806	0.0024918013128488433	0.004501070382390455	0.002902451216311935	0.0028537086172549498	0.0038469993136090526	0.002604105409506428
13	13	0.04650542051335155	0.20165922694324306	0.004346402623245224	0.0019253579555516761	0.0013462146922463352	0.024046915774038193	0.09360847156594737	0.0041817318951220235	0.006321130431859048	0.15381501491156271	0.0027893312153431053	0.3689532231516382	0.0031440550028687675	0.00834162113496976	0.0017873082743210306	0.02497653894444765	0.0020818574289924326	0.023794926550857347	0.02450738972809602	0.0018678612622985379
14	14	0.009648775293501274	0.12097292752846546	0.001693937166596868	0.017702232877927472	5.246644867226263E-4	0.09413116545476417	0.002578609951577945	0.027057545123856424	0.10417469643974714	0.20403759466496083	0.018038951894219116	0.3048359423762037	0.009701270979057704	0.02020286331012802	6.965732759884008E-4	0.018210113622852322	0.017763225910003323	0.026225528640474186	0.001075413557568963	7.279674453839753E-4
15	15	6.069529136875384E-4	0.036286013781673336	8.766192935341009E-4	3.883224995699496E-4	2.7151598108991553E-4	4.636585522225225E-4	0.11976527244285375	8.43407106383955E-4	0.01882020748271193	0.25472539654919923	0.12776606155050493	0.2103897507333635	0.2067914928660947	0.014841390070675663	3.6047947062785415E-4	0.005037479916681283	4.198866388681313E-4	4.128352314326807E-4	5.565308393268484E-4	3.767260794981984E-4
16	16	0.0027142144193035094	0.06419091130638911	0.003920127365884599	0.0017365276678041228	0.001214184122567659	0.0020734206883198593	0.08442778151792889	0.003771606788379077	0.005701182917737836	0.021039040404807103	0.0025157663883467914	0.4308434000461985	0.21860162175692646	0.12521401565726042	0.021227101018238385	0.0029118706770053433	0.0018776783898519513	0.001846145413724685	0.002488733466506844	0.0016846699868189202
17	17	0.0026117548394748256	0.5902573611953041	0.003772145467355548	0.0016709750372018025	0.0011683495731126955	0.001995150596236321	0.06236606653009731	0.022503860329561136	0.005485967494032371	0.03911946114292237	0.002420798074397858	0.055961432403313124	0.0782271704955385	0.007239506111649547	0.0015511648114903045	0.11604972310900642	0.0018067974242549157	0.0017764547945725614	0.0023947856252934338	0.0016210749451848277
18	18	0.001774451840023208	0.3625558135910113	0.0025628326074932013	0.15501857155458887	7.937881528792454E-4	0.02700274066187832	0.01672490116338601	0.002465735410543076	0.003727220092392243	0.15481422431966338	0.02729192973100888	0.02519713784987626	0.001853874889088846	0.004918591418503474	0.001053876578431723	0.14296335894618825	0.001227555881417648	0.06532498027402062	0.0016270408290379743	0.0011013742085674288
19	19	0.0029453039542466546	0.04837103517978797	0.06810925346372848	0.0018843764775056551	0.022602681865094097	0.0022499527335398846	0.027760639325247072	0.1530885738366998	0.006186584402497437	0.10797080059584215	0.1304406890584301	0.23338927986612268	0.003077133410079218	0.09330455478010642	0.001749265200515271	0.08830027482643919	0.00203754484063701	0.0020033271315952035	0.002700625443530564	0.0018281036083551874
20	20	0.0026117548394748256	0.09951700984359133	0.003772145467355548	0.0016709750372018025	0.0389176073693983	0.001995150596236321	0.10011532432638291	0.41887106719056	0.024360596392175173	0.1901164923280648	0.04017005587068346	0.037086803505170324	0.0027286549029672865	0.007239506111649547	0.0015511648114903045	0.021676578618292426	0.0018067974242549157	0.0017764547945725614	0.0023947856252934338	0.0016210749451848277
21	21	0.061547694204617295	0.010971849833368437	0.0017231477204566496	7.633154265158289E-4	5.33711894471826E-4	0.216463625349475	0.0026230759603291785	0.3034309767170686	0.0025060360115083924	0.04373636515414603	0.0011058408854282226	0.18938334226695994	0.13057780675297426	0.0033070671747625576	0.017952763013947937	0.001279954157360413	8.253602332877235E-4	0.009433588417524268	0.0010939581802765555	7.405206455208354E-4
22	22	0.12532108404627743	0.12805997690487084	0.004080194062396074	0.001807433590301735	0.0012637617059766694	0.0021580826314358367	0.026627116504404715	0.10600564474479804	0.0059339736999434595	0.0423141139335179	0.0026184901973948693	0.2238595254621016	0.0029514878547937146	0.04866272760694514	0.1650058962256945	0.1051108038762634	0.0019543477806452693	0.0019215272495870606	0.002590353466904818	0.0017534584557469658
23	23	0.03953167735941838	0.20981906196545083	0.024617816522963753	6.811003207974889E-4	4.7622690425300614E-4	8.132363924547045E-4	0.010033971754411493	0.17073457824601976	0.017622959744688825	0.2544414235936545	0.039453842136834706	0.08435761923643202	0.0011122175307112093	0.03372455714195607	6.32264891571944E-4	0.06268946746705373	7.364624113935699E-4	0.023804359991787045	9.761302361284691E-4	0.02374102615201846
24	24	8.286792725496537E-4	0.04954168078976163	0.0011968576508766908	0.07239456952850466	0.04828029611667054	6.33037955832247E-4	0.09165241238016414	0.06702720232816231	0.07360502202815217	0.19806181839033385	7.680909237579899E-4	0.2932360648049439	8.657702958385854E-4	0.026251806870141718	0.06037915703025039	8.890258843288636E-4	0.006561974753947418	5.636483350710469E-4	0.006748536535068635	5.143481256435061E-4
25	25	0.0016878733366441838	0.015522198109831145	0.002437787674425409	0.01327780714467562	7.550578877200703E-4	0.0012893865239871382	0.04030470977463394	0.002345428013769382	0.1255245867131566	0.2570418783297325	0.01376238796847885	0.38990539888092174	0.026159265998265797	0.004678605032769065	0.04979414575417112	0.0018107887278612882	0.0011676613558914614	0.0011480521204339665	0.0015476547579497716	0.04983932589468077
26	26	0.00142681132867387	0.03374395139841529	0.002060737020520246	9.128598431122974E-4	6.382736930636563E-4	0.011401237727004038	0.003136974082323329	0.001982662554104124	0.02361956348644005	0.47506740769772543	0.011633770518628718	0.2367975290414054	0.06335835172767652	0.12769032388881843	8.474070736745225E-4	0.0015307154954436518	9.870601155137749E-4	9.704838246926792E-4	0.0013082802444815548	8.855992382823262E-4
27	27	0.0707800550878612	0.3589503094199162	0.0017381340669931702	7.699540387268626E-4	5.383536273344607E-4	9.193280720775607E-4	0.0026458890510853744	0.0016722819526821865	0.12428689399841367	0.11369335095723629	0.001115458467558029	0.008391829369373252	0.0012573131351798817	0.0990036640473325	0.20944456967334743	0.0012910860158339163	8.325384538933459E-4	8.185571377459518E-4	0.0011034724176175895	7.469610097911037E-4
28	28	0.043002512305006776	0.0037342236431389523	0.08495139700082492	0.014915219336955738	8.481712292348917E-4	0.0014483929918423994	0.18229670310303225	0.0026346649626131026	0.04508906630939071	0.12431418228268631	0.0017573946409046527	0.09543423325757412	0.12530035932498987	0.032659895688489336	0.0011260785257981487	0.002034094241214255	0.08352463937284035	0.0012896293039921288	0.1524623122220026	0.0011768302574683923
29	29	0.0010983691719598872	0.0101009379760625	0.2873433507047371	0.008640419705862582	4.913474778656951E-4	0.07227830257276807	0.0024148642192682378	0.0015262672674818546	0.026120196308029676	0.05614009419891351	0.0010180626206834655	0.10291142692535235	0.1360883279665568	0.24117537995143837	0.008590033713878157	0.0011783553140128657	0.04044831527201721	7.470851215618636E-4	0.001007123128296339	6.81740383253434E-4
30	30	0.0015550911669989593	0.0030627605063038746	0.0022460109992939923	9.949320209360819E-4	6.956587477712494E-4	0.0011879526447680258	0.003419008938665861	0.0021609171185180995	0.003266454976351691	0.20310582729347837	0.0014413916825903846	0.2018955422046081	0.1589613475127197	0.34146051494769797	9.23594611733629E-4	0.06909833059820407	0.0010758033918605756	0.0010577367821277732	0.001425903349143883	9.652205062275894E-4
31	31	0.001774451840023208	0.17020169517307052	0.015386440502022588	0.001135276820236238	7.937881528792454E-4	0.0013555248728195433	0.0039012932688566237	0.015289343305072462	0.0421980437759804	0.19328504800325153	0.07858636130912643	0.012373529955346872	0.001853874889088846	0.3768032203598557	0.026701092367490496	0.0019036721063649955	0.001227555881417648	0.05250137237949123	0.0016270408290379743	0.0011013742085674288
32	32	0.001269704047685229	0.020852482498435552	0.047713311386477296	8.12344151238455E-4	5.679928910903423E-4	0.15696018656528996	0.011967456216793617	0.0017643500717643577	0.0026670019051417302	0.046545607746423724	0.0011768704578373178	0.2107235729514286	0.10226139909998305	0.19621331580928486	7.540984360431655E-4	0.0013621672475965805	8.783741751905825E-4	0.05591900353700001	0.0011642245113576187	0.1384265362939379
33	33	0.042049078418002414	0.0018668710368690484	0.08357141096987175	0.014306846290660875	4.2403092409141964E-4	0.06237588837296824	0.00893421660417131	0.06981914623026844	0.001991030697972152	0.4731609770988719	8.785840027235073E-4	0.12306314497623332	0.03524130677614481	0.07112942882386222	5.629666527647053E-4	0.0010169159611428536	0.0075059421570645175	6.447314960216773E-4	8.691432641933052E-4	5.883392461015318E-4
34	34	0.21095750348477194	0.0031696243821875704	0.03721573622067953	0.0010296465511055784	7.199312267738431E-4	0.0012294019267882516	0.038429661652079214	0.0022363144531359963	0.0033804260290846975	0.23345337149430723	0.0014916837970247634	0.1740485931713658	0.0016813836517285364	0.12076547733543498	9.558200827595247E-4	0.0017265475554646957	0.0011133396340533373	0.16392098393540083	0.001475655054578059	9.988983612755444E-4
35	35	0.0012468226165269192	0.002455623920515564	0.0018007801538042238	7.977048368192366E-4	5.577570489194153E-4	9.524626313183443E-4	0.06581501311322935	0.12788007565788992	0.1197559235160927	0.12680164085807483	0.010166199207005242	0.13484181000296058	0.03734477827955599	0.03048767109196661	0.12688802984209777	0.208579975573973	8.625449287945411E-4	8.480596959690638E-4	0.0011432439347752164	7.73883089711438E-4
36	36	0.0018211595109878089	0.1878429517865226	0.09475837639645977	0.0011651599283473261	8.146824905130002E-4	0.027713515165603917	0.01716513919230016	0.0025306392617740594	0.0038253291341602234	0.04043889842302606	0.0016880066117756789	0.18379424320037568	0.19931999626224176	0.14982076371500708	0.014242771917770517	0.06775955552123576	0.0012598679875603352	0.0012387102709939856	0.0016698683017112724	0.001130364921632931
37	37	0.020764706328907815	0.13859356478114	0.0019406721423574841	8.59673820465271E-4	6.010859042147729E-4	0.0301579919614179	0.04179625515711164	0.0018671465345315322	0.02224341505798065	0.15607313783587756	0.0012454385510615174	0.33952712905532645	0.0014038229973161983	0.061987616558964766	7.980345307241813E-4	0.001441531301811853	0.16600826700526936	9.139404516128666E-4	0.0012320558128377874	0.010544514211070341
38	38	0.001370293414669212	0.0026988003285983225	0.011881944395202881	0.020682372112428703	6.129908144019516E-4	0.00104678344306073	0.003012714323617617	0.0019041266261358052	0.0028782889636278113	0.6146947243024516	0.11020130060730329	0.10858362947356262	0.011334462592148879	0.0037983073297360712	8.138401407841103E-4	0.031178589609306636	9.479613379775148E-4	9.320416563102121E-4	0.001256457505997746	0.07017037102267826
39	39	0.0010101668261290996	0.031190622021605226	0.0014589792873599275	0.007946568033332688	0.01505243728189614	7.7167845732982E-4	0.002220943364204335	0.0014037034184651944	0.08972512521107587	0.3582433520466405	9.363091322942263E-4	0.2990549807932225	0.008355654329225535	0.17800663260058042	5.999549462848454E-4	0.001083729840564213	6.988277735458611E-4	6.87091940817856E-4	9.262481140261622E-4	6.269945813995478E-4
40	40	0.0017087161233177465	0.040410972817627414	0.014816439856677846	0.0010932197557647952	7.643817570758298E-4	0.07539660282632286	0.003756767335088183	0.00237439064662096	0.0035891428120929953	0.14907903119561666	0.3843888047392906	0.24653757632136675	0.02648229497733769	0.029433477099666063	0.001014835038594044	0.014181698382873047	0.0011820802794086703	0.0011622288983454603	0.0015667660486277828	0.001060573088284478
41	41	0.10098231510711035	0.006650078524369015	0.004876695216997703	0.002160265568272824	0.0015104626330792955	0.0025793653648985048	0.007423589885937919	0.004691933467609115	0.007092354117909438	0.343391698411211	0.22274268420814172	0.145552257170247	0.052330549010582775	0.03376080758294973	0.0020053728262693494	0.05242530582404002	0.002335859110736995	0.0022966316317535817	0.0030960204757932153	0.0020957538620905262
42	42	0.008757990113949218	0.0020966730585339796	0.0015375510888618834	6.811003207974889E-4	4.7622690425300614E-4	8.132363924547045E-4	0.05619450262261524	0.03225298564140853	0.0022361161219542447	0.38522959438689847	9.867330799982498E-4	0.038197088368228285	0.0011122175307112093	0.11835219706699625	0.0314059521370411	0.31657238724217435	7.364624113935699E-4	7.240945576851755E-4	9.761302361284691E-4	6.607607179165865E-4
43	43	0.0027142144193035094	0.005345660052282231	0.12161062987409837	0.0017365276678041228	0.02082926787393662	0.0020734206883198593	0.0059674465124530405	0.003771606788379077	0.005701182917737836	0.3348803804267105	0.35558727391298806	0.018926641267450316	0.10091111924871267	0.007523513149046653	0.0016120172668694218	0.0029118706770053433	0.0018776783898519513	0.001846145413724685	0.002488733466506844	0.0016846699868189202
44	44	0.0015727664388130668	0.025829707875048635	0.0022715393128439998	0.001006240485854278	7.035656523422832E-4	0.06939786246969713	0.0034578696264558925	0.024917614074070928	0.04876785337510705	0.4895660397302865	0.0014577746383430974	0.19282423273610425	0.04710743385984509	0.027091676802372785	9.340922508141343E-4	0.024419435266756488	0.035186234783518844	0.0010697590902268971	0.0014421102634467927	9.761912680518281E-4
45	45	0.0024284132442859005	0.0047827730845757515	0.0035073460471279176	0.0015536748893429568	0.001086333041072554	0.0018550937702940908	0.005339086714131926	0.12622205586552798	0.005100860126254799	0.4751147269738007	0.002250861381304708	0.22752957613327218	0.0025371070842100324	0.024280958672829176	0.0014422751765823254	0.0728038804122192	0.03677927458481538	0.0016517501129174334	0.00222667497032664	0.0015072777151083822
46	46	0.0014122492320102211	0.07422372809474953	0.0020397050514798357	0.0111095853792736	0.010837801667066004	0.0010788339911130614	0.05413516910370457	0.012168469638627553	0.11523288122459406	0.07218320300807983	0.021721077987774586	0.44870765012940667	0.021887544825758394	0.07535689994051914	8.387584013011559E-4	0.0015150929484668814	9.769861382989294E-4	9.605790258018424E-4	0.07273722343690964	8.765607750644128E-4
47	47	0.0018211595109878089	0.3326156553961884	0.0026302922812178925	0.0011651599283473261	8.146824905130002E-4	0.0013912054183919495	0.004003984318694181	0.0025306392617740594	0.0038253291341602234	0.2641785312743277	0.0016880066117756789	0.32856694681004145	0.001902673158152021	0.04453152472615925	0.0010816170441645347	0.0019537811532058624	0.0012598679875603352	0.0012387102709939856	0.0016698683017112724	0.001130364921632931
48	48	0.0014122492320102211	0.2375204036509594	0.022451789496006066	9.035431570104849E-4	6.317594448028888E-4	0.011284876213376177	0.013311000214652107	0.19587722963936363	0.0029664167796997895	0.1946557096752372	0.0013089935432483576	0.00984783457209272	0.0831237981593371	0.003914604384677324	8.387584013011559E-4	0.0015150929484668814	9.769861382989294E-4	0.21528746569332727	0.0012949278810678233	8.765607750644128E-4
49	49	0.296234569352412	0.03342878459341344	0.002939824126229669	0.0013022755276023814	9.10554031553495E-4	0.001554921969217948	0.1221548103255458	0.0028284439754743445	0.004275492484115258	0.28055701053269544	0.0018866506197689945	0.16129321884590475	0.0021265790477379815	0.03506202363890228	0.0012089013470030822	0.046313565880434636	0.0014081287969941287	0.0013844812479890869	0.0018663777999317684	0.00126338585707347
50	50	0.001370293414669212	0.12153283157473627	0.0019791084580247204	8.767002380723804E-4	6.129908144019516E-4	0.00104678344306073	0.06242972994668659	0.0019041266261358052	0.0028782889636278113	0.11955292744354352	0.0012701052983435154	0.6334339341440052	0.0014316266549707184	0.04340965107844871	8.138401407841103E-4	0.0014700817977721522	9.479613379775148E-4	9.320416563102121E-4	0.001256457505997746	8.505194624311269E-4
51	51	0.0018454477344318112	0.16367479131673535	0.0026653716503032524	0.001180699294623017	8.255476510033975E-4	0.001409759481259338	0.004057384180272466	0.002564389590328638	0.0172130273262506	0.08098826210434346	0.015047200015195779	0.45297906834549206	0.0019280485031052128	0.24517564243152612	0.0010960422256442504	0.0019798381091855203	0.0012766704450096627	0.0012552305547268276	0.0016921388025593947	0.0011454402380037586
52	52	0.007441267492445459	0.35476605758852736	0.0013063875143337928	5.787000910371106E-4	4.046284290731934E-4	6.909701258064127E-4	0.021598915348868312	0.0012568928398078094	0.0345836867157691	0.1508198320193585	8.383824023981006E-4	0.1958731364646374	0.14475354545214345	0.015580724540784937	0.05283122305563017	0.014043888723031675	6.257387517008496E-4	6.152303466268347E-4	8.293736462349703E-4	5.614184517845332E-4
53	53	0.0018960209886119991	0.05854287873166532	0.002738414368035356	0.0012130555648241466	8.481712292348917E-4	0.0014483929918423994	0.0041685740653215645	0.0026346649626131026	0.003982574992995933	0.09690985473842312	0.0017573946409046527	0.7394359305477589	0.015683049147937125	0.04636205946062093	0.0011260785257981487	0.002034094241214255	0.0013116567400507878	0.0012896293039921288	0.015440674500686683	0.0011768302574683923
54	54	0.0029453039542466546	0.388932979438333	0.004253888915251297	0.0018843764775056551	0.0013175603489350334	0.0022499527335398846	0.027760639325247072	0.004092723223586354	0.006186584402497437	0.022830314531205903	0.024015081477634776	0.2121041583499636	0.003077133410079218	0.050734311747788294	0.001749265200515271	0.0031597887618029395	0.00203754484063701	0.21485454229318582	0.02398574695968963	0.0018281036083551874
55	55	0.0040720734789292425	0.4200127981973367	0.005881276942276242	0.002605272527918618	0.0018216125184809357	0.003110705379620336	0.038380881875185895	0.005658454935129626	0.09683753091919226	0.2964169203843949	0.003774346461469824	0.08725132286085667	0.004254336239980932	0.011287353771582216	0.0024184724365584275	0.004368612617181473	0.0028170377103945727	0.002769729511423137	0.0037337895904652613	0.002527471641622831
56	56	0.0011629893462096138	0.38890629858244463	0.018489082093554283	7.440691356921828E-4	0.12659061943412095	0.00929311237136916	0.027771010449850555	0.001616061900556219	0.0024428486367789486	0.16029926687156737	0.026292031050761982	0.10056130713872687	0.0012150438217515436	0.028437755459927903	0.07633293754702802	0.0012476812999049603	0.02601862245823666	7.91038258600991E-4	0.0010663750389497601	7.218491039673482E-4
57	57	0.0020059652458937613	0.22140139279916143	0.002897206351685155	0.0012833968183847062	8.973539948298312E-4	0.001532380718084184	0.004410296484160032	0.06077427640486868	0.004213511914213455	0.29098656611365165	0.0018593003949578589	0.39090234023970155	0.0020957506503522455	0.005560321909970925	0.0011913762560993581	0.0021520449294896663	0.0013877155637450713	0.0013644108263739076	0.001839321464288184	0.0012450709200882643
58	58	0.006595142728393803	0.10831271946343356	0.0095253342210619	0.00421950739761815	0.0029502892365217605	0.00503810799847677	0.062161794309034415	0.009164451013093478	0.013853037842459831	0.28943065573578186	0.00611294313538445	0.23663606082067146	0.006890336056664271	0.06594280788343729	0.003916965395227415	0.007075418428586379	0.004562482938349434	0.004485862433819169	0.14903258211905454	0.00409350084293015
59	59	0.0018454477344318112	0.5504385402505227	0.029338733645736872	0.001180699294623017	8.255476510033975E-4	0.028083121476692962	0.004057384180272466	0.055911113581195875	0.03054970832396741	0.13433498609521072	0.015047200015195779	0.13289872440028863	0.0019280485031052128	0.005115384472623539	0.0010960422256442504	0.0019798381091855203	0.0012766704450096627	0.0012552305547268276	0.0016921388025593947	0.0011454402380037586
60	60	0.0020971715000782307	0.27693547850724715	0.0030289351238947265	0.001341749682013199	9.381544507267791E-4	0.0016020542608173205	0.00461082170411914	0.0029141788540493737	0.004405089828857642	0.334528678494878	0.001943838162885266	0.13587061027886016	0.13859358314292627	0.005813135927814154	0.0012455451734649857	0.01740573127707081	0.06207416439443228	0.001426447195596673	0.0019229508398928815	0.0013016812003748828
61	61	0.001107157448912328	0.17820706345316586	0.009600267434611157	7.083484373887621E-4	4.952788497810794E-4	8.457707480573071E-4	0.0024341860430259097	0.01754088932114431	0.002325574239858657	0.4086423042823311	0.0730370536918586	0.08773243227663902	0.04116273812404323	0.0030689224719004783	0.016659969373063722	0.0011877835764880836	0.15278882107014274	7.530627028004359E-4	0.0010151813269445073	6.871951278426358E-4
62	62	0.06714992049407949	0.47868569342989525	0.007947035137513546	5.863659486439411E-4	4.0998841426931066E-4	7.001231891583001E-4	0.06824842560737303	0.021143569462163513	0.021795121267844143	0.033597533015817846	8.494881896899919E-4	0.07262430205729131	9.575189844724919E-4	0.002540432845711226	0.11314114248441157	9.832390485374676E-4	6.340277156113582E-4	0.1065968572251751	8.403600973749744E-4	5.68855384966131E-4
63	63	0.0036432217044529594	0.5074231767495608	0.005261888302573986	0.0023308973840580017	0.0016297687894811883	0.0027831004066683532	0.008009953266665605	0.031391366121914024	0.0076525543447259654	0.13355550744118294	0.0033768499069834748	0.15704892049597283	0.08279278915993499	0.036427455602923715	0.002163770206525784	0.003908530724609537	0.0025203604458214914	0.0024780345255788552	0.003340564296354618	0.0022612901240109604
64	64	0.0011930715389901676	0.2437682515436445	0.0017231477204566496	0.10422838285330518	0.09537669036902875	9.114015436638236E-4	0.0026230759603291785	0.0016578633889329476	0.02837230286820573	0.10409098781977316	0.0011058408854282226	0.04280783007900835	0.0012464724694875506	0.0033070671747625576	0.06968529672734262	0.2858088895810312	8.253602332877235E-4	0.009433588417524268	0.0010939581802765555	7.405206455208354E-4
65	65	0.0015908481266590118	0.04912014662225564	0.02529113590596396	0.0010178089717490432	7.116543641756707E-4	0.001215267811684572	0.06098132709366836	0.2551388983683307	0.060825265384675274	0.29974986251328917	0.0014745342952824634	0.057080195161783136	0.0016620532199558603	0.0044096614895025865	9.448312671624764E-4	0.1626610669493931	0.0011005398570281717	0.012578798480427346	0.0014586898311305726	9.874142858828617E-4
66	66	0.012243057250409665	0.15349911594253945	0.002149388816548612	9.521305815948076E-4	6.657318833539759E-4	0.0011368475622142383	0.03553652081871925	0.012822820895992647	0.20746837392290624	0.25889751566724756	0.0013793837892155537	0.24698443112331206	0.0015548022692693302	0.01487997486566647	8.838620692903254E-4	0.0015965660511080865	0.011784388177054845	0.0010122335158074453	0.03362915755751274	9.236972402366275E-4
67	67	0.002346067876268315	0.2758935926619447	0.0033884150119363765	0.0015009911334609351	0.0010494964382961238	0.0017921891639296511	0.022112605407577195	0.12194197640761863	0.08970070668164333	0.13686731577100347	0.0021745366415857853	0.25372337222035896	0.019405638454903132	0.006503050160712777	0.0013933688874745078	0.0025169147310487405	0.0016229966656522584	0.001595740712029295	0.05301485772575325	0.001456167246802646
68	68	0.0013979813750703161	0.6493409337769755	0.03232789188869639	8.944147225875427E-4	6.253768225471479E-4	0.0010679346054393317	0.0030735888151675167	0.0019426011470367636	0.10396576006543345	0.12196859746388876	0.0012957688714361855	0.07036593025052573	0.001460553906395599	0.003875055405594221	8.302844828130757E-4	0.0014997860685271316	9.671157144831007E-4	9.508743619160595E-4	0.0012818453136740557	8.67704941792017E-4
69	69	0.002661999084318534	0.29380883148632064	0.04232018097443587	0.001703120810468092	0.0011908259714052398	0.0020335327726727303	0.025090380351866438	0.022936783608284512	0.005591505077349423	0.28996257277424337	0.0024673687437918052	0.05703800355347593	0.02201888202814328	0.007378777804430016	0.001581005707505313	0.17599545877558237	0.001841556112472949	0.0018106297593522692	0.021678589862118767	0.020889994741762553
70	70	0.013863483023809096	0.2276814330460456	0.020022964582899982	0.008869719971922829	0.006201728519044095	0.010590479628029207	0.0304801245003004	0.019264361102537333	0.029120121105233387	0.2076504185073192	0.012849863433289501	0.1968608473621738	0.11467261540345909	0.03842809767696157	0.00823375406688249	0.01487305844781048	0.009590680197095683	0.009429618168937011	0.012711786481687337	0.008604844774562057
71	71	0.01540709890821236	0.030344365047005592	0.022252401884473295	0.009857310220012383	0.006892253882425895	0.011769666167890776	0.033873903989657436	0.021409332445574806	0.03236247235394826	0.11942703352593603	0.014280618841145763	0.21878012482538126	0.01609670836671989	0.042706836423904534	0.0091505333166628	0.01652908451501667	0.01065854505248908	0.34451159963212485	0.014127167847147683	0.009562942754270833
72	72	0.0015908481266590118	0.06061688726964056	0.0022976546111941063	0.0010178089717490432	7.116543641756707E-4	0.001215267811684572	0.0034976238567437255	0.0022106041258622934	0.2102828938006793	0.36873030639759874	0.01297127494266739	0.2180345642251721	0.0016620532199558603	0.07339010537381215	9.448312671624764E-4	0.0017066978860041417	0.0011005398570281717	0.0010820578330424182	0.03594891177328535	9.874142858828617E-4
73	73	0.14512884813572308	0.0021805526137305214	0.0015990623964550043	0.02471196355185722	4.952788497810794E-4	8.457707480573071E-4	0.0024341860430259097	0.009539684282988155	0.178352085079294	0.49665555970204883	0.0010262083484532363	0.0237227919713898	0.00115671293326247	0.0030689224719004783	0.016659969373063722	0.08920103899620577	7.659253451758443E-4	7.530627028004359E-4	0.0010151813269445073	6.871951278426358E-4
74	74	0.0016878733366441838	0.1496993444950507	0.002437787674425409	0.01327780714467562	7.550578877200703E-4	0.20865406730114464	0.052502632173290265	0.002345428013769382	0.00354536272659339	0.4888024039042027	0.0015644655698225278	0.036165649319888436	0.0017634212009531526	0.016876527431425387	0.0010024561595458365	0.01400871112651761	0.0011676613558914614	0.0011480521204339665	0.0015476547579497716	0.0010476363000554807
75	75	0.04185549072758224	0.2703682392984698	0.0026653716503032524	0.001180699294623017	8.255476510033975E-4	0.001409759481259338	0.0440674271734229	0.002564389590328638	0.17725319929885233	0.014304857115759411	0.001710519017478968	0.41296902535234165	0.0019280485031052128	0.01845206547034035	0.0010960422256442504	0.0019798381091855203	0.0012766704450096627	0.0012552305547268276	0.0016921388025593947	0.0011454402380037586
76	76	0.003376522046634256	0.29946745770579736	0.05367959174723576	0.002160265568272824	0.0015104626330792955	0.1001851584253746	0.056226486416175975	0.004691933467609115	0.05589525064814749	0.12377866402513969	0.1007354428825466	0.0479464641097709	0.003527652480344722	0.10696515237830681	0.0020053728262693494	0.028023857558921002	0.002335859110736995	0.0022966316317535817	0.0030960204757932153	0.0020957538620905262
77	77	0.0029453039542466546	0.26122225034137864	0.004253888915251297	0.0018843764775056551	0.0013175603489350334	0.0022499527335398846	0.006475517809088011	0.004092723223586354	0.006186584402497437	0.10797080059584215	0.0027299599614757117	0.25467440138228176	0.003077133410079218	0.008164068715470168	0.001749265200515271	0.2160110039233936	0.00203754484063701	0.08714381319623146	0.02398574695968963	0.0018281036083551874
78	78	0.0026117548394748256	0.024018494251020126	0.04152140326364115	0.0016709750372018025	0.0011683495731126955	0.001995150596236321	0.005742179835668905	0.0036292314314183343	0.005485967494032371	0.4166120391057784	0.002420798074397858	0.037086803505170324	0.02160328380111009	0.08273802170422075	0.0015511648114903045	0.34254526988672	0.0018067974242549157	0.0017764547945725614	0.0023947856252934338	0.0016210749451848277
79	79	0.0029453039542466546	0.00580079214746985	0.1319646180122057	0.0018843764775056551	0.0013175603489350334	0.0022499527335398846	0.006475517809088011	0.004092723223586354	0.0274717059186565	0.3633922587897509	0.0027299599614757117	0.16953391531764547	0.003077133410079218	0.02944919023162923	0.001749265200515271	0.23729612543955264	0.00203754484063701	0.0020033271315952035	0.002700625443530564	0.0018281036083551874
80	80	0.001870392563390249	0.003683748320358091	0.0027013993517043724	0.0011966587506434755	0.041387563374147625	0.041979671967833566	0.004112227648611995	0.002599052322044115	0.0039287427168707995	0.3524220221445924	0.0017336400214093797	0.20227987150742638	0.001954109842711961	0.2620066221683921	0.0011108573761033009	0.0695913608779964	0.0012939271384899923	0.0012721974462333518	0.0017150113620018736	0.0011609230990385162
81	81	0.0020354729040362005	0.004008874948575863	0.032359733771067246	0.10427195928453391	9.10554031553495E-4	0.001554921969217948	0.004475171746195499	0.0028284439754743445	0.004275492484115258	0.2952669653551142	0.06072646990944415	0.16129321884590475	0.1345161724495071	0.020352068816483493	0.0012089013470030822	0.13457329481494737	0.03082803844183171	0.0013844812479890869	0.0018663777999317684	0.00126338585707347
82	82	0.06852885272301586	0.0036346193441336	0.0026653716503032524	0.05452742328549026	8.255476510033975E-4	0.001409759481259338	0.017394065177989276	0.002564389590328638	0.0038763463285337906	0.34772188205867965	0.001710519017478968	0.13289872440028863	0.0019280485031052128	0.05846210846349078	0.0010960422256442504	0.29538682005895533	0.0012766704450096627	0.0012552305547268276	0.0016921388025593947	0.0011454402380037586
83	83	8.595653414496106E-4	0.001692918612263736	0.019877185723061387	0.019185660909575408	3.8452031736143396E-4	6.566321913438529E-4	0.026737458298122983	0.0011944312335127306	0.0018055092503006932	0.3855891555239353	7.967187777160475E-4	0.24825823649057113	0.21210285940774962	0.06450168841740492	0.012934323186612596	9.221611582844229E-4	5.946425068067432E-4	5.846563195700283E-4	7.881577139598179E-4	5.335186203975391E-4
84	84	0.01674542772645499	0.13639846835034497	0.07648959823832362	0.016012230350021167	9.10554031553495E-4	0.001554921969217948	0.004475171746195499	0.0028284439754743445	0.004275492484115258	0.2217171912430203	0.10485633437670051	0.19071312849074232	0.1345161724495071	0.005642113994064703	0.01591885616942187	0.0021837014131782747	0.03082803844183171	0.0013844812479890869	0.0018663777999317684	0.030683295501911047
85	85	0.0011629893462096138	0.17878902426532203	0.01008439112086938	7.440691356921828E-4	5.202548438473803E-4	8.884213986842563E-4	0.027771010449850555	0.1529004994088845	0.0024428486367789486	0.10146643006277306	0.026292031050761982	0.3863208002100136	0.0012150438217515436	0.10407997421409203	6.907187928638875E-4	0.0012476812999049603	8.045495401819441E-4	7.91038258600991E-4	0.0010663750389497601	7.218491039673482E-4
86	86	0.019978069170815356	0.12763036457028196	0.09125562567977522	0.0015536748893429568	0.001086333041072554	0.35284821230088326	0.005339086714131926	0.0033744643798217836	0.127948451611961	0.036373328810564265	0.07244948508742255	0.0871323287210365	0.0025371070842100324	0.05938027052588809	0.0014422751765823254	0.002605256706101378	0.0016799627317564618	0.0016517501129174334	0.00222667497032664	0.0015072777151083822
87	87	0.0027142144193035094	0.024960743803651195	0.02353521111725356	0.0017365276678041228	0.001214184122567659	0.11976392319653362	0.0059674465124530405	0.003771606788379077	0.12339168542595161	0.021039040404807103	0.0025157663883467914	0.48968865130030537	0.0028357004918678603	0.14482909940862937	0.0016120172668694218	0.0029118706770053433	0.0018776783898519513	0.021461229165093645	0.002488733466506844	0.0016846699868189202
88	88	0.013555107438031394	0.015152539117241707	0.002379732099467614	0.012961598011267578	7.370762889705653E-4	0.013166110533484314	0.0036225669964516684	0.0022895719713051446	0.0034609304055649276	0.22710560054883017	0.08487922203317871	0.26154555024319776	0.0017214255699192764	0.07601176812671827	9.78582805306266E-4	0.0017676650457515	0.10830672879754873	0.16782473940592604	0.0015107975747949184	0.0010226869870433402
89	89	0.001356856685522222	0.0026723366175062445	0.021571164628095156	8.68103551030048E-4	6.069799911326154E-4	0.0598709072937893	0.05201182939620531	0.10974850053989767	0.0028500652351934356	0.343912445474355	0.001257650986953485	0.17615900728580225	0.0014175885085441764	0.19987568990830704	0.020417322618968354	0.0014556665705448121	9.386658837310994E-4	9.229023061860087E-4	0.0012441370211934972	8.421794970422621E-4
90	90	0.0026117548394748256	0.005143865352877324	0.003772145467355548	0.3036650374074866	0.0011683495731126955	0.05861903729066473	0.005742179835668905	0.022503860329561136	0.005485967494032371	0.4166120391057784	0.021295426972540662	0.11258531909774153	0.0027286549029672865	0.007239506111649547	0.0015511648114903045	0.0028019497201496237	0.0018067974242549157	0.0017764547945725614	0.0023947856252934338	0.02049570384332763
91	91	0.0017087161233177465	0.0033653256928220703	0.38527291110473133	0.0010932197557647952	7.643817570758298E-4	0.001305308576712174	0.003756767335088183	0.00237439064662096	0.01593769185369478	0.186124678320422	0.013932333491237162	0.22184047823816316	0.001785196894134123	0.029433477099666063	0.03806048216339939	0.001833149341271263	0.0011820802794086703	0.08760207218955794	0.0015667660486277828	0.001060573088284478
92	92	0.001774451840023208	0.0676128320168354	0.15644612734184585	0.2319602189217652	7.937881528792454E-4	0.0013555248728195433	0.0039012932688566237	0.015289343305072462	0.10631608324862733	0.09069618484701643	0.00164471394195011	0.1790804325842289	0.001853874889088846	0.10750745457473855	0.001053876578431723	0.027550887895423766	0.001227555881417648	0.0012069408013736793	0.0016270408290379743	0.0011013742085674288
93	93	0.0028250412611818183	0.005563934119775212	0.024496201193245342	0.001807433590301735	0.0012637617059766694	0.022574089762285105	0.18995517355119887	0.00392560909055169	0.3121740806626825	0.14439414958776425	0.02303449732824414	0.20344351833125232	0.023367494985642983	0.028246720476095874	0.0016778391789003385	0.003030768222017047	0.0019543477806452693	0.0019215272495870606	0.002590353466904818	0.0017534584557469658
