0	0	0.09535992667029396	0.2291206166793516	0.028658606431597705	0.635491613539685	0.011369236679071805
1	1	0.0032638638788192596	0.6213788317582866	0.2739161774336536	0.0740200034933202	0.027421123435920312
2	2	0.053780822598047485	0.7475202894538021	0.1427833899178617	0.05146419806353238	0.004451299966756284
3	3	0.05176708172121682	0.760797007146393	0.12457136452196174	0.05038341102167182	0.012481135588756525
4	4	0.08796980444888242	0.7925930225009423	0.02643764620627054	0.08251137356701503	0.01048815327688973
5	5	0.003985878834415556	0.847322933362713	0.09854804612249722	0.0461513652899716	0.003991776390402522
6	6	0.0061695530115660055	0.4669248973284836	0.10688346644275126	0.4138434016581254	0.006178681559073797
7	7	0.004045541068366653	0.6205115821672635	0.0850547515186739	0.22646299311988238	0.06392513212581342
8	8	0.5558889038125403	0.1475999550427387	0.020350048036106877	0.19823927804264596	0.07792181506596815
9	9	0.5349013697273703	0.34590274751936684	0.03955743602328002	0.060899017814775906	0.018739428915206822
10	10	0.05873464024796487	0.138165794773953	0.0829664265536982	0.2423835944579949	0.47774954396638913
11	11	0.06798994970043765	0.4371262908533962	0.21784513561766855	0.20904230707677307	0.06799631675172454
12	12	0.04123269131221989	0.014761601115347625	0.08706631533451131	0.6858547930285372	0.17108459920938393
13	13	0.0061695530115660055	0.6267152459051322	0.03840188848133042	0.32253463104289765	0.006178681559073797
14	14	0.002333806677384847	0.2802477741382498	0.24767231211325558	0.4674088472642861	0.0023372598068236525
15	15	0.0011969142084339388	0.1880131751330229	0.23330628909121892	0.5674278308020712	0.010055790765253106
16	16	0.005537522542099486	0.19371583473828757	0.03446786545571491	0.7607330613344484	0.005545715929449633
17	17	0.025001713198388977	0.717508971177991	0.09215757535310055	0.12063998461804339	0.04469175565247613
18	18	0.10909583884709763	0.4808866380120395	0.23325277668712463	0.16000290056881297	0.016761845884925238
19	19	0.006031862523676758	0.4118687057271616	0.059862586343909785	0.49387831678848454	0.0283585286167673
20	20	0.005319541604340458	0.5994159416136998	0.15120409013524613	0.2387330141823345	0.005327412464379081
21	21	0.19568386361563767	0.3994007935085094	0.3750396397039178	0.027497369414377942	0.0023783337575571393
22	22	0.005774131383095092	0.47972683217810697	0.1213971880956862	0.25913431868759923	0.13396752965551254
23	23	0.002114682591146592	0.6216757830330153	0.22441804276685604	0.1496736801071249	0.00211781150185714
24	24	0.09265525651768938	0.2029931072022887	0.10729061175117838	0.5954186711964884	0.001642353332355207
25	25	0.015916720245107496	0.0056983007377260945	0.29674298912986247	0.6782504249512145	0.0033915649360894366
26	26	0.002850748807504134	0.18410763557979856	0.49239074252897946	0.3177959062727581	0.0028549668109596996
27	27	0.028989871551631064	0.5447760130007081	0.20993557678697788	0.20503445522732594	0.011264083433356945
28	28	0.2439048977143224	0.06291385455037032	0.2638465257741662	0.1571785419263504	0.2721561800347907
29	29	0.0021830042766295067	0.04405848518080628	0.4659033800102376	0.4210524041454394	0.0668027263868872
30	30	0.003113468229966774	0.06283757450200504	0.19217585846803248	0.7272352688510649	0.01463782994893074
31	31	0.003565246680716236	0.2830167777000744	0.338783368853506	0.3710640849015757	0.0035705218641275635
32	32	0.29277251920405944	0.022983112926639983	0.16555301096792924	0.4974318566443692	0.021259500257002156
33	33	0.0018794031754800474	0.07269978072972308	0.5679977939172488	0.3555408382137125	0.0018821839638356222
34	34	0.20607096415834897	0.005426329498098986	0.44962958114891144	0.33564343450183864	0.0032296906928019255
35	35	0.10358001297349936	0.4728976681422502	0.14412886165556782	0.27690583247994555	0.002487624748736981
36	36	0.0036618561425028427	0.34488094640861594	0.28021968610228043	0.3675702370761232	0.003667274270477571
37	37	0.0026810738377726667	0.17314965239583505	0.11588719431167684	0.6460775996740874	0.06220447978062805
38	38	0.0027353425218911882	0.1968958420802317	0.5736643807944786	0.22396504483462984	0.002739389768768613
39	39	0.031676836963711374	0.01079144436619469	0.31661679103216694	0.5943991436164385	0.04651578402148858
40	40	0.32065861223837105	0.031148934251092567	0.3131975728353143	0.3315602796174021	0.003434601057819932
41	41	0.21311068788692206	0.08902339291793132	0.3783372832445241	0.3125538844053691	0.006974751545253493
42	42	0.3072613287016694	0.08180094760670581	0.3496064104019423	0.2592135017878254	0.00211781150185714
43	43	0.29237926151227117	0.050294965253201714	0.5466852564738787	0.10509480083119888	0.005545715929449633
44	44	0.003149752608301641	0.05191587770076501	0.4974196406639918	0.4443603160054351	0.0031544130215064177
45	45	0.023177017088864105	0.026543250168381386	0.3773630255679649	0.5679781044179875	0.004938602756802194
46	46	0.0028209938120166895	0.0047466747661030805	0.01755904999478893	0.8676720444127239	0.10720123701436732
47	47	0.030759409394329515	0.3990760529122693	0.00924415358401367	0.5572531098389099	0.003667274270477571
48	48	0.3159492014862881	0.43268855858760735	0.1428103330644975	0.09528913214952112	0.013262774712085902
49	49	0.42959106916040973	0.0828898638939624	0.20791410370914448	0.27549186990352775	0.004113093332955557
50	50	0.012856041801774874	0.08556815000151116	0.006905221120992137	0.8818104980270696	0.0128600890486523
51	51	0.017447018525202317	0.1573296985886288	0.03684085535576317	0.7846647837345635	0.003717643795842149
52	52	0.03494703857698259	0.5268625123222582	0.1238817640093112	0.3058828918575586	0.008425793233889329
53	53	0.0038170033185323366	0.09115948918516914	0.009635814060976695	0.8915650424311199	0.003822651004201833
54	54	0.13993831016854216	0.5011396708237386	0.01522710379562131	0.3376541278694749	0.0060407873426230625
55	55	0.008497144452719452	0.4858858540325849	0.3044035795782913	0.09838603576533766	0.10282738617106678
56	56	0.0023138267219890117	0.6802203059775976	0.022963330378670887	0.26650198271217473	0.028000554209567603
57	57	0.004045541068366653	0.3959855625754821	0.24970716588598035	0.3462102035688325	0.004051526901338357
58	58	0.01437051703240286	0.18369185800304944	0.24895979856536543	0.32590382455658196	0.2270740018426004
59	59	0.0037121512505988107	0.6380500531997516	0.13298492627798772	0.2215352254758197	0.003717643795842149
60	60	0.0042357482052711665	0.5713250432054754	0.24577535710894563	0.17442183600921524	0.004242015471092592
61	61	0.002200780112980267	0.44341599764326933	0.2905548561542038	0.2453386663428825	0.018489699746664093
62	62	0.10933778759247058	0.7355465203356601	0.03146541705436122	0.10839114167867228	0.015259133338835771
63	63	0.007547939089436063	0.822588769796828	0.04698154220135715	0.1153226417982196	0.007559107114159194
64	64	0.13417644062932763	0.6014966118920996	0.17294382132032762	0.06264446826369797	0.028738657894547166
65	65	0.0031868926755875913	0.7482220330736107	0.06700225261789823	0.1548143663618302	0.026774455271073184
66	66	0.0029763222189994228	0.28031598832933013	0.1066244245326284	0.5850779025686427	0.025005362350399324
67	67	0.00475769141179015	0.4128822273717748	0.13523390821438958	0.44236144205076217	0.004764730951283291
68	68	0.0027918535421585173	0.8104211572382974	0.14133513250705285	0.04265587230904542	0.0027959844034456498
69	69	0.025503681024594934	0.6315279547801702	0.23454921439644022	0.10298477707801927	0.005434372720775399
70	70	0.03461741758841633	0.18633171677108443	0.08738975874965253	0.6569924689400376	0.034668637950808955
71	71	0.18660160357537883	0.06680472100659657	0.10022722032856311	0.6066050315073104	0.03976142358215092
72	72	0.0031868926755875913	0.04073661619237577	0.432536384673203	0.5085570748024477	0.014983031656385936
73	73	0.059200601775005496	0.011845919345078285	0.5755539644643298	0.32676698300291857	0.0266325314126677
74	74	0.003386554148375448	0.243771456575635	0.32180332132332656	0.3274057742427171	0.10363289370994581
75	75	0.0037121512505988107	0.21226916768704282	0.14671979355259124	0.6335812437139249	0.003717643795842149
76	76	0.006964446862898988	0.19209651342994286	0.19795932234850394	0.4156270049173806	0.18735271244127366
77	77	0.02834960379782099	0.6127283771944597	0.17145129271463097	0.18142993895046525	0.0060407873426230625
78	78	0.12341257116863158	0.10736165176248683	0.4661188356400225	0.29777952896448007	0.005327412464379081
79	79	0.13993831016854216	0.010149362792565363	0.39462870545607337	0.44924283424019607	0.0060407873426230625
80	80	0.017689988164734247	0.006333143452744668	0.2740983028336369	0.6981091493214555	0.003769416227428618
81	81	0.12567388871733842	0.06769400487180882	0.35987269393068017	0.44264631914721697	0.004113093332955557
82	82	0.09985622217282336	0.2534737695108533	0.2703335990240228	0.3726187654964583	0.003717643795842149
83	83	0.033186564534277235	0.07212992875850589	0.38840939570761196	0.5045697069071219	0.0017044040924831263
84	84	0.0041070165401098846	0.20445673607119094	0.2535016807756052	0.5034297552358312	0.03450481137726269
85	85	0.0023138267219890117	0.24360413932517516	0.04008553299249138	0.7116792506715076	0.0023172502888368657
86	86	0.004931306334506182	0.22724606846631856	0.614557265374618	0.1483267570677552	0.004938602756802194
87	87	0.026026218182826032	0.009317573971748618	0.1574000393000742	0.8017104526159016	0.005545715929449633
88	88	0.3700187443979166	0.005558990586956622	0.05723549282841676	0.5638781230959466	0.003308649090763305
89	89	0.00270793631280026	0.12478800524621243	0.417627212170747	0.3619912303684869	0.09288561590175336
90	90	0.08404822798053455	0.008950793792244225	0.4070723208578769	0.45523690171686826	0.04469175565247613
91	91	0.05418618037555685	0.018459770829053795	0.6304266583862835	0.2934927893512858	0.003434601057819932
92	92	0.05633054276390692	0.03238162130491862	0.32559204483270837	0.5293599731511478	0.056335817947318255
93	93	0.005774131383095092	0.13790055272296553	0.3350386127551496	0.5155040282789554	0.005782674859834493
94	94	0.05850100711890475	0.03748683266192556	0.19795932234850394	0.6990780863254122	0.006974751545253493
95	95	0.005900183749290189	0.09724992913184884	0.2113694857663374	0.6795714876178424	0.005908913734681209
96	96	0.0019331743822003692	0.010405504701015283	0.49841629321868164	0.4873089929669994	0.00193603473110339
97	97	0.38955742728966725	0.004511241916804095	0.006768222825245037	0.5766382541827216	0.022524853785561943
98	98	0.035031061658780206	0.022447537419367353	0.24198296071016664	0.6346405355205744	0.06589790469111126
99	99	0.3874655220203813	0.13838797198691916	0.2887696180627092	0.17678007904060636	0.008596808889384048
100	100	0.13728951739734022	0.006079165505279474	0.06259122555389514	0.7102158731286716	0.08382421841481352
101	101	0.031181885799805825	0.21226916768704282	0.16045466082719473	0.5923766418901144	0.003717643795842149
102	102	0.004675388951108066	0.11165986323765477	0.5480662680620598	0.2963185274290911	0.03927995232008625
103	103	0.11653177593811216	0.06420615867696555	0.5888090841040021	0.2068377918540684	0.02361518942685183
104	104	0.2481435110931277	0.1989089396424333	0.170562622610965	0.3080483033152312	0.07433662333824276
105	105	0.11601666734208695	0.36554513296953417	0.018536678079261844	0.49254778370738406	0.007353737901733031
106	106	0.0041070165401098846	0.006910568783194566	0.435851989041448	0.5490173323022919	0.004113093332955557
107	107	0.030383904131753632	0.03479686645477548	0.7817344673290275	0.14661050216858962	0.006474259915853828
108	108	0.12995728754865987	0.2955608278817666	0.11549573847072325	0.4565211757860484	0.0024649703128018243
109	109	0.10223047303935918	0.14217037182735645	0.5137017307595476	0.2321085219835821	0.0097889023901547
110	110	0.003612905690334016	0.30016771126069314	0.14279719257809886	0.2423477321541499	0.31107445831672403
111	111	0.018461270950081782	0.12287582960853856	0.5912487015595022	0.2634804352557994	0.00393376262607806
112	112	0.3632183445660361	0.1873365583011235	0.2810072939901659	0.16358769407308324	0.004850109069591342
113	113	0.003224919062375137	0.3872541790905203	0.3899689796500956	0.12086526910610168	0.09868665309090724
114	114	0.04299155063889941	0.08435875325441165	0.5999592082211349	0.26756484306302913	0.0051256448225249175
115	115	0.007764787768290152	0.12798331243173705	0.7378398170320621	0.11863580612289033	0.007776276645020424
116	116	0.002294185963538269	0.029325547667953023	0.829169351714531	0.1369133341843024	0.0022975804696751976
117	117	0.0048429433902087045	0.026067627772001185	0.872326705930281	0.09191261383791778	0.004850109069591342
118	118	0.22684449944229626	0.07300713466294696	0.5067231114573841	0.10473772818250615	0.08868752625486649
119	119	0.003149752608301641	0.13349392172878377	0.2993015337388034	0.23458820279052967	0.32946658913358146
120	120	0.006464694673066251	0.03479686645477548	0.04023897410971861	0.8881059953878985	0.030393469374541213
121	121	0.0029763222189994228	0.3684145336411703	0.2938338333202889	0.32078226663312204	0.013993044186419296
122	122	0.23235894353671963	0.5577772354989622	0.03185702952767428	0.17288114661411905	0.0051256448225249175
123	123	0.40775120545827304	0.05478484534085383	0.5062174118267946	0.0252057500314556	0.0060407873426230625
124	124	0.004372811019224506	0.20150930501146272	0.3993419274792743	0.39039667540514533	0.004379281084893243
125	125	0.0025787500021524803	0.0043390692709655	0.5408233197010238	0.44967629547307153	0.002582565552786576
126	126	0.006789493297677243	0.0365451275772026	0.5446797829143476	0.028371712755346397	0.3836138834554262
127	127	0.3792808018912624	0.08767948016843831	0.4661188356400225	0.0419112982418493	0.025009584058427604
128	128	0.0033037608051116048	0.1400211512376518	0.4728458075669291	0.1604916411438611	0.2233376392464463
129	129	0.08961919636652903	0.21178909797593728	0.6577792214846638	0.036209798501854004	0.0046026856710158605
130	130	0.02123937923797323	0.00760385107715825	0.47957754568826366	0.4703331583295873	0.02124606566701763
131	131	0.029781891153665054	0.013248347132235794	0.03353405051118206	0.839009052930574	0.08442665827234301
132	132	0.1256008457757229	0.07390541389034914	0.02279293020992701	0.7062896527239566	0.07141115740004426
133	133	0.004931306334506182	0.008297539414023463	0.12192307500695393	0.8416637657333563	0.02318431351116012
134	134	0.003927950781160467	0.5007421540004928	0.18431573682970526	0.30708039576256335	0.00393376262607806
135	135	0.3658300096047275	0.014761601115347625	0.05460658350526055	0.5560158657115343	0.008785940063130139
136	136	0.18734240775891914	0.011718552533922686	0.17219104222050108	0.46716356517338636	0.16158443231327077
137	137	0.19781837034256533	0.130473704289525	0.3990271159900294	0.26620654946202654	0.006474259915853828
138	138	0.006313676521884889	0.010623550076610793	0.015938527669247415	0.820638551077429	0.14648569465482797
139	139	0.004595885541504477	0.19478443581093235	0.02860672137948216	0.7163962851020504	0.0556166721660306
140	140	0.004444723498487209	0.007478802960397925	0.10989265718482154	0.8737325163895371	0.004451299966756284
141	141	0.004931306334506182	0.04478896092273931	0.39560873632232285	0.5497323936636296	0.004938602756802194
142	142	0.005900183749290189	0.4247079254050377	0.2768610850209752	0.28662189209001576	0.005908913734681209
143	143	0.01819681087163106	0.16409100303140764	0.2819512896476647	0.5318834854782867	0.003877410971009886
144	144	0.005426343834825808	0.25005854817455675	0.37509057472482416	0.3639901605450179	0.005434372720775399
145	145	0.17681085145185152	0.21654911840204316	0.08998727825470314	0.5075720548370656	0.009080697054336572
146	146	0.003927950781160467	0.5152754741694141	0.31511561834999713	0.16174719407335014	0.00393376262607806
147	147	0.0042357482052711665	0.0227993388843169	0.4965299647986181	0.4721929326407013	0.004242015471092592
148	148	0.011352439468184667	0.01910189867407835	0.49069978604319886	0.46747663913546633	0.011369236679071805
149	149	0.003871682381517502	0.2786920309523161	0.08139949078607484	0.6321593849090816	0.003877410971009886
150	150	0.004045541068366653	0.15649114167758185	0.1748651593553865	0.6455782296912078	0.019019928207457123
151	151	0.0048429433902087045	0.008148857713209818	0.08390082334346081	0.8624197263659465	0.04068764918717408
152	152	0.1916471693565585	0.1097611249859078	0.47072793766960985	0.22326108231690803	0.0046026856710158605
153	153	0.0033037608051116048	0.1400211512376518	0.13057848954697776	0.7227879493194954	0.003308649090763305
154	154	0.019574434925753427	0.17778627842272707	0.5563890355599713	0.22664685358798342	0.019603397503564646
155	155	0.24519728021821224	0.012028506457850058	0.17674546897644125	0.5059698172896226	0.06005892705787384
156	156	0.0029763222189994228	0.005008034229829394	0.0735874700406883	0.8273489021762034	0.09107927133427948
157	157	0.20566266505928527	0.0023225198449643592	0.15669625703310627	0.3939044360387132	0.24141412202393095
158	158	0.054303113590441016	0.05871607591346286	0.5903807916595284	0.2901257589207139	0.006474259915853828
159	159	0.02276171344900007	0.026067627772001185	0.17349467363741766	0.7549071060131984	0.022768879128382713
160	160	0.1939087200559476	0.32327141828115546	0.014271575787614356	0.4628865687467833	0.005661717128499344
161	161	0.04409533693594216	0.4670593579076567	0.09311103370321253	0.14334524858757425	0.25238902286561443
162	162	0.056442968240341375	0.2286729347097062	0.16833106373331508	0.4590528444290707	0.0875001888875667
163	163	0.014978316290274839	0.04073661619237577	0.3735792665997667	0.3906428386555752	0.1800629622620074
164	164	0.0041070165401098846	0.1284774409604231	0.32948097588637304	0.26029601088137416	0.27763855573171975
165	165	0.006789493297677243	0.21239182160200837	0.04226065712918826	0.7066375325653115	0.031920495405814715
166	166	0.17880887950262414	0.4442541141233478	0.24662232474293425	0.12692311669500436	0.0033915649360894366
167	167	0.003763847192225923	0.3962650906829778	0.5526211222838034	0.04358052361356411	0.003769416227428618
168	168	0.04123269131221989	0.14460052843235066	0.2818247063100159	0.32879774290677893	0.2035443310386347
169	169	0.0056533523579104985	0.23960236597091675	0.26527873271833047	0.48380383182434294	0.005661717128499344
170	170	0.030383904131753632	0.17831212320689976	0.44686553490740416	0.07485287379252747	0.26958556396141503
171	171	0.07772414145843705	0.00670673944886794	0.5852205794410391	0.29686145821164467	0.03348708144001112
172	172	0.02899674566537295	0.010381044252344632	0.654736090134118	0.2997074383890907	0.006178681559073797
173	173	0.24390827963563094	0.048805547942594646	0.22418213462226197	0.44047462665328624	0.04262941114622628
174	174	0.11461735937135055	0.022959426055053758	0.03444606038561257	0.8143119603091266	0.013665193878856577
175	175	0.498462932910798	0.06283757450200504	0.15761659349030005	0.2779648241405436	0.0031180749563532676
176	176	0.32509734888428143	0.25312986343942795	0.09506909996887285	0.22435326183374035	0.10235042587367738
177	177	0.5295592691784903	0.011121439281457573	0.09695389393472839	0.36029615701321116	0.002069240592112608
178	178	0.023177017088864105	0.117771803940171	0.012448810480806389	0.695698079698493	0.15090428879166556
179	179	0.003612905690334016	0.032814487846680715	0.5170917053577162	0.4161273273732579	0.03035357373201104
180	180	0.03348118388402415	0.404893357618584	0.06905274107288861	0.37059972083566617	0.12197299658883691
181	181	0.07802773184994954	0.09641458701392079	0.47709390248761296	0.21151379285385197	0.13694998579466472
182	182	0.05125223714708475	0.0227993388843169	0.9040062022943358	0.017700206203169953	0.004242015471092592
183	183	0.022746530288943398	0.034614332353568304	0.6180131519321784	0.32191404241620064	0.0027119430091092356
184	184	0.0038170033185323366	0.034668219915571494	0.23560089113936733	0.7220912346223269	0.003822651004201833
185	185	0.008497144452719452	0.01429750784487633	0.6502350334492776	0.09838603576533766	0.22858427848778906
186	186	0.02289005597386468	0.03851538086436177	0.14247731970077399	0.7731933190751086	0.022923924385890918
187	187	0.30793020541609845	0.08120006047678481	0.04010882441312765	0.524243179065576	0.04651773062841298
188	188	0.008497144452719452	0.20293284631995973	0.05288979494484676	0.727170497348949	0.00850971693352508
189	189	0.0035188286715363277	0.5527431679086602	0.008883088633099506	0.43133087961242095	0.0035240351742829093
190	190	0.004931306334506182	0.15426322544888688	0.012448810480806389	0.7321895012072088	0.09616715652859181
191	191	0.25105576896647996	0.23847224472706707	0.010527917166202655	0.4803371731579318	0.019606895982318465
192	192	0.029674122578300495	0.477832471204923	0.015938527669247415	0.4468714141747792	0.029683464372749924
193	193	0.00799446492064196	0.22050693590245274	0.22723683436510733	0.44751750723208766	0.09674425757971035
194	194	0.003386554148375448	0.38160328363968754	0.37192398571025476	0.20210411327539665	0.04098206322628558
195	195	0.06442292473724577	0.33560247582048114	0.2528168174112461	0.3316253001538368	0.01553248187719014
196	196	0.012989228086554415	0.021856000153906215	0.03279058889730806	0.9193557357519558	0.013008447110275479
197	197	0.26944362428089297	0.09519265459769373	0.1427910036969101	0.459085635984492	0.03348708144001112
198	198	0.006789493297677243	0.1872708653127504	0.1427444822862201	0.5810327511190216	0.08216240798433064
199	199	0.11394088906950287	0.58699720618608	0.1830867051865275	0.11173318408679712	0.004242015471092592
200	200	0.4182671364325912	0.007240652591207717	0.34521865806572444	0.22496399738278003	0.004309555527696619
201	201	0.0048429433902087045	0.008148857713209818	0.030144513167086714	0.9520135766599035	0.004850109069591342
202	202	0.24257599776027897	0.048522956648875085	0.4213417024054079	0.2846110843275714	0.002948258857866666
203	203	0.0202248787824167	0.24606600718131244	0.32929696775971745	0.40010259074885685	0.004309555527696619
204	204	0.20194941403691377	0.026067627772001185	0.675220235283576	0.03815630366154368	0.05860641924596545
205	205	0.0042357482052711665	0.03847150186492143	0.29279184605075925	0.6602588884079557	0.004242015471092592
206	206	0.005537522542099486	0.17322713909756102	0.25984351750370693	0.555846104927183	0.005545715929449633
207	207	0.6733325791092566	0.00760385107715825	0.26221314573116916	0.052324696873636445	0.004525727208779594
208	208	0.0029763222189994228	0.3574022154771903	0.337883105976209	0.28774531214118193	0.013993044186419296
209	209	0.014978316290274839	0.06431946342175027	0.03162798177383649	0.8622997832430652	0.026774455271073184
210	210	0.003009463387323478	0.3836517469062487	0.24143095701365733	0.213004761194033	0.15890307149873742
211	211	0.002943903022274236	0.004953484878328774	0.47580354211859077	0.4806737072950298	0.0356253626857764
212	212	0.0030780103053841203	0.027956260255619172	0.12165588255216098	0.8100615976577713	0.0372482492290644
213	213	0.12554208866937996	0.1033496528783713	0.5828603026447706	0.18493930671671477	0.003308649090763305
214	214	0.02276171344900007	0.008148857713209818	0.675220235283576	0.27110031442583143	0.022768879128382713
215	215	0.035475125939237205	0.18026347225140174	0.15869028960056172	0.47837607084563444	0.1471950413631649
216	216	0.09343933766738163	0.01869702037611146	0.5485633240988391	0.31011707906960406	0.029183238788063594
217	217	0.0028209938120166895	0.43268855858760735	0.10105990537459464	0.4188549467462682	0.04457559547951304
218	218	0.011782791038747067	0.07842473185648607	0.5443252132136964	0.3629565644303214	0.0025106994607489563
219	219	0.010514853137161178	0.003764393321355534	0.35330854177998017	0.4149530859188057	0.21745912584269736
220	220	0.003009463387323478	0.03846861737563842	0.5309393882328789	0.4245686147773103	0.0030139162268489087
221	221	0.002943903022274236	0.048522956648875085	0.3342027588643153	0.3608576599260274	0.253472721538508
222	222	0.004170389186251679	0.6550913231062022	0.13397060705631678	0.202591120905175	0.004176559746054198
223	223	0.3912620859709846	0.25970741853894413	0.07107646458675716	0.2534271883683205	0.02452684253499365
224	224	0.0024173004940845205	0.18294644407731772	0.3996362159209487	0.4125791623456342	0.0024208771620148374
225	225	0.180791090007598	0.4128822273717748	0.29366396695061664	0.10789798471872729	0.004764730951283291
226	226	0.0030780103053841203	0.005179137148098645	0.3038728674123252	0.6847874205664084	0.0030825645677836
227	227	0.033435834386540415	0.07621883866724058	0.20123514785476318	0.6352219059157451	0.053888273175710634
228	228	0.0016010677536163146	0.18633523320371218	0.7859980401442125	0.02446222218504542	0.0016034367134136745
229	229	0.15376221954819097	0.2311751666988131	0.31982672060298417	0.2923194017891491	0.0029164913608626295
230	230	0.4494003583124924	0.04811156637026965	0.023427765328486984	0.4752908937613223	0.003769416227428618
231	231	0.17061455586579283	0.10483157101536109	0.3845070784717697	0.3377685528754565	0.00227824177161992
232	232	0.11564657767465722	0.005120818392628567	0.3454924515762308	0.519431975784551	0.014308176571932344
233	233	0.06297648893363275	0.13943561217210665	0.3787534440937789	0.3853473733604705	0.03348708144001112
234	234	0.003009463387323478	0.005063798388805166	0.21916107768910184	0.7697517443079206	0.0030139162268489087
235	235	0.012856041801774874	0.004602555762441656	0.5736643807944786	0.3960169325926525	0.0128600890486523
236	236	0.49007280060401154	0.0227993388843169	0.3398083349925728	0.14307751004800617	0.004242015471092592
237	237	0.003612905690334016	0.032814487846680715	0.5705623500405187	0.2958183768369524	0.09719187958551413
238	238	0.028446886341839544	0.10593962951158249	0.5473463110645034	0.01415162182441593	0.3041155512576586
239	239	0.02773071683416944	0.009927796792331823	0.7571328128883188	0.19929975975049874	0.005908913734681209
240	240	0.00475769141179015	0.043212090320578385	0.5577140648443284	0.2839313833145351	0.11038477010876799
241	241	0.5122384267449113	0.006422585280772666	0.29209216040896496	0.12893290729155157	0.06031392027379949
242	242	0.04473634090991003	0.13118671953924527	0.6933544558861414	0.12842490319502806	0.0022975804696751976
243	243	0.04651491382355258	0.009317573971748618	0.05495656109644146	0.18704958339410507	0.7021613677141524
244	244	0.025503681024594934	0.02920783908709633	0.3349359003452859	0.46437684649386357	0.1459757330491593
245	245	0.17655893064395928	0.07364304431279242	0.6156596688395968	0.1317807383034412	0.002357617900210235
246	246	0.031809694935052236	0.13087352023301704	0.3470789684525973	0.4292434533550115	0.06099436302432186
247	247	0.009382036243951057	0.05049974960376332	0.8568036489270171	0.07391864720359204	0.009395918021676634
248	248	0.004170389186251679	0.00701720118310309	0.7048930477980946	0.23345179337770355	0.050467568454847
249	249	0.009217734832714135	0.0033000156055116832	0.4911368045944468	0.40004675698328906	0.09629868798403833
250	250	0.006789493297677243	0.01142417128794464	0.4944378703358317	0.07861362533386232	0.40873483974468416
251	251	0.005900183749290189	0.009927796792331823	0.6698106805488018	0.308452425174895	0.005908913734681209
252	252	0.24353996196626693	0.051712332534750466	0.14492835674314894	0.42105221009942634	0.13876713865640725
253	253	0.13447824235976996	0.06508693099691482	0.12746233305530594	0.6697428028952073	0.0032296906928019255
254	254	0.0028209938120166895	0.27612445475047165	0.3620000784364875	0.2518532359866568	0.10720123701436732
255	255	0.4291558847725806	0.09977376370540843	0.08433504118973821	0.37566745263452384	0.011067857697748902
256	256	0.34016108682452223	0.2295814648862315	0.06832087179830439	0.29782412823396515	0.06411244825697669
257	257	0.6039701204295926	0.031079840393233818	0.03594061823190084	0.3232267460854383	0.005782674859834493
258	258	0.19713248292780286	0.2343720693991403	0.08432901802402733	0.47565671271550447	0.00850971693352508
259	259	0.016325851507219585	0.5456391758038854	0.3300751133117134	0.10448111597583863	0.003478743401342911
260	260	0.015916720245107496	0.18112062609197477	0.021079335001757366	0.4527074352100376	0.3291758834511227
261	261	0.005774131383095092	0.031079840393233818	0.356402755221096	0.6009605981427407	0.005782674859834493
262	262	0.38300858562795115	0.26864882531480616	0.1546452177848922	0.19145684642433175	0.002240524848018714
263	263	0.01653840721317699	0.3183907541591282	0.07398098134130283	0.44435045815406166	0.14673939913233022
264	264	0.003763847192225923	0.2152252580403696	0.4272858535312285	0.30817720209122235	0.045547839144953604
265	265	0.12914990561036724	0.6237781742693795	0.041225044586117685	0.19921396155960344	0.006632913974532116
266	266	0.03486155703757109	0.10078913174684692	0.43367885889072005	0.4171249115525076	0.013545540772354307
267	267	0.0036618561425028427	0.1958444035235692	0.2937684627281938	0.5030580033352565	0.003667274270477571
268	268	0.18738841387808544	0.35496604374682406	0.19490591802438564	0.23955531083954482	0.02318431351116012
269	269	0.016325851507219585	0.36570770809684067	0.16299589329802894	0.4386395560032075	0.016330991094703252
270	270	0.00475769141179015	0.11362544975890151	0.24085394737187427	0.61839484064657	0.022368070810864074
271	271	0.0029121824594102474	0.015675113714840636	0.0073516437762240925	0.9711445686886624	0.0029164913608626295
272	272	0.22857151524984295	0.08304667861999288	0.38977801481490093	0.29594512425587477	0.002658667059388405
273	273	0.23931819291433912	0.10116015378733954	0.3398083349925728	0.2997991398540515	0.019914178451697122
274	274	0.13395898617877314	0.13790055272296553	0.05730476069784718	0.6650530255405797	0.005782674859834493
275	275	0.008497144452719452	0.7059604155868489	0.021450571865666193	0.2555821511612405	0.00850971693352508
276	276	0.054303113590441016	0.08263528537215024	0.01631976465103123	0.8402675764705237	0.006474259915853828
277	277	0.254200403075872	0.3489733978040628	0.32559204483270837	0.06766363242322926	0.0035705218641275635
278	278	0.0024173004940845205	0.2187222508348992	0.5427394429512746	0.21581222517893603	0.02030878054080558
279	279	0.002395871931277199	0.3142946829576413	0.28085290910792154	0.400057119109921	0.002399416893238989
280	280	0.12311590680396294	0.33766979486642934	0.2729034342898191	0.07310427727212944	0.19320658676765917
281	281	0.027416294182257862	0.1745588711446724	0.17730645621989913	0.3638491671345835	0.25686921131858703
282	282	0.14776367899693424	0.016198738051082916	0.4641297502592124	0.346624037141366	0.025283795551404413
283	283	0.38828843493949705	0.0062461585679901965	0.03684085535576317	0.5649069073409074	0.003717643795842149
284	284	0.5997940777069345	0.07927586910177459	0.009915894802649431	0.30708039576256335	0.00393376262607806
285	285	0.20763723279418408	0.015675113714840636	0.03967665172381996	0.7340945104062927	0.0029164913608626295
286	286	0.4038595402663192	0.13013965664208713	0.14584772514445363	0.2970888940995772	0.023064183847562886
287	287	0.24766630998770572	0.0958105065362735	0.3429273610050737	0.14303785905591965	0.17055796341502732
288	288	0.4562088405668946	0.023200329421335972	0.11041086692972377	0.3509149978692362	0.059264965212809446
289	289	0.10124683399978421	0.14559455317782796	0.3298028667236702	0.21069421528366405	0.2126615308150535
290	290	0.4581133854941551	0.006079165505279474	0.26310614311440444	0.22898007098344927	0.04372123490271166
291	291	0.32332543993109053	0.004556441389353593	0.3875693212065323	0.2718175574758428	0.012731239997180807
292	292	0.07140039461268734	0.04104452799363432	0.06156908423231277	0.6709772198284437	0.15500877333292187
293	293	0.3821640877539847	0.009512472117760306	0.03518883886517403	0.546555621057022	0.026578980206059023
294	294	0.14522414285375188	0.051306731442684404	0.013371923542704481	0.73230511772963	0.05779208443122921
295	295	0.027416294182257862	0.1262540105377952	0.020315659247548197	0.7985929125964785	0.027421123435920312
296	296	0.0038170033185323366	0.1476507584547668	0.052004266013174934	0.7503368692571257	0.046191102956400075
297	297	0.07888754759896048	0.336111957351007	0.5191383893961181	0.031873776140338414	0.03398832951357589
298	298	0.005426343834825808	0.25005854817455675	0.6762506325713611	0.06283010269848102	0.005434372720775399
299	299	0.0033037608051116048	0.005558990586956622	0.7539939616547463	0.08714864442530011	0.1499946425278853
300	300	0.003985878834415556	0.00670673944886794	0.5557252743914305	0.4000950258852748	0.03348708144001112
301	301	0.012987484224008295	0.06599466358597451	0.2523560232610935	0.6352219059157451	0.03343992301317852
302	302	0.0028209938120166895	0.0047466747661030805	0.5185641822736232	0.4084173398237925	0.06545080932446447
303	303	0.04068048350779144	0.06190516788958392	0.7110577754011588	0.16358769407308324	0.022768879128382713
304	304	0.04754922203643448	0.2277625916343602	0.04100204309265779	0.6806722270096985	0.0030139162268489087
305	305	0.08242590713255646	0.04738254558752478	0.09037872576415892	0.774588240158168	0.005224581357591891
306	306	0.04550893990140627	0.4011381471655098	0.08360680586197415	0.4674088472642861	0.0023372598068236525
307	307	0.002354134693185966	0.2826887994537204	0.3804831943060529	0.3146957740517532	0.01977809749528757
308	308	0.40316291408046384	0.2591334110108594	0.15192315534163048	0.18331554925424443	0.0024649703128018243
309	309	0.004595885541504477	0.024737814160883245	0.3686999646795804	0.5973636499470161	0.0046026856710158605
310	310	0.08855390722292882	0.09115948918516914	0.009635814060976695	0.1713013592437498	0.6393494302871755
311	311	0.003009463387323478	0.016198738051082916	0.007597224105824537	0.6472674080228653	0.3259271664329037
312	312	0.02713827384904143	0.28744954998458994	0.03594061823190084	0.6436888830746333	0.005782674859834493
313	313	0.13615710193899272	0.032963001828859834	0.06375777706945156	0.6691264450835949	0.09799567407910102
314	314	0.002763309142742236	0.00464961309837815	0.0376483465545062	0.952171333434993	0.0027673977693803324
315	315	0.0027353425218911882	0.07544745072162747	0.0372673189606432	0.8818104980270696	0.002739389768768613
316	316	0.007764787768290152	0.01306522616493803	0.19197890726476663	0.7794148021569848	0.007776276645020424
317	317	0.006031862523676758	0.255644516808152	0.2607222578112079	0.3153363865953307	0.16226497626163272
318	318	0.008367655810555881	0.06228132795774886	0.2548116001271766	0.6727564201350401	0.001782995969478679
319	319	0.003565246680716236	0.005998973263323276	0.6685664693734479	0.318298788818385	0.0035705218641275635
320	320	0.006464694673066251	0.05871607591346286	0.20767344032053028	0.5771562724249625	0.14998951666797813
321	321	0.19230343764604527	0.07187343636247168	0.0632719224172133	0.6695372873474208	0.0030139162268489087
322	322	0.34473485691819206	0.13045331423946158	0.26970718275104444	0.22924495841599776	0.02585968767530413
323	323	0.044111008138020755	0.004697642618983858	0.3169415395394674	0.6314538253000823	0.0027959844034456498
324	324	0.015157039362138301	0.005426329498098986	0.270647776652464	0.7055391637944968	0.0032296906928019255
325	325	0.019907911185875694	0.0227993388843169	0.6062351056628498	0.346815628795865	0.004242015471092592
326	326	0.06715310755341646	0.10218965063690374	0.0793402277831711	0.6841520777631857	0.0671649362633231
327	327	0.07465113097298684	0.03320823690615157	0.35798258563462765	0.4594977869657393	0.07466025952049464
328	328	0.006964446862898988	0.06325511278992844	0.35256900311652123	0.5702366856853979	0.006974751545253493
329	329	0.08086502921846345	0.027548535385065586	0.4863387724824428	0.3243750609323752	0.080872601981653
330	330	0.023177017088864105	0.06303467167709724	0.15841449651566977	0.5314866829092716	0.22388713180909728
331	331	0.049192488200276656	0.30475242934613195	0.26129438842349734	0.28948457913312103	0.09527611489697302
332	332	0.005319541604340458	0.46164074045536024	0.32834363448168286	0.17968649940018894	0.025009584058427604
333	333	0.11956228806412786	0.007478802960397925	0.3072370535830627	0.4132622581269744	0.15245959726543712
334	334	0.0034295266874017675	0.005770607407015025	0.1863059386149266	0.2934927893512858	0.5110011379393707
335	335	0.002943903022274236	0.026738220763601928	0.07278592824103738	0.8945836891152198	0.002948258857866666
336	336	0.004931306334506182	0.06303467167709724	0.34087160405924904	0.5862238151723453	0.004938602756802194
337	337	0.004170389186251679	0.053308209891895886	0.010527917166202655	0.8660955790645384	0.06589790469111126
338	338	0.004303188476409719	0.13461417503926357	0.026784851945584786	0.7822231580930243	0.052074626445717566
339	339	0.034511321806707664	0.2297028904105687	0.04570512659105494	0.38387398966021163	0.30620667153145703
340	340	0.010081994883911745	0.054267347077477567	0.17466396023024788	0.7508897854792004	0.010096912329162409
341	341	0.07651802362537417	0.22317409841870625	0.3706011442841227	0.2890190844846228	0.04068764918717408
342	342	0.005216862422949425	0.0859870679423283	0.05177420340935541	0.851797284867775	0.005224581357591891
343	343	0.10281481369026114	0.01429750784487633	0.05288979494484676	0.8214881665864907	0.00850971693352508
344	344	0.3590681226203298	0.408205943325974	0.08767959834752398	0.12543943972385369	0.019606895982318465
345	345	0.022361031271370933	0.2720555084951286	0.5401107249847477	0.07269130499956572	0.09278143024918721
346	346	0.23740420975276302	0.06880871289707977	0.4763194173570763	0.2039221192207266	0.013545540772354307
347	347	0.005537522542099486	0.009317573971748618	0.36228699570733974	0.41242523544209714	0.21043267233671512
348	348	0.10311692169760776	0.10615100115951849	0.37301851904914307	0.34748079266089404	0.07023276543283666
349	349	0.002530462150200714	0.004257818923165228	0.07192654095055545	0.8532124427103895	0.06807273526568905
350	350	0.08495451589798286	0.2635882866531359	0.46990255886506715	0.17788736431333646	0.003667274270477571
351	351	0.16270100143746488	0.18633171677108443	0.08738975874965253	0.5289088850909891	0.034668637950808955
352	352	0.03068692611437608	0.05163458963146313	0.07746745010815294	0.8094787032733974	0.030732330872610274
353	353	0.03970267900360664	0.06680472100659657	0.10022722032856311	0.6066050315073104	0.18666034815392316
354	354	0.16270100143746488	0.05824813292203586	0.08738975874965253	0.6569924689400376	0.034668637950808955
355	355	0.14422778929405666	0.05163458963146313	0.6451717660065559	0.1282335241953139	0.030732330872610274
356	356	0.14422778929405666	0.5057980423501856	0.07746745010815294	0.24177438737499446	0.030732330872610274
357	357	0.03461741758841633	0.05824813292203586	0.08738975874965253	0.7850760527890862	0.034668637950808955
358	358	0.03068692611437608	0.6193389055298661	0.07746745010815294	0.24177438737499446	0.030732330872610274
359	359	0.12952177514367888	0.35226114473287223	0.0695685741490861	0.319085955714354	0.12956255026000874
360	360	0.025008054031919597	0.504725066167669	0.06313145118540046	0.28956119459855606	0.1175742340164548
361	361	0.03970267900360664	0.06680472100659657	0.687822918615652	0.16590825779199378	0.03976142358215092
362	362	0.14422778929405666	0.2787163159908243	0.19100831328783355	0.35531525055467506	0.030732330872610274
363	363	0.03068692611437608	0.3922571791705049	0.07746745010815294	0.46885611373435565	0.030732330872610274
364	364	0.14422778929405666	0.16517545281114374	0.07746745010815294	0.1282335241953139	0.4848957835913327
365	365	0.03068692611437608	0.2787163159908243	0.41809003964719477	0.24177438737499446	0.030732330872610274
366	366	0.2314855799163823	0.04636973041476197	0.0695685741490861	0.5230135652597608	0.12956255026000874
367	367	0.03461741758841633	0.6986660521672787	0.08738975874965253	0.14465813354384338	0.034668637950808955
368	368	0.027557970370975463	0.6581525590509825	0.17153237892178952	0.11515834616894717	0.02759874548730531
369	369	0.027557970370975463	0.5561887542782791	0.2734961836944929	0.11515834616894717	0.02759874548730531
370	370	0.027557970370975463	0.4542249495055756	0.37545998846719636	0.11515834616894717	0.02759874548730531
371	371	0.03068692611437608	0.05163458963146313	0.30454917646751417	0.46885611373435565	0.1442731940522909
