0	0	0.040950315160537314	0.005944813864745846	0.005695707942198318	0.2272093995061521	0.003696196072177782	0.004034382364324564	0.07451991387372398	0.00212307777430613	0.34271883835987266	0.004153350533423535	0.0033217970134236997	0.0031889772012961056	0.0023632180899413953	0.0025808480486840166	0.004670419103068375	0.002769645215303559	0.012912460391354482	0.007403623642270264	0.1504124040588606	0.002575705559583816	0.009779936425473767	0.0020997103932963767	0.008248649030469972	0.0023841387133614373	0.0030403698422279196	0.04852092767809645	0.0026840033236663215	0.0033815637790776554	0.012764134578642155	0.0038514724604394907
1	1	0.0011781769045563907	0.01350388300071689	0.0017832283853022532	0.16427667337094756	0.0011572155420255254	0.001263095864857441	0.12811488028422122	6.646992068005864E-4	0.503149955370157	0.0013003427564181836	0.0010399976235900793	9.984140203716486E-4	7.398830174246559E-4	8.080192217139888E-4	0.0014622280496768194	0.012509792200895792	0.004042669695782765	0.13038724957210043	5.208864524713644E-4	8.064091966516704E-4	0.0030619302143545615	0.012300047108094469	0.002582510416756514	7.464329054981724E-4	9.518876072120384E-4	0.003548405728161679	8.403153675678279E-4	0.0010587095719718123	0.0039962314299542044	0.001205829913746387
2	2	0.001583866176151882	0.0025021048061531306	0.08065554666462184	0.07997820462542952	0.001555687052125346	0.0016980258311363433	0.1409261903110589	8.935793825994527E-4	0.5824928875893793	0.0017480981857052609	0.001398106729908168	0.001342204375715449	9.946517208715298E-4	0.0010862497049500609	0.0019657264887361398	0.0011657122934741922	0.0054347082918888385	0.03441941640212707	7.002466526839405E-4	0.0010840852895476702	0.035419579531041245	8.837443166643454E-4	0.0034717629269779733	0.0010034569742567415	0.001279657221874472	0.004770251216403704	0.0011296665915314723	0.00142326188446697	0.005372279637719369	0.001621041124799635
3	3	9.647614361423786E-4	0.0015240771363827406	0.24933658839929995	0.029648752553472994	9.475970237858209E-4	0.0010342981396534747	0.06677326918587717	5.442953081796219E-4	0.3929417438065938	0.0010647981133458904	8.516120092315072E-4	0.010351267599471449	6.058602911900847E-4	6.616542742916445E-4	0.07746701320962704	7.100563692277134E-4	0.0033103787779825544	0.11630255413795344	4.265328576803127E-4	6.603358898577446E-4	0.012040997587481686	5.383045922473188E-4	0.0021147133752895736	6.112237297364861E-4	7.794622789060656E-4	0.002905645996859933	0.019755513726043002	8.669344672800123E-4	0.003272352359488472	9.87405367420122E-4
4	4	0.003502640969560118	0.005533279854146481	0.005301418468047433	0.03841636957147389	0.003440324243697922	0.0037550993468145086	0.0347483600950989	0.001976106190139983	0.7689610502253251	0.003865831858939708	0.0030918432287580307	0.0029682179635440197	0.0021996226199062488	0.002402186988407424	0.004347105985383775	0.0025779145355340006	0.012018586044325328	0.041503961681681266	0.0015485605106153272	0.0023974004918095996	0.009102913300418512	0.001954356432867984	0.007677630375425674	0.002219094998140458	0.002829898055668307	0.010549172396789267	0.0024982012653713224	0.0031474725971225633	0.011880528192556724	0.0035848515124301404
5	5	0.0014274702478396053	0.25616598472403806	0.002160546056604687	0.02976241419171572	0.0014020736191573818	0.001530357419399689	0.0846922040577803	8.053445435918475E-4	0.41212639846408633	0.0015754854721749957	0.0012600532736276155	0.0012096708937297284	0.01500260032663919	9.789899922656535E-4	0.0017716244720109337	0.0010506061948479361	0.01900423174555786	0.016914571314317565	6.311020955597106E-4	9.770392980483018E-4	0.0037098115444708945	7.964806230035463E-4	0.003128950135076544	9.043724762269897E-4	0.0011532998426021868	0.03251154889714867	0.0010181197588974328	0.0012827245290992983	0.08947878571997689	0.015567138070504494
6	6	0.00215808568324681	0.0673873919150665	0.003266368262183097	0.13029979397611716	0.002119690416624062	0.0023136331156851523	0.12803981962939656	0.0012175402830544944	0.3458244075127283	0.0023818588491143363	0.001904980460405071	0.0018288111021224113	0.001355255684444777	0.022806117426443145	0.04533049786805386	0.001588333060715742	0.007405023438181772	0.13220215519059847	9.541161359795337E-4	0.0014771127624401976	0.048260698184915296	0.0012041395833565496	0.004730426080908831	0.0013672532203187697	0.0017435879189618257	0.027825727693166418	0.0015392192438564408	0.0019392554387653675	0.0073199617159125175	0.002208738147236582
7	7	0.07298786727464852	0.016595298752506617	0.002191459137825012	0.20188418934865585	0.001422134480870277	0.0015522537650283375	0.12882796332671126	8.168674089389182E-4	0.46094708440470356	0.001598027509737169	0.0012780821090095378	0.0012269788582942498	9.092628924151952E-4	9.9299737574738E-4	0.0017969728653153816	0.0010656382625664784	0.03358413874800751	0.002848590350580434	6.401319009085555E-4	9.91018771007782E-4	0.003762891507860591	8.078766634230767E-4	0.003173719136581642	9.173122326952995E-4	0.0011698012504739437	0.00436073484573457	0.043956670685029814	0.0013010777446811337	0.004911080350794364	0.0014818780392475434
8	8	7.501967594853602E-4	0.0011851196431439074	0.008548852716466548	0.05270838959525254	7.368497432739248E-4	8.042683752082134E-4	0.088989740250827	0.07455717524291348	0.1721097160972317	0.023068164756697044	6.622119684000393E-4	0.38613218125319376	4.7111587396055646E-4	5.145011749826778E-4	9.310645457858275E-4	5.521385570473387E-4	0.009987537809354234	0.03854290461989892	3.3167118383718025E-4	5.134760016154437E-4	0.024189844529389166	4.1858468383102864E-4	0.009057790540313665	4.752864741384593E-4	6.0610846772083E-4	0.0022594251069693845	5.350655434316918E-4	6.741266842507281E-4	0.002544575315736637	0.09714191648564267
9	9	0.029639797538601756	0.0022550391071786964	0.07269136428351006	0.015656250546334644	0.0014020736191573818	0.05795501200092398	0.1411168586393046	8.053445435918475E-4	0.07357847097494055	0.0015754854721749957	0.0012600532736276155	0.43850074390054306	8.96436681258114E-4	9.789899922656535E-4	0.0017716244720109337	0.0010506061948479361	0.04721655903632001	0.0028084076689364927	6.311020955597106E-4	9.770392980483018E-4	0.03192213883523304	7.964806230035463E-4	0.003128950135076544	9.043724762269897E-4	0.04347179077874541	0.004299221606386522	0.0010181197588974328	0.0012827245290992983	0.01894796749307152	0.0014609744251234211
10	10	7.032739429668954E-4	0.0011109935544017775	0.0010644395191350324	0.0772104402812161	6.907617472006825E-4	0.05635160468977827	0.06952425785725871	3.9677032391805976E-4	0.05709913289222569	0.07722295343401607	6.207923670798701E-4	0.10484154759160554	4.4164882623836646E-4	0.007432025637707915	8.72828929200751E-4	0.2924052198831118	0.0024131386772824367	0.0013836224872501583	3.1092603143965415E-4	4.813594403189581E-4	0.09217388540530397	3.924033226501073E-4	0.036290070362138944	4.4555856644260867E-4	5.681979914870181E-4	0.016017514354126062	5.015986135864851E-4	6.319618490720242E-4	0.09968129092477857	7.197804970613935E-4
11	11	0.03188895137121128	0.0024261580172856177	0.0175010748295653	0.3051993173861104	0.0015084670332831552	0.0016464853804838526	0.03041257314452496	8.664564241447341E-4	0.27645736233525187	0.0016950378808359553	0.001355669771884082	0.0013014642308227036	9.644608975071487E-4	0.0010532785932698607	0.001906060477047026	0.0011303292410876447	0.005269747718620453	0.00302151779102461	6.789919536178635E-4	0.0010511798747156525	0.049521063616986834	8.569198835448704E-4	0.09442586556763183	9.729988836227691E-4	0.001240815580783543	0.004625459015419044	0.0010953776401227467	0.0013800613879981678	0.05073895478047879	0.10780789929111725
12	12	0.0029858900159443792	0.004716945075303293	0.004519290618608259	0.2983059868085316	0.06194549002960277	0.0032011027524584713	0.20666004084003742	0.0016845676718975483	0.03588124458773291	0.003295498696909665	0.0026356980084011393	0.002530311402029276	0.0608878313590623	0.0020477879998126126	0.03321213110168315	0.002197590144266355	0.09876454688086612	0.005874445672034302	0.0013200985793050675	0.00204370766370994	0.007759944046774624	0.0016660266956307658	0.06555765872835888	0.0018917079018269556	0.0024123980801896406	0.008992833924398737	0.06114236015725092	0.002683120275495163	0.010127772393056851	0.0030559718888209463
13	13	0.044810196793381996	0.0887134474701341	0.003266368262183097	0.36488640508186065	0.08742391263689443	0.0023136331156851523	0.042735597409126184	0.0012175402830544944	0.004607518631646834	0.023707914404181928	0.001904980460405071	0.0018288111021224113	0.02268131123951237	0.001480061871375554	0.06665655342312145	0.001588333060715742	0.13536135676858732	0.004245821860192913	9.541161359795337E-4	0.0014771127624401976	0.06958675373998288	0.0012041395833565496	0.004730426080908831	0.0013672532203187697	0.0017435879189618257	0.006499672138098825	0.0015392192438564408	0.0019392554387653675	0.0073199617159125175	0.002208738147236582
14	14	0.00926222186234057	0.018166741219651526	0.00969933212445768	0.23643411185746224	8.360128104756006E-4	9.125044432355942E-4	0.1430210464386825	4.802018567998141E-4	0.09433894453771395	9.394128949149355E-4	7.51330503791583E-4	0.017543420727655856	0.10987837309609078	5.837412270500935E-4	0.0010563644688239156	6.264437370883223E-4	0.06179802621907132	0.026907763483598763	0.008787372347975629	0.03422684142303578	0.03585630836036714	0.07617450907902151	0.0018656954674287508	5.392491273187816E-4	6.876767593090947E-4	0.0025634918801001817	6.070730876087052E-4	0.00917591450053376	0.019709148430803586	0.0765707260275921
15	15	0.004811000889547589	6.984196502362606E-4	6.691537261458243E-4	0.2189246756514028	0.16645213202215572	0.1315407289970173	0.15729720818945406	2.494273614433274E-4	0.044632822127006075	4.879516319366319E-4	3.902575187474639E-4	3.7465333519502123E-4	0.03085988261912046	0.004672099784800137	0.07918875136333775	3.253885969453382E-4	0.08452594995396767	8.698062466479549E-4	1.9546184518087642E-4	3.026038185491664E-4	0.04483790270123438	2.466820714404642E-4	9.690830868476324E-4	2.800978069599848E-4	0.004726086176573666	0.0013315338262037107	3.1532705736416443E-4	3.972791487788649E-4	0.018975146963584683	4.5248583217495576E-4
16	16	0.001950141548255137	0.0030807265247769127	0.0029516346405680195	0.38754097042167607	0.0019154458893762439	0.0020907010788971505	0.01934660770090102	0.0011002231797797176	0.04270588894132572	0.0021523528652248646	0.020992590282432975	0.0016525944923528348	0.02049583469296419	0.020608615076293003	0.17586080072267482	0.001435287911974334	0.08377616944010044	0.0038367121752066113	8.621814847661643E-4	0.02060595013119383	0.0436104986047679	0.02035927950906662	0.004274621954514402	0.0012355104028667666	0.001575583059652918	0.08295805401504361	0.001390906497652258	0.021023562666840526	0.0066146407367669875	0.001995913352087939
17	17	0.0018777679916766434	0.0029663947545301318	0.0028420937219360743	0.07626296523257362	0.09462423617003587	0.00201311108397721	0.018628617353843455	0.0010593917516087713	0.4493524454456179	0.0020724748522633896	0.020213514311309657	0.0015912634873800834	0.0011792190479478662	0.0012878139312748516	0.002330486209325858	0.0013820215780527554	0.006443171417046475	0.07791822527386436	8.301842481940373E-4	0.0012852478874862433	0.0419920279399013	0.0010477316932736391	0.04122793288165988	0.0011896582019712977	0.0015171100991573407	0.07987931882206674	0.0013392872445814753	0.0016873620073879125	0.0620370842454632	0.0019218411145919718
18	18	0.09001274021623235	0.002026365194830076	0.1794015015762467	0.10279864050060795	0.0012598953044342122	0.0013751703908147634	0.07610392832204352	7.23677983138194E-4	0.25625295653921726	0.0014157221999444708	0.001132276637324128	0.02643843864774429	0.013481250518924563	8.797147863639616E-4	0.0015919715791020588	9.440686948335132E-4	0.10580711718442887	0.002523619007364653	5.671047197165892E-4	8.779619037397914E-4	0.003333615354679933	7.157129149880707E-4	0.015487374290971882	8.126639148539796E-4	0.0517392192725803	0.0038632558523308785	9.14876570003121E-4	0.05185551955279924	0.004350817139233223	0.0013128232305074535
19	19	0.002113023232403426	0.1286225469973691	0.10760192148216048	0.12757903635906184	0.0020754296878013733	0.0022653227175603047	0.10448550048625994	0.0011921171269764473	0.004511310180119465	0.0023321238464046137	0.0018652030368203592	0.00179062415197906	0.0013269569272941206	0.0014491570672513332	0.002622460029635717	0.0015551674727935136	0.1534156614055037	0.19208392930814017	9.341934740527041E-4	0.0014462695379267693	0.1307759844945855	0.001178996243958671	0.0046316512294773005	0.0013387039456030508	0.001707180492927134	0.006363954099424595	0.0015070791893387172	0.0018987623278752309	0.007167115414415119	0.002162618034880333
20	20	0.0018777679916766434	0.05863432048272838	0.039954044207401576	0.16904284144623735	0.0018443599563721241	0.00201311108397721	0.03718459259657621	0.0010593917516087713	0.07823294059096296	0.0020724748522633896	0.001657539068576908	0.0015912634873800834	0.0011792190479478662	0.0012878139312748516	0.002330486209325858	0.0013820215780527554	0.04355512190251198	0.26347797770119186	8.301842481940373E-4	0.0012852478874862433	0.004880077454435797	0.0010477316932736391	0.00411598239619438	0.0011896582019712977	0.07574101107008833	0.005655417851135733	0.0013392872445814753	0.0016873620073879125	0.006369158517264948	0.18748159354191948
21	21	0.08641550740790264	0.0013676157650390672	0.001310308472566729	0.13781974373032574	8.503169542385536E-4	9.281173555938987E-4	0.008588469466206332	4.884180902221153E-4	0.0018483129322720221	0.009510465023292907	7.641857368754072E-4	7.336302858372458E-4	5.43662827728844E-4	5.937290147101139E-4	0.14650907865050186	0.00919214097643729	0.0029705361342568944	0.42945215841356954	0.017492702730054693	5.925459752870155E-4	0.002249893022870879	4.830423796643585E-4	0.0018976174378215352	5.484756570376584E-4	0.1119141674556931	0.0026073531175461193	6.174600824142448E-4	7.779351952761942E-4	0.020046371125320924	8.860385834361263E-4
22	22	0.0020283176392715254	0.003204224820279129	0.06320104776035823	0.12246472536604035	0.001992231121873251	0.002174511835084651	0.10029694914586354	0.0011443282589816643	0.10454894648415046	0.002238635080811602	0.0017904319093086265	0.0017188426975474535	0.001273762683206665	0.0013910641381058323	0.002517332443308932	0.0014928248628390658	0.006959751308987036	0.24451487509035222	8.967440929450587E-4	0.001388292362304643	0.005271336621839667	0.0011317333579603903	0.00444598040553339	0.001285038794173863	0.0016387440772649543	0.00610883976921309	0.001446664313310839	0.0018226458958678841	0.04696719762838159	0.26264398003483447
23	23	7.731226070554964E-4	0.0012213366381489646	0.016450048651886963	0.1689183195786144	7.593677089713246E-4	8.288466394333928E-4	0.15282880614258437	4.3617726818612364E-4	0.20792913060010795	8.53288142060706E-4	6.824490201530673E-4	0.0846945554499412	4.8551307119945223E-4	5.302242174554291E-4	9.595176730284551E-4	0.038768736195691406	0.017932699644018998	0.21543949955526892	3.418069820899934E-4	0.05400878188351906	0.0020092462013037962	4.313765394813876E-4	0.016974539503422707	4.898111239992781E-4	0.008264575890077236	0.0023284726400912992	5.514170284703131E-4	6.947278470932544E-4	0.0026223369763699465	7.912685802749843E-4
24	24	6.027410081099949E-4	9.52177144739394E-4	9.122780038301068E-4	0.3282480198382204	5.920174293890472E-4	6.461845177744281E-4	0.17275443788634987	0.0062962975878933175	0.13828050104766526	0.00662148511483723	5.320501646658111E-4	5.107764978439682E-4	3.785151738090765E-4	4.133728291436158E-4	7.480581272137254E-4	4.4361235407016606E-4	0.07949937277263897	0.08457327135105755	2.6647918853208363E-4	4.1254915985813656E-4	0.0015664463435203827	3.3630930968669585E-4	0.031102408688967888	3.818660170696864E-4	4.8697414943337484E-4	0.0018153213133818339	4.298951454738106E-4	5.416229704029551E-4	0.10925684321584538	0.030398115648575853
25	25	0.0012208176116982584	0.0019285806210522177	0.0018477671816839124	0.2305423746030496	0.10977542509928552	0.061628991904968795	0.2533919918901227	6.887560730530167E-4	0.03879855798626899	0.0013474049034065034	0.0010776373311112855	0.0010345487295858238	7.666609443584087E-4	8.372631415912663E-4	0.00151514916687048	8.985115784870416E-4	0.13689338269943288	0.0024018388812341567	5.397384318202217E-4	8.35594846326139E-4	0.015236784314256619	6.811753683908563E-4	0.0026759769156718015	7.734478866960808E-4	0.013050374814739894	0.0519329755649771	8.707281530813597E-4	0.04935317205372216	0.016204899861441444	0.001249471441615517
26	26	0.04189552592301959	0.0016330610094423875	0.001564630747605933	0.19521598365075946	0.0010153578944705434	0.0011082588431289946	0.36779597696233707	5.832168360718377E-4	0.10436149889587809	0.001140939812246029	9.125091730918866E-4	0.021306911220307687	6.491842145602986E-4	7.089679198528653E-4	0.0012829803436245897	7.608311570398137E-4	0.0954860942008927	0.0020338011204147767	4.570334154982248E-4	0.10286199581407515	0.002686582492679839	5.767977353753277E-4	0.03291226469468862	6.549311824516068E-4	8.352001520301911E-4	0.003113423245739631	7.373050320526116E-4	9.289273111312898E-4	0.013721796142076786	0.0010580128574561802
27	27	0.018130785384325627	0.001379416645213933	0.0013216148596910612	0.0958649724710189	8.57654167470619E-4	9.361258927733922E-4	0.06906416361759185	4.926325512610192E-4	0.38153137354593414	9.637309072346417E-4	7.70779741231558E-4	0.19057351658074526	0.052321141970093556	5.98852182443366E-4	0.018341305930879057	0.017900256101696068	0.002996168290503991	0.0017179144577781696	3.860477331293898E-4	5.976589348120625E-4	0.002269306895281459	4.872104547827659E-4	0.001913991595369235	0.017810804337903986	7.054782308402774E-4	0.045773841428943716	6.227880207369835E-4	7.846478409314619E-4	0.07199213519799182	8.93684031390683E-4
28	28	0.0013695144624725438	0.01569693226670592	0.0020728271400656277	0.08268784399654308	0.0013451489456913785	0.0014682243793115678	0.09478711983170045	0.04137299285653469	0.002923916993257952	0.042111865797272274	0.014742343201843944	0.0011605578374065686	8.600410422086941E-4	9.392426602605772E-4	0.08290038706565662	0.0010079512202689116	0.0046992048426365875	0.02976128240019787	6.054791323838987E-4	0.09567151085092387	0.11182678012632549	7.64143234462049E-4	0.016535362204865185	8.676546411593838E-4	0.06877371810330785	0.08532536288289025	0.06864402637771701	0.0012306454699342788	0.01817867346481945	0.10966924657117605
29	29	0.11112841067318179	0.0012598369784475873	0.03273016504180622	0.18212393165748225	7.833053476976065E-4	8.549744707591761E-4	0.03155397042239128	4.499269361573887E-4	0.001702651460553079	8.801864457846542E-4	7.039619418911524E-4	6.758144986581324E-4	0.008381597731143976	0.016308498085767478	0.10343990171943876	5.869488160280739E-4	0.034259553817738535	0.009449770670729852	3.525818042936854E-4	0.05571130714697223	0.01783414345575581	4.4497487350995377E-4	0.22240990404682093	5.052514983948287E-4	6.443213265449055E-4	0.1521366890584386	5.687994131294172E-4	7.166278357553137E-4	0.010585780990760744	8.162118339665839E-4
30	30	0.023374919251560277	0.0017783980126977361	0.023953046946691776	0.1124682958242881	0.0011057213730918333	0.0012068901974753982	0.18916148875666813	6.351211964800808E-4	0.00240347920053568	0.023491648925989914	9.937194572719461E-4	9.539862553065556E-4	0.01183154408331921	7.720637088526754E-4	0.1571413461631275	8.285426018101611E-4	0.04836111613460796	0.002214802661906104	4.977078707769956E-4	7.705253272306114E-4	0.00292567940714092	6.281308171519514E-4	0.0024675929939912515	7.132178813842449E-4	9.095301902300052E-4	0.3816263850184889	8.029227298753064E-4	0.0010115987550401548	0.003818405770965905	0.0011521724860427535
31	31	0.001282716569158116	0.12878354183350754	0.001941454282098256	0.09012292283674023	0.0012598953044342122	0.0013751703908147634	0.3169425639355307	7.23677983138194E-4	0.015414320925730083	0.0014157221999444708	0.001132276637324128	0.0010870033200087955	0.013481250518924563	0.10228545609730595	0.0015919715791020588	9.440686948335132E-4	0.00440137587348688	0.002523619007364653	5.671047197165892E-4	8.779619037397914E-4	0.003333615354679933	0.0894457365620623	0.002811656627104135	8.126639148539796E-4	0.0010363486171093195	0.20667473847421483	9.14876570003121E-4	0.001152648897328255	0.004350817139233223	0.0013128232305074535
32	32	0.15561961677409164	0.0014547321862695614	0.0013937744487246947	0.2557979093587495	9.044817071307964E-4	9.872379540603407E-4	0.009135550556428989	5.195300715052265E-4	0.0019660495159600434	0.0010163501901483633	0.07361227650682045	7.803621579333675E-4	5.782938703934002E-4	6.315492477495998E-4	0.08304221911840684	6.777490651377742E-4	0.003159757759049246	0.0018117118302571592	4.071257692650416E-4	6.302908493233739E-4	0.0023932100519037888	5.138119309482445E-4	0.029318274392415453	5.834132744552228E-4	0.046243629863487117	0.14837226523351155	6.567919722678825E-4	0.05542704866582258	0.0031234615286345633	0.1192415241491482
33	33	0.13003652519017314	0.001088303391364004	0.001042700143476793	0.13009570115700972	0.007484423287980427	7.385650937182474E-4	0.4289161091176358	3.886669615694829E-4	0.015086364658552379	7.603443226126261E-4	6.081137336478048E-4	0.02781487543786767	4.3262889643491616E-4	0.0277035466335968	8.55002875548879E-4	5.070325748237392E-4	0.036402700305839274	0.00816313352005269	3.045758934770155E-4	4.7152848843149233E-4	0.0017903904514632756	3.843891489114584E-4	0.008317830372921395	4.364587868125612E-4	0.06182651613258694	0.09738361389699286	4.913543108389981E-4	0.0074268242782546375	0.0023367007387970914	7.05080198607793E-4
34	34	0.0011646176527383722	0.0018397990121407997	0.001762705794312867	0.24294677256030967	0.0011438975276582713	0.0012485593085596	0.19569248147194807	0.13876111610571723	0.002486461763493924	0.001285377537853957	0.0010280286318250366	9.869236006659961E-4	7.313679462920117E-4	7.98719993339499E-4	0.001445399746334374	8.5714887749708E-4	0.0039961439353386405	0.002291270975545243	5.148917410232454E-4	7.971284975278975E-4	0.07207872481524873	6.498176722196831E-4	0.0025527891508515077	7.378424538505773E-4	0.20809703270106947	0.015016240515065053	8.306444534365641E-4	0.09311590303333692	0.003950240112290214	0.001191952412509556
35	35	0.01877894425050955	0.07292688610111887	0.17117698325564623	0.07248024815891517	8.883145134502396E-4	0.027781400248951663	0.03578406551873898	5.102437109048082E-4	0.0644917942964016	0.018872722544453727	7.983344065460615E-4	7.664135439936701E-4	5.679571339694132E-4	6.202605959983477E-4	0.0994324168676051	6.656346129420992E-4	0.056726895981988934	0.11796383276239777	3.9984858376514545E-4	6.190246908640521E-4	0.002350432525147476	5.046277794750518E-4	0.0019824150307606535	5.729850310429308E-4	0.09904066372795353	0.0027238662059608405	6.450521184490876E-4	0.009749967850810273	0.10137759639387757	0.018800171557361176
36	36	0.014321504939290122	0.015084496496069378	0.067019072278018	0.09246709645239663	0.07932520919849545	0.00141093973834269	0.15611599895641845	7.425014609050781E-4	0.15887492255256566	0.001452546334401592	0.0011617281124349343	0.0011152771977603142	8.264854474265633E-4	9.025969136473048E-4	0.20972016130729002	9.686247218257238E-4	0.043532130865402904	0.0025892604768912226	5.818555941825902E-4	9.007984370602495E-4	0.003420325515793372	0.013739753039454608	0.054906485498770446	8.338019921336939E-4	0.0010633049231009767	0.06899086153610698	9.386732850837959E-4	0.0011826302721903098	0.004463985580993729	0.0013469708755472322
37	37	9.740477214517227E-4	0.011164220259903575	0.001474268880008044	0.17431623322466577	9.567180935047206E-4	0.0010442537486360965	0.1732961982556878	5.49534408059592E-4	0.12721074553640363	0.0010750472990066677	8.59809177769057E-4	8.254302879707414E-4	6.116919831616149E-4	6.680230097500055E-4	0.0012088845864507713	7.16890997751767E-4	0.11884792065946996	0.001916343331831394	4.306384382537517E-4	0.029543111415094785	0.05065879052638258	0.08717274446820986	0.002135068492124413	6.171070473417898E-4	7.869649721508701E-4	0.14731571161367835	6.947235732722968E-4	8.752791217262523E-4	0.06105668925899995	9.969096112822156E-4
38	38	9.931671285297397E-4	0.0015689508893011867	0.030946436548651035	0.04033611741649149	0.12856282521990967	0.0010647512171617268	0.5692741915566865	5.603211198599226E-4	0.0021204144416339297	0.020724968882344083	0.010691096053955558	0.02047045218401103	0.010438108611677205	6.811355129463138E-4	0.05030466274841572	7.309627218723815E-4	0.05247989620452098	0.0019539588895249333	4.390913625028261E-4	6.797783110169433E-4	0.012395523442987052	5.541540179034916E-4	0.002176977366547459	6.292201302934709E-4	8.024121656787886E-4	0.0029911975988221717	7.083601770151719E-4	8.924598177708279E-4	0.03281193049169527	0.0010164777702731168
39	39	7.338752422520405E-4	0.008411440905154827	0.008362861181348963	0.2401163818168729	0.036981344101086125	0.008038875557485182	0.21759154317917975	4.1403484445248843E-4	0.037827351072984704	8.099711950612301E-4	6.478046760228151E-4	6.219026431722146E-4	0.02221718142435731	0.022259622821091188	0.008162913110597398	5.401260565131981E-4	0.16206445285898505	0.015948037738677385	3.24455240987057E-4	5.023046558274243E-4	0.0019072473489576414	0.02941789821799362	0.03786914678795651	4.649459917512304E-4	0.0078450268794241	0.002210268341954705	5.234244887648244E-4	0.007911565270189307	0.11852289631096155	7.511000399371959E-4
40	40	0.03786978928968281	0.0019521312029170664	0.0018703309219830792	0.17230083622413797	0.4041884424727218	0.0013247923109251144	0.15879541444948223	6.971667177034317E-4	0.002638277095131528	0.0013638585424902876	0.001090796742706486	0.0010471819709879867	7.760229130184713E-4	8.474872587182483E-4	0.025956360418112785	9.09483621996495E-4	0.11414232711237664	0.026853877815010908	5.463293692098405E-4	8.45798591308038E-4	0.015422846090691023	0.01290084805610489	0.0027086542187272425	7.828927331157717E-4	9.983829557083876E-4	0.003721729090801663	8.813609233308E-4	0.0011104226840370321	0.004191429026393125	0.0012647291804688207
41	41	0.0024156691564079006	0.0038161414754174804	0.05139918919344218	0.2652094265758792	0.3843163370734477	0.050332738067109556	0.047836406748491926	0.001362862712676881	0.05290041576974029	0.0026661513031615296	0.002132353954935146	0.002047093220898869	0.001517015464851361	0.0016567181924297993	0.002998072009032247	0.0017779123482722114	0.008288867703890661	0.004752592073100487	0.0010679969471134544	0.0016534170855509894	0.006278013386007367	0.001347862540447432	0.0052950373884724485	0.0015304449952859905	0.001951698021083541	0.05501841177898512	0.02559441430585437	0.0021707199052327956	0.008193653236517136	0.002472367366263992
42	42	7.731226070554964E-4	0.0012213366381489646	0.13868916675132226	0.13835854005375559	7.593677089713246E-4	8.288466394333928E-4	0.28270786912323437	4.3617726818612364E-4	0.0016506188073108978	8.53288142060706E-4	6.824490201530673E-4	0.01593505151900885	4.8551307119945223E-4	5.302242174554291E-4	9.595176730284551E-4	5.69011789617879E-4	0.01029275476280429	0.0015210428812571636	3.418069820899934E-4	5.291677150161177E-4	0.024929080844947913	0.038631100945554914	0.0016946497409932974	4.898111239992781E-4	6.246310088625285E-4	0.04816814192737953	5.514170284703131E-4	6.947278470932544E-4	0.0026223369763699465	0.2834692291852191
43	43	0.001950141548255137	0.022351892318233625	0.0029516346405680195	0.13701581510673885	0.29098293279122694	0.0020907010788971505	0.21205826563546812	0.0011002231797797176	0.004163557354412299	0.0021523528652248646	0.020992590282432975	0.0016525944923528348	0.0012246688995074771	0.0013374492828362933	0.002420308581564424	0.039977619498887756	0.006691506266273603	0.08092137534903346	8.621814847661643E-4	0.001334784337737118	0.005068167017854483	0.00108811371560991	0.042816953541427824	0.0012355104028667666	0.001575583059652918	0.005873390841216756	0.001390906497652258	0.0017523968733838173	0.0066146407367669875	0.0983517423193715
44	44	0.03488761409803475	0.03554760423707287	0.03547224557551536	0.09123406766955333	0.012367893683956325	0.001220467390247425	0.416284169852114	6.42266140515792E-4	0.0024305177003905057	0.0012564572290258925	0.0010048985360820296	9.647183461937426E-4	7.149125576993137E-4	7.807492196218456E-4	0.0014128790231904276	8.37863485058815E-4	0.1501527649537405	0.0022397186010326285	5.033069515548738E-4	0.023278660012374955	0.047957525481534216	6.351971212849721E-4	0.0024953527569194817	7.212413922920859E-4	9.19762162244164E-4	0.003428649874550324	8.119553963990405E-4	0.001022978971180656	0.12760842746146203	0.0011651341191576388
45	45	0.0017480229121502823	0.002761430602920837	0.0026457181965205434	0.17463660650206164	0.0017169232175015937	0.0018740144230245401	0.39736601681283484	9.861926835283094E-4	0.0037320335326819737	0.0019292764296067097	0.03609069721777818	0.0014813145434036882	0.0010977404681482472	0.0011988319475212462	0.0021694603957512597	0.0012865302818189236	0.005997978085595426	0.10708212287527814	7.728223580239465E-4	0.0011964432054849827	0.004542886683143959	0.07007071113961513	0.038379273487022816	0.001107458324932104	0.0014122848111889055	0.12618155714814333	0.0012467486930526944	0.0015707731003404414	0.005929079134720631	0.0017890507862047447
46	46	0.001023296275630519	0.10273798740062186	0.00154880897615752	0.21346621953812026	0.0010050904492159775	0.08199420408153496	0.06071245065767877	5.773192634341312E-4	0.022409028278101078	0.001129402464553372	9.032817489195501E-4	8.671646376978366E-4	6.426195702910955E-4	7.017987341460574E-4	0.0012700066616228175	7.531375228095428E-4	0.41810913351073525	0.0020132350305894523	4.524118277815288E-4	7.004003595525896E-4	0.00265941538360856	5.709650736083042E-4	0.002243019092484235	0.04109688447973164	8.267544878124064E-4	0.0030819398615023973	0.0209541373252444	9.195338643826583E-4	0.0034708953494292797	0.011159458093002042
47	47	0.0013160811144162948	0.28819839681841974	0.001991953153648864	0.20951591087626106	0.0012926662492524828	0.00141093973834269	0.16912142278129227	7.425014609050781E-4	0.0808423796033227	0.001452546334401592	0.0011617281124349343	0.0011152771977603142	8.264854474265633E-4	9.025969136473048E-4	0.0016333801093088105	9.686247218257238E-4	0.10855924998977204	0.0025892604768912226	5.818555941825902E-4	9.007984370602495E-4	0.003420325515793372	0.013739753039454608	0.01589021402414897	8.338019921336939E-4	0.0010633049231009767	0.055985437711233155	0.02694952093483145	0.0011826302721903098	0.004463985580993729	0.0013469708755472322
48	48	0.001023296275630519	0.14318656345633804	0.00154880897615752	0.04155977130132644	0.0010050904492159775	0.0010970519701025637	0.17194603481089832	5.773192634341312E-4	0.022409028278101078	0.001129402464553372	9.032817489195501E-4	8.671646376978366E-4	6.426195702910955E-4	0.010813942748075105	0.051830726731268054	7.531375228095428E-4	0.03384766098143138	0.18403182728131232	4.524118277815288E-4	7.004003595525896E-4	0.00265941538360856	5.709650736083042E-4	0.08314017120391663	0.030984740465802588	8.267544878124064E-4	0.0030819398615023973	7.29849297386301E-4	9.195338643826583E-4	0.0034708953494292797	0.20329019435765394
49	49	0.001468911664479108	0.08941461537294426	0.016738954566727474	0.08868919743853088	0.0014427777368780093	0.0015747857915641384	0.3048862082315648	8.28724798851003E-4	0.0031361302819767722	0.0016212239735277918	0.0012966343461784451	0.277042802369982	9.224614660514744E-4	0.0010074114127588555	0.0018230571571996156	0.015596791630391434	0.019555950625074446	0.0028899395905146222	6.494238538756794E-4	0.0010054040872163185	0.09091162184683424	8.1960354650625E-4	0.0032197878435248854	9.306276480187262E-4	0.0011867817168197997	0.004424033898681553	0.015563362068705459	0.0013199637792514927	0.01949805294426781	0.030534758311102722
50	50	9.931671285297397E-4	0.17822832795318122	0.0015032070380043645	0.413283691218016	9.754973404407525E-4	0.030507980727808397	0.08836810954945758	5.603211198599226E-4	0.011934824278516153	0.001096149208579637	8.766862170733335E-4	8.416325102465825E-4	6.236987747949816E-4	6.811355129463138E-4	0.0012326135640046067	7.309627218723815E-4	0.17025281424710764	0.0019539588895249333	0.01025350119938505	6.797783110169433E-4	0.0025811136061048285	0.010368563854785715	0.002176977366547459	6.292201302934709E-4	0.010616822002561014	0.05206324678323329	7.083601770151719E-4	8.924598177708279E-4	0.0033687009810485975	0.0010164777702731168
51	51	0.0013334228436355435	0.10752081706612789	0.002018200709236141	0.43628215016929506	0.001309699445626052	0.0014295314000715863	0.05275875837051046	7.522852494108674E-4	0.029200448512610295	0.001471686237659589	0.0011770359640039243	0.001129972975213621	8.373758755893274E-4	0.04044487107818293	0.001654902821896555	9.813880898711818E-4	0.1363433000422511	0.002623378627798863	5.895225852582085E-4	9.126680721499906E-4	0.00346539443919547	7.440053190834227E-4	0.002922802484340385	8.447888288960053E-4	0.0010773158726176328	0.10943032071086511	9.510419892289698E-4	0.01437500715763477	0.04405318742896551	0.001364719632773579
52	52	0.03964621011390078	0.22197440207150967	9.952711114845788E-4	0.26713640235691827	6.458753170552274E-4	0.013701182059751118	0.04551218009733875	3.7098776792026295E-4	0.053388770744467184	7.257587368832085E-4	5.804526213821877E-4	5.572436149891418E-4	4.12950017614253E-4	0.07842825010890273	0.05280095912310318	4.8396931511014246E-4	0.034746860083499205	0.07927098454581219	2.907217285129535E-4	4.500801939213502E-4	0.0017089514236351409	0.01336311642462656	0.0014413734292761937	4.1660569875793515E-4	5.312758840353149E-4	0.08645584467282065	4.6900420426800596E-4	5.908962986012293E-4	0.0022304118360957897	6.730083978067125E-4
53	53	0.0013695144624725438	0.029230380793280393	0.0020728271400656277	0.6510926821126709	0.0013451489456913785	0.015001672905886039	0.09478711983170045	7.726472768112738E-4	0.029990814046406893	0.001511520217548857	0.0012088946752694726	0.014694006363981042	8.600410422086941E-4	9.392426602605772E-4	0.0016996959062097947	0.0010079512202689116	0.05883299894893447	0.016227833873623396	6.054791323838987E-4	9.373711649025703E-4	0.0035591919137297288	7.64143234462049E-4	0.016535362204865185	8.676546411593838E-4	0.0011064754704354974	0.04472501730316683	9.767837448446523E-4	0.0012306454699342788	0.004645224938244976	0.0014016583585802725
54	54	0.002113023232403426	0.4209530678403756	0.0031981640382295934	0.12757903635906184	0.0020754296878013733	0.0022653227175603047	0.020962494531115223	0.0011921171269764473	0.025392061668905643	0.0023321238464046137	0.0018652030368203592	0.1479558845734823	0.0013269569272941206	0.0014491570672513332	0.002622460029635717	0.0015551674727935136	0.007250400984000462	0.004157165909064569	9.341934740527041E-4	0.0014462695379267693	0.00549147556186841	0.001178996243958671	0.046393154207049654	0.0013387039456030508	0.001707180492927134	0.15252921452092785	0.0015070791893387172	0.0018987623278752309	0.007167115414415119	0.002162618034880333
55	55	0.0029003123511888306	0.46315277614576583	0.00438976463626231	0.11779219849456593	0.002848711867075703	0.003109356942420216	0.057433577342789345	0.0016362868019680213	0.00619217452737704	0.08918311405264466	0.002560157087819548	0.002457790934184275	0.0018213664226252723	0.0019890969850724152	0.0035995596725172875	0.0021346056968714823	0.009951820312476984	0.005706080012327632	0.0012822636446421056	0.001985133594213278	0.06485891645049126	0.0016182772228534202	0.00635735332260049	0.00183749025021437	0.08832532370794388	0.03739578198206229	0.0020686002501198266	0.002606220200070744	0.009837503459524348	0.002968385629311255
56	56	8.44056613059925E-4	0.2599016009167856	0.07634570999986805	0.02593928895188864	8.290397029554233E-4	9.048933258991249E-4	0.15016903066910656	4.7619653638259597E-4	0.20198390048941456	9.315773366076935E-4	7.450637237608474E-4	0.03407891241884737	5.300588997567828E-4	5.788722940754123E-4	0.009388463319310373	6.212186263252785E-4	0.11966894369024907	0.01834241836167143	3.7316777570624684E-4	5.777188575279918E-4	0.0021935945579641624	4.7095534077693153E-4	0.0018501338696502584	5.347512989388356E-4	0.025704670583425304	0.019223929807987747	6.020095456875075E-4	7.584691331809076E-4	0.044567485873707305	8.638674794820702E-4
57	57	0.0014478944843774786	0.23121521712331974	0.002191459137825012	0.3163481458130895	0.001422134480870277	0.0015522537650283375	0.27190790890725336	0.043740851083101544	0.04601524222113153	0.001598027509737169	0.0012780821090095378	0.0012269788582942498	9.092628924151952E-4	9.9299737574738E-4	0.0017969728653153816	0.0010656382625664784	0.004968149631899093	0.017156584908634642	6.401319009085555E-4	9.91018771007782E-4	0.003762891507860591	8.078766634230767E-4	0.003173719136581642	9.173122326952995E-4	0.0011698012504739437	0.00436073484573457	0.0010326870108671846	0.015609072302735342	0.019219074908848575	0.0014818780392475434
58	58	0.004622667031297621	0.19002615699482492	0.006996632707814442	0.14206238538727634	0.004540423525141818	0.004955853055058238	0.18290235096513469	0.002607998083414886	0.009869406316879532	0.005101994077658739	0.00408051007332204	0.003917353631452406	0.23130738934823603	0.003170325103494033	0.0057371633846656596	0.0034022443740251607	0.10722348392099042	0.009094643871761355	0.0020437377626202685	0.003164008047246912	0.012013716954806786	0.0025792934897229383	0.010132676778295841	0.0029286864900999626	0.0037348036974266295	0.013922440772522821	0.0032970414973557288	0.00415392783133534	0.015679519102133672	0.004731165723984945
59	59	0.05404059728535699	0.19975837233914043	0.002018200709236141	0.12003910351896634	0.001309699445626052	0.0014295314000715863	0.10546593281223189	7.522852494108674E-4	0.1741451782273443	0.001471686237659589	0.0011770359640039243	0.001129972975213621	8.373758755893274E-4	9.144902468918468E-4	0.01483169643232692	9.813880898711818E-4	0.004575363937947473	0.22662887000511503	5.895225852582085E-4	9.126680721499906E-4	0.00346539443919547	7.440053190834227E-4	0.029276389705201106	8.447888288960053E-4	0.0010773158726176328	0.03036955904828296	9.510419892289698E-4	0.0011982135472044086	0.017699600208104783	0.001364719632773579
60	60	0.0015128312272789644	0.24158500806544328	0.0022897440751236293	0.12124034039196523	0.001485915911183078	0.001621870926185524	0.2691530348217388	8.535031648529108E-4	0.1078777638266486	0.0016696975814647508	0.04618448799172869	0.04613109280697474	9.500425012276515E-4	0.001037532399526051	0.00187756545421947	0.001113431163657622	0.005190966597378072	0.032875737067866	6.688412309880954E-4	0.001035465056174168	0.003931653749203878	8.44109192626591E-4	0.0033160575361248492	9.584528470547315E-4	0.04607135083575723	0.034455699860120655	0.0010790020784677207	0.0013594298911343533	0.020081032834392356	0.0015483389134923603
61	61	8.038286395562543E-4	0.17602419995183208	0.0012166339718866891	0.0961934334124988	0.008732907240018545	0.13589922246525585	0.357483187411891	4.535008766937372E-4	0.033489695469549864	8.87178101018725E-4	7.095537789606523E-4	0.008624562550340078	5.047961448125397E-4	5.512830791486389E-4	9.976267395389736E-4	5.916111733972061E-4	0.002758171263728775	0.0015814539877501035	3.553824954759161E-4	0.0799839826201532	0.025919186631084945	4.485094779318981E-4	0.04147885497582275	0.008452644703385779	6.494394155551779E-4	0.0024209523527672435	5.733176028981741E-4	7.223202828302886E-4	0.010669867869654683	8.226953145613978E-4
62	62	0.007249901657984414	0.21831354521988228	0.0010083761820063309	0.053392810523157225	6.543797752682687E-4	7.142527542802912E-4	0.032944116935815435	0.006959541385191517	0.31743850654832595	7.353150470371775E-4	5.880956368881866E-4	0.007148249725840046	4.183874698223465E-4	4.5691698522484786E-4	8.26857597214478E-4	4.903419023697303E-4	0.022037046321217314	0.0013107479907972339	2.9454975959956355E-4	4.560065516883158E-4	0.021482459852105104	3.717356948772936E-4	0.021211358568015672	0.007005759982715668	0.046623952245987164	0.002006544899052055	4.751797408640218E-4	0.07301903248731764	0.002259780421265499	0.15210625013818882
