0	0	0.008965725393268356	0.009983000124138167	0.17295338531961188	0.04593271359763995	0.009094201380321557	0.009770151775641979	0.0488772842274183	0.010624694161780985	0.11115920526698965	0.5726396387531892
1	1	0.002651488283466718	0.0029523331021127637	0.6718557556253073	0.0016472826593957467	0.002689483265404727	0.002889386170611089	0.05026480631263321	0.003142105167143649	0.140303878030218	0.12160348138370687
2	2	0.0035957595219809576	0.004003743833294145	0.6683078491237358	0.0022339273927214852	0.0036472856097796436	0.020106050666163368	0.0034148656231206254	0.004261099188811166	0.14170711141493572	0.14872230762545718
3	3	0.0021613099641992228	0.0024065378644210827	0.499000600094526	0.0013427509553048762	0.2162512678443089	0.0023552278770759914	0.09935211927110821	0.002561226933814839	0.10463606889144661	0.06993289030379427
4	4	0.00829602691751526	0.009237315901911378	0.720250088529766	0.005154049281800183	0.045762608079548975	0.009040366346686448	0.00787867402030793	0.009831078344500893	0.028160720097564294	0.15638907248039852
5	5	0.032309942452282116	0.003596240524713451	0.6729875022072268	0.0020065570010163653	0.046896304868391664	0.0035195647912704036	0.01760737935398492	0.0038274021067972058	0.1563642429472643	0.06088486374705279
6	6	0.004960971205098132	0.00552385601655	0.49770602355258603	0.0030820886107160318	0.005032060341153541	0.005406081438183468	0.11637983448088783	0.005878922171667728	0.15084205625577027	0.20518810592738707
7	7	0.0032774352601409843	0.0036493016653630786	0.446843349641464	0.002036162974955193	0.003324399862733623	0.0035714946110729754	0.07688562527939292	0.0038838739473528727	0.1734259509491543	0.2831024058083701
8	8	0.03179903220684723	0.0018627915764537766	0.19043429084242147	0.0010393624824261345	0.5590290623877037	0.01688610504824766	0.0015888086706678515	0.009514044454389468	0.035804934301954465	0.1520415680288881
9	9	0.003229781087026445	0.003596240524713451	0.22224500104576386	0.0020065570010163653	0.3231578378383206	0.10530012956966525	0.0030672986713570828	0.01836748278942504	0.2581448077256592	0.06088486374705279
10	10	0.30486337323108503	0.03701158713208787	0.09370447932827032	0.008026792408721542	0.1426574090893247	0.02286757291235898	0.0014879500090140558	0.10765781755283928	0.054692240674525675	0.22703077766177246
11	11	0.06620309557288515	0.12931838472389914	0.3337491855713766	0.002163871318829383	0.003532906552064145	0.0037954991075429888	0.0033077752677203574	0.11388764459070881	0.04318302049696915	0.3008586167980043
12	12	0.03846148778643515	0.007783783735141601	0.008968913858407142	0.004343037024585608	0.007090783923471131	0.35379747300255576	0.006638930111837579	0.10269674631159934	0.0552003843793783	0.4150184598665884
13	13	0.004960971205098132	0.00552385601655	0.14036702308067117	0.0030820886107160318	0.11670049798862694	0.09474083155616218	0.004711396833414441	0.028212609701162406	0.08384099366728621	0.5178597313403126
14	14	0.0019021942849326433	0.0021180222402166437	0.2679073539538266	0.009745217644350334	0.04474668590993536	0.11339767156448474	0.0189333930409026	0.0022541659070744297	0.2633603683723054	0.27563492708197124
15	15	0.04948565433745489	0.009909949765071178	0.01889530669216941	6.085394330680037E-4	0.049499690449980024	0.15981476837866712	9.302363170208573E-4	0.04525724891736917	0.32522933169252344	0.3403692740166759
16	16	0.024552877288082503	0.0652397029086408	0.06599626112210677	0.16349442215999085	0.024616825434533304	0.004863034026246067	0.004238131329324019	0.045468860605257254	0.03523858129065584	0.5662913038351627
17	17	0.023604439501625635	0.004777034453011651	0.6815009556709654	0.00266539233399876	0.004351729217290043	0.00467518291726195	0.042702795632378	0.005084095906281594	0.014563183889797089	0.21607519047738993
18	18	0.0028932377987980294	0.003221512151849759	0.4465621378970533	0.09297250050996664	0.09410972378416982	0.12037786050209974	0.002747686055819865	0.0034285866899976124	0.16612109170115222	0.06756566290909305
19	19	0.026698385338891954	0.00540318301541896	0.22468375639047194	0.04670633889126128	0.004922131005301891	0.15820851461473523	0.22306637735810886	0.005750492469708545	0.03831783994417839	0.26624298097192295
20	20	0.004290251283912695	0.004777034453011651	0.1213894973572902	0.00266539233399876	0.08160848208814181	0.00467518291726195	0.5448716892929144	0.005084095906281594	0.18839087784921352	0.04224749651797345
21	21	0.010648008347490906	0.04571826793403368	0.002483031081962671	0.0012023636409499352	0.18492909494600257	0.0021089840631726797	0.49846003666985733	0.002293445504003705	0.17211016653549246	0.08004660127703406
22	22	0.004649452919065607	0.005176992048301657	0.3617968148678384	0.0028885525223743074	0.0047160780973788795	0.005066612984497524	0.19279698194471767	0.005509762246539658	0.20416391930836436	0.21323483306092195
23	23	0.0017249373727182436	0.05627885754087866	0.351658683593141	0.0010716469842013872	0.0017496551754440915	0.001879702890252232	0.15694731496934713	0.002044110345730372	0.2621153758589326	0.16452971526935423
24	24	0.001339942498837733	0.0014919758910169774	0.09220300510510021	8.324623030341628E-4	0.019455916744333317	0.09797628960156415	0.14001446186432415	0.0739749713133649	0.13122582474741143	0.4414851499310129
25	25	0.0027499646009587217	0.01544198816202837	0.04066820506063789	0.0388484788469208	0.0027893707171369846	0.11441674626864301	0.014991625944434643	0.11467885125277129	0.29407483064902323	0.3613399384974451
26	26	0.023201461969509285	0.023464613001716164	0.04473999057424165	0.0014408894728763445	0.0023525095116464583	0.05473283328262038	0.002202597964317672	0.00274842100242128	0.5194863188503885	0.32563036437026227
27	27	0.0019523508424050086	0.010963115156476445	0.4683348646519254	0.018791422438440186	0.0019803274076632374	0.0021275204417838985	0.0018541328293073668	0.11657379419353003	0.20877986689267525	0.16864260514579318
28	28	0.03095948233897869	0.22636350075310224	0.01790294087465286	0.029787385404935175	0.0867332227464807	0.07303419877602609	0.0029390946512671693	0.003667428009336749	0.1916257245094448	0.33698702193577557
29	29	0.001780234722815929	0.3145438122667364	0.002284031046926107	0.0011060014131816863	0.001805744918942601	0.0019399616512054548	0.049777073520040696	0.0582104373606651	0.17434536925885666	0.39420733384062934
30	30	0.002530657708934133	0.00281779277351156	0.0032468194796277413	0.0015722145886094363	0.0025669212272539355	0.002757714387175948	0.002403346486687031	0.014391629235022798	0.2934080856572404	0.674304818455937
31	31	0.0028932377987980294	0.003221512151849759	0.17303705746724246	0.05389748901999366	0.02898470463421486	0.0031528260321808162	0.002747686055819865	0.38115369775973634	0.19217109936113422	0.15874068971903
32	32	0.0020610408036125663	0.12291609933781304	0.03975852132770952	0.07550889236153083	0.14126889113375132	0.0022459623269529207	0.001957354863438705	0.0024424045164015643	0.21112436461279427	0.40071646871599526
33	33	0.0015343041837009002	0.0017083903626863336	0.001968503560844104	9.532128396752028E-4	0.03609254214576458	0.008579216008806302	0.05671512007471848	0.0018182034345154707	0.6130462020040781	0.2775843053852104
34	34	0.03800783202700033	0.03830512811823616	0.03874933705855431	0.14317833297676852	0.09702474609792573	0.002855303336981097	0.01428426865435781	0.003105041292210986	0.3273828465133402	0.2971071639246249
35	35	0.002023490667074394	0.0478006226358458	0.10280071813984808	0.0012571283486731732	0.2753377350893348	0.01131455138365116	0.14767382628729023	0.12082151396799277	0.15262083662784887	0.13834957685244073
36	36	0.002970622538685707	0.056801199144627425	0.11079833581395428	0.0018455502994677141	0.08325347357862205	0.00323715391650224	0.002821177758026629	0.0035202902787237252	0.3042980977791263	0.4304540988922639
37	37	0.0021825460366391236	0.0024301834373674624	0.16000909279500677	0.0013559442302297736	0.04151604587952461	0.08098281860859753	0.011898303627761217	0.012411948576367616	0.24322196275160468	0.4439911540569012
38	38	0.0022262952139615994	0.0024788965111550154	0.07301389150723733	0.0013831241584291616	0.08243827432213632	0.002426043759283707	0.012136805353044023	0.002638236698609844	0.6991102848440134	0.12214814763212972
39	39	0.03846152660208499	0.046012256172369204	0.009464091586680521	0.008381501370422132	0.06794538576489297	0.001782793440293999	0.0015537034477333986	0.0682246600846641	0.20441120341555638	0.5537628781153022
40	40	0.01531962702669867	0.003100365340544855	0.016107606594590974	0.0017298786710809508	0.19085220242158757	0.27880846626901895	0.0026443577464920873	0.0032996527219735744	0.21001477718937717	0.27812306601863523
41	41	0.0055845941035351995	0.006218236805547506	0.007165002543472877	0.003469525052733556	0.28221739921259925	0.05636798085229085	0.00530364678356972	0.006617936838919531	0.1698037789587284	0.45725189884860323
42	42	0.0017249373727182436	0.017451568792813135	0.0022130848605512693	0.0010716469842013872	0.4521462046530042	0.017410618389478445	0.001638159977085012	0.002044110345730372	0.27764629135815877	0.2266533772662591
43	43	0.004462635653843515	0.004968978005923829	0.06599626112210677	0.002772489086078927	0.004526583800294312	0.4267581083452648	0.004238131329324019	0.06555910223949624	0.21605075599880671	0.2046669544188609
44	44	0.0025598210137200753	0.002850265023388512	0.07242824851431998	0.0015903327928512236	0.014120504546259518	0.0027894942936018013	0.0024310426566787435	0.11827349742096283	0.4235533443033675	0.3594034494348499
45	45	0.003982570796125738	0.004434443729668921	0.005109615731202059	0.002474240543765989	0.004039639766186507	0.040197992945772074	0.003782217364703385	0.0047194839045869574	0.6410354538687572	0.2902243413492313
46	46	0.0022953094985939987	0.002555741337628269	0.08561049723089159	0.0014260004687015623	0.0023282005520770623	0.0025012501710317365	0.002179838071277002	0.07505244565722391	0.17312264479171185	0.652928072220863
47	47	0.002970622538685707	0.003307677167397204	0.3782659457001054	0.0018455502994677141	0.003013190612776699	0.00323715391650224	0.002821177758026629	0.0035202902787237252	0.1304441513531281	0.4705742403751866
48	48	0.012628513019791511	0.09555457302840588	0.24060855004885426	0.09442483215947917	0.10566023576405219	0.1368328959465994	0.20884390849522724	0.0027200210088413274	0.05945740605853923	0.043269064470209846
49	49	0.003326516730328624	0.0037039520479572163	0.12407248412676342	0.002066655681727421	0.21303220322301922	0.19830742560186287	0.0031591677801847727	0.003942037184222227	0.2209498221598074	0.22743973546412688
50	50	0.0022262952139615994	0.0024788965111550154	0.11310393001093336	0.0013831241584291616	0.01228070694066825	0.002426043759283707	0.002114295727120014	0.002638236698609844	0.037624649533028666	0.8237238214468104
51	51	0.0030108882934600043	0.0033525115803731058	0.26140134084416866	0.028979870117844374	0.0030540333629821693	0.030390336437648043	0.0028594178408039113	0.003568006588437091	0.03732971233983891	0.6260538825944437
52	52	0.008052223492023149	0.008218280680946027	0.37084394088254624	9.09249921643135E-4	0.0014845129549453237	0.06748167939198174	0.0738654224308204	0.0017343464770447085	0.1696850295284856	0.29772531423956355
53	53	0.0030947857821238536	0.003445928298263544	0.10149703054521737	0.0019226888480803348	0.0031391330759161784	0.0033724573838889937	0.0029390946512671693	0.017599776287764168	0.1080316348388803	0.754957470288598
54	54	0.004852594867617532	0.00540318301541896	0.4649874515744906	0.0030147579487124283	0.04861371194785073	0.005287981315814266	0.004608472645364644	0.005750492469708545	0.03831783994417839	0.4191635142708439
55	55	0.09830936016824879	0.007546295206250729	0.40533409644877894	0.09574256576364934	0.006874439289554144	0.22096015478621564	0.006436371844635035	0.008031361076222529	0.08402686240668977	0.06673849300975511
56	56	0.0018860432539452446	0.002100038670870072	0.5118639898952141	0.001171736781364257	0.052857490362925405	0.027527473932644337	0.0017911610140346555	0.002235026377687616	0.15923540338418318	0.23933163632713117
57	57	0.0032774352601409843	0.0036493016653630786	0.29929721004098436	0.002036162974955193	0.003324399862733623	0.0330807225311689	0.04737639735929701	0.0038838739473528727	0.18818056490920226	0.4158939314488017
58	58	0.11236831986741809	0.01250709456378589	0.1155470855570862	0.006978453745481322	0.01139357259655581	0.012240429794750107	0.010667527456633234	0.013311034051917385	0.3921038848925363	0.3128825974738356
59	59	0.0030108882934600043	0.0033525115803731058	0.6138222931859987	0.0018705660915497588	0.0030540333629821693	0.003281032411353425	0.0028594178408039113	0.003568006588437091	0.1864308844844593	0.17875036616058262
60	60	0.0034292259765377323	0.003818314954769588	0.35947269442749624	0.0021304655658950637	0.0034783656917129206	0.0037369043545437196	0.003256709974514523	0.004063751187349979	0.44390325160928473	0.17271031625789554
61	61	0.0017946175047682121	0.026235687142616527	0.3012310047994545	0.001114936963623904	0.0018203338015757367	0.026193082517188333	0.10673327438565368	0.0021266837081422166	0.35349521410414453	0.17925516507283237
62	62	0.0014830840204239455	0.021681348957466012	0.5827725080156311	0.27466459263971266	0.0015043361417023708	0.001616149875218195	0.028115127453817657	0.0017575057724899612	0.03841762031451211	0.047987726809025945
63	63	0.0060401643510418195	0.08830174774450661	0.6059753335539961	0.0037525558975363455	0.03331880147944103	0.006582102381120103	0.005736298402126749	0.007157803312255742	0.07488740057195219	0.16824779230602335
64	64	0.0019353406583024265	0.00215492948809128	0.2551503940684286	0.0012023636409499352	0.2981937749054528	0.0369596548199266	0.15866599679150664	0.045856783949946106	0.17211016653549246	0.027770595141903175
65	65	0.0025896643107095802	0.0028834944191688697	0.29478134956346763	0.00160887345393449	0.002626773374824422	0.01448036820070683	0.2589431505649017	0.026385547620642134	0.2885910427293824	0.10710973576226196
66	66	0.002420359853392185	0.0026949802338375062	0.1774439475169588	0.07777684495802355	0.04603970272861834	0.0026375203435370733	0.024090927392476272	0.2534800043646541	0.16076217933733658	0.2526535332711656
67	67	0.05576991242435531	0.004280937461709372	0.26455876466445694	0.0023885902446390502	0.003899800349517536	0.00418966324980817	0.15942690558746542	0.021864512290044078	0.09959280042332991	0.38402811330467423
68	68	0.002271834173710635	0.10480480714734997	0.7188411832986935	0.0014114160197167506	0.0125319093039279	0.002475668583705275	0.002157543732780299	0.08451236570354878	0.00771170186765836	0.06328157016890859
69	69	0.004374745950607404	0.004871116106319438	0.47828252396523036	0.002717886097642941	0.06352115338266792	0.024461831553754084	0.023849236048555524	0.00518422500376733	0.3496577389732259	0.04307954291822917
70	70	0.025312724332707325	0.02818477246084542	0.2603856793703271	0.01572596496666999	0.13963024645179103	0.027583842660541556	0.02403930285740309	0.029996452338191447	0.08592360559187695	0.36321740896964594
71	71	0.028568208822521018	0.031809632763876924	0.036652849800892826	0.017748490648356343	0.028977582148807714	0.031131417025534843	0.027131011855991136	0.033854313864784914	0.09697429146972164	0.6671522015995126
72	72	0.0025896643107095802	0.014541847417113339	0.06161428960457829	0.00160887345393449	0.002626773374824422	0.002822015202762363	0.0024593846101233652	0.38779449055692067	0.1836658657478822	0.3402767957211513
73	73	0.017952915922330528	0.0019982395162730536	0.002302484074551711	0.001114936963623904	0.10684927351573079	0.010034784099626014	0.001704334671498629	0.30105520443304506	0.41812840777439375	0.1388594190289266
74	74	0.0027499646009587217	0.040201998884069536	0.18922826939288487	0.0388484788469208	0.05230939216121932	0.015376703380478344	0.002611620583414059	0.0032588030035860353	0.46739490570331144	0.18801986344315696
75	75	0.0030108882934600043	0.016907163593520413	0.28851064487046324	0.0018705660915497588	0.0030540333629821693	0.016835684424500733	0.0028594178408039113	0.08489591866732094	0.010220408313544293	0.5718352745418545
76	76	0.05586691767729053	0.006218236805547506	0.23343545862537188	0.003469525052733556	0.005664619556944901	0.006085657278535502	0.00530364678356972	0.15746490756018555	0.1698037789587284	0.35668725170109256
77	77	0.004852594867617532	0.00540318301541896	0.2902211278042952	0.024860548419986854	0.22338003571804613	0.005287981315814266	0.04830005358791349	0.005750492469708545	0.10385521135800167	0.2880887714431974
78	78	0.004290251283912695	0.217233104847854	0.005504368051012553	0.00266539233399876	0.004351729217290043	0.023989371134974888	0.004074419196952119	0.005084095906281594	0.47810370111490763	0.2547035669128158
79	79	0.004852594867617532	0.26755266867071203	0.04991743262027658	0.0030147579487124283	0.15784266430422286	0.005287981315814266	0.004608472645364644	0.005750492469708545	0.1475467923005505	0.35362614285702065
80	80	0.003052260624072742	0.030880388527184492	0.05887965386576404	0.001896269362886883	0.003095998545905123	0.017067021968180156	0.0441214244347837	0.0036170342287271296	0.3264016656097847	0.510988282832711
81	81	0.018302089485205404	0.0037039520479572163	0.004267902087749185	0.12187123772074167	0.018349757409621074	0.04855169805309509	0.0031591677801847727	0.07881990095860612	0.385681122463452	0.3172931719933875
82	82	0.0030108882934600043	0.0033525115803731058	0.04452690863381173	0.0018705660915497588	0.32836568167851754	0.003281032411353425	0.0028594178408039113	0.030677310614731706	0.29486810058963775	0.2871875822657611
83	83	0.0013902609741835387	0.007806789039388979	0.008042482347215683	8.637235205176526E-4	0.0014101829707967612	0.07036163799712804	0.007579105739338851	0.020423863477983202	0.44909298074734877	0.4330289731860985
84	84	0.03327766224008218	0.10853296133209467	0.12407248412676342	0.0170422284366042	0.0033741846547442923	0.22825857111161646	0.0031591677801847727	0.003942037184222227	0.2958276859341913	0.18251301719949653
85	85	0.0018860432539452446	0.019081512240979724	0.1637437817079662	0.001171736781364257	0.018894543222706096	0.19734220963374086	0.035754108154253963	0.002235026377687616	0.08281877231868974	0.4770722663086663
86	86	0.003982570796125738	0.05822158825090205	0.13061295294741268	0.1279775777599766	0.004039639766186507	0.004339896598283325	0.039640313712192135	0.02264853207833133	0.4976030684788021	0.11093385961178757
87	87	0.044643118922321486	0.08532994454287977	0.0057255362193898065	0.002772489086078927	0.004526583800294312	0.004863034026246067	0.06450885623204099	0.005288377336779279	0.21605075599880671	0.5662913038351627
88	88	0.002683520602078441	0.0029879998916530013	0.015523824282904919	0.12247600907614668	0.03896462233344241	0.25662282666123726	0.0025485192201966616	0.0031800645707182676	0.22656505075791453	0.32844756260370783
89	89	0.0022042035625385605	0.0024542982829888708	0.002827980662358843	0.0013693993403586827	0.0022357890969980417	0.0024019699919185233	0.15093915102193403	0.0026120573288876026	0.5036349161563289	0.32932023455568793
90	90	0.004290251283912695	0.004777034453011651	0.024818556268725492	0.00266539233399876	0.004351729217290043	0.10124612400582664	0.004074419196952119	0.15959760164798512	0.4201611364617688	0.27401775513052873
91	91	0.0027844359327333793	0.2036634228439895	0.02864279768855626	0.026800260859011535	0.0028243360121082074	0.0030342622017825714	0.0026443577464920873	0.2289330924133488	0.21001477718937717	0.2906582571126005
92	92	0.0028932377987980294	0.26372158875166957	0.003712007677359589	0.0017974737000296982	0.0029346969742328802	0.0031528260321808162	0.002747686055819865	0.36812869392974534	0.04889605723123331	0.3020157318489309
93	93	0.10930580384768801	0.06797080260547511	0.005965221710522206	0.23313252456534364	0.0047160780973788795	0.005066612984497524	0.004415550273197348	0.19389119391806	0.09950756837974196	0.2760286436180954
94	94	0.10614924125104587	0.006218236805547506	0.08258848790410588	0.003469525052733556	0.18165275206508857	0.006085657278535502	0.00530364678356972	0.006617936838919531	0.24522726431936137	0.35668725170109256
95	95	0.004748852432400313	0.04804517904343017	0.09160776942639558	0.002950306178119131	0.004816901974055995	0.026553685536615673	0.00450994923924795	0.19803634618668725	0.05887740692037827	0.5598536030626697
96	96	0.0015778999847426345	0.04437801279116644	0.00912795008175868	0.008083810835799322	0.037118077566440914	0.030133526377526264	0.0014985196817755148	0.044490946097485	0.43156695558206615	0.39202430100123903
97	97	0.0021825460366391236	0.0024301834373674624	0.04210241883340042	0.07013483737450014	0.2675038376392701	0.002378369300859965	0.002072747464294021	0.0025863924129004216	0.04671083948226078	0.5618978280185075
98	98	0.003377090596252615	0.003760264157424279	0.019536038204093418	0.0020980755649962516	0.003425483228046513	0.003680091262917151	0.0032071973981601717	0.004001968961568961	0.5131707301068547	0.44374306051968604
99	99	0.0014930526303410074	0.062156326494777786	0.10946023262077235	0.12863686190372633	0.0015144475986220416	0.2301594038514122	0.0014179407910049704	0.00849085982998999	0.3613098096275282	0.09536106465182508
100	100	0.002931419549659657	0.003264026104360242	0.003760994647041885	0.0018211947688693815	0.0029734258574138903	0.22754162163530992	0.0027839469758427077	0.09585208730418418	0.12872269379081133	0.5303485893665068
101	101	0.07078414835919654	0.05757111963296233	0.00386295259436981	0.028979870117844374	0.030163337389276783	0.05749964046394265	0.0028594178408039113	0.003568006588437091	0.3761960126685216	0.3685154943446449
102	102	0.020793211497968325	0.10629161055387903	0.0048488119804531386	0.0023479509658377077	0.003833449465756991	0.1402297254777915	0.003589166355243173	0.05552034747245031	0.5572741254253281	0.10527160080529178
103	103	0.004055278072037222	0.1140536053569695	0.059972001150131744	0.002519411188331047	0.004113388914186299	0.36954647665556595	0.0038512669147478472	0.004805644536996662	0.03202193884562835	0.40506098836540544
104	104	0.00224883417613906	0.002503992803127606	0.12437296891501284	0.08238894516177486	0.042776968395956606	0.2757979916857125	0.002135700809036678	0.14440062814714016	0.01775760605883872	0.305616363847261
105	105	0.005880267622847494	0.033019706140912874	0.2987390771400061	0.003653217307473165	0.005964529983542763	0.19171359479357766	0.005584445688667354	0.13932955978163702	0.17879395442832466	0.13732164711301098
106	106	0.018302089485205404	0.09355738857721789	0.04919462035237952	0.002066655681727421	0.0033741846547442923	0.04855169805309509	0.0031591677801847727	0.10877104646835968	0.34075440419882164	0.33226874474826434
107	107	0.0051929255586811544	0.0057821285197823995	0.1001741650219378	0.0032261942387933657	0.005267338526687768	0.005658847292603747	0.028309599878449755	0.029531713839359836	0.7189648286177328	0.09789225850597141
108	108	0.002005224061876402	0.002232742046021952	0.06576361085599977	0.0012457799062997681	0.10133397505524108	0.11953970284897267	0.1734225569134813	0.0023762597501901066	0.0609703439592936	0.47110980460262336
109	109	0.0016985572240016734	0.078358255347253	0.06335281957007555	0.039288745545134826	0.09348326744354411	0.0018509558513323903	0.1316069650669435	0.002012848958641013	0.4492741802695103	0.13907340472356358
110	110	0.08211278005343112	0.003264026104360242	0.01695788806433713	0.0018211947688693815	0.05576099952659487	0.04278511379317652	0.3063124955736333	0.003473833383117468	0.009950653035154128	0.4775610156973258
111	111	0.017515189501136244	0.003544700296407945	0.07574288653808661	0.001977799634752985	0.17520947116494337	0.04646421342706948	0.017355035734160338	0.003772548940818542	0.4694206045015365	0.1889975502610881
112	112	0.021525683945439533	0.0043563387228458695	0.005019618744910723	0.0024306611037429354	0.2329408581573273	0.47982145530246734	0.003715600189904219	0.004636358411280367	0.20702650943793718	0.038526915984144545
113	113	0.03800783202700033	0.2506308503009866	0.12132045124073502	0.013423724976198809	0.026249505370342246	0.014651176791578343	0.0024883951997605644	0.003105041292210986	0.4925250748777017	0.03759794792348546
114	114	0.00413068945664362	0.3579207144959705	0.13547067340668892	0.002566261806890344	0.0227857412448372	0.004501304820216047	0.022518744861309097	0.24664119385580494	0.06980913499761651	0.13365554105402283
115	115	0.03416116099169164	0.37029158235631326	0.035918272756228733	0.0038574479441243073	0.00629797298825313	0.00676608636655799	0.005896640338574214	0.007357879382805288	0.44035875817479125	0.08909419870066028
116	116	0.001870164182129942	0.4314641660426152	0.0023994100328957684	0.001161871635132327	0.0018969630387434947	0.002037959797262774	0.06071083875752836	0.03589321368811144	0.3936337924443703	0.06893162038121046
117	117	0.003912424744407113	0.6912734475631102	0.022632877945943142	0.0024306611037429354	0.021581747744938283	0.004263456874592082	0.003715600189904219	0.004636358411280367	0.15418673183483994	0.0913666935872418
118	118	0.0019021942849326433	0.19051385090400935	0.0024405044730277338	0.04399900467413083	0.0019294521227097372	0.07058043777725911	0.0018064995260123526	0.010817612664519553	0.5202637710956591	0.15574667247773955
119	119	0.14084784637401468	0.3716183326508408	0.10700025485439361	0.0015903327928512236	0.014120504546259518	0.0027894942936018013	0.0024310426566787435	0.00303347628738398	0.05478527667591519	0.30178343886806047
120	120	0.051948761058120366	0.0057821285197823995	0.006662494023059355	0.0032261942387933657	0.005267338526687768	0.07579260054176258	0.051687517628169366	0.00615379608964023	0.04100521387586416	0.7524739554981204
121	121	0.002420359853392185	0.17703361979391244	0.16654778254445413	0.012399855122995452	0.04603970272861834	0.0026375203435370733	0.0022985974474669054	0.013764374969551078	0.051800529612289765	0.5250576575837826
122	122	0.00413068945664362	0.004599368322100384	0.0052996511321051635	0.002566261806890344	0.7480242939175181	0.004501304820216047	0.003922884536368563	0.004895009631577966	0.03261741434773544	0.18944312202884445
123	123	0.026698385338891954	0.26755266867071203	0.006225851677727737	0.09039791983381011	0.09230529289039958	0.11451693367218638	0.02645426311663907	0.005750492469708545	0.32231311607074586	0.047785076259178716
124	124	0.0035384797756141	0.05172937860398152	0.16383789489663886	0.0021983413659933775	0.14695742594507485	0.0038559606664672424	0.003360467481205537	0.020123025254060636	0.3146775947949148	0.2897214312160491
125	125	0.0021000109350925358	0.02124627008438845	0.002694302112616202	0.020212654277883796	0.002130103422412201	0.021196415349857545	0.0019943645025722262	0.04975855146221725	0.6027300223815542	0.2759373054714057
126	126	0.00544763424951247	0.22678700412556443	0.006989283827979243	0.0033844363898977406	0.005525697111870092	0.005936409057975846	0.593763622375333	0.030980219904973218	0.0920656560444664	0.029120036912427653
127	127	0.004290251283912695	0.004777034453011651	0.005504368051012553	0.23443565094655405	0.29406455248298413	0.21713125331210428	0.15858792493865562	0.005084095906281594	0.033877372107510025	0.04224749651797345
128	128	0.026845285759752164	0.027149765049326726	0.015523824282904919	0.037909831024288645	0.0027219745969318285	0.09957135313635807	0.29248970111228134	0.03942271230722885	0.2628076984944251	0.19555785423650238
129	129	0.003716068510741651	0.07105485290201241	0.12187270644756097	0.0023086714193840552	0.0037693185880006887	0.020778770465368614	0.0035291221598439046	0.23861369276687858	0.4308463147973833	0.10351048194282589
130	130	0.0036549242329096255	0.38251215725357807	0.004689247049919115	0.002270684486074932	0.003707298132157119	0.003982852799708769	0.0034710539016239864	0.11950937446115689	0.1440387635268607	0.3321636441560108
131	131	0.002005224061876402	0.011260016297996936	0.0025726910921748916	0.0373548769141997	0.08327942655129111	0.0021851375732978968	0.010931620377931594	0.0023762597501901066	0.02486124695139367	0.8231735004296478
132	132	0.002970622538685707	0.003307677167397204	0.01718467235380139	0.015218930793775272	0.016386571107084257	0.056730675893732464	0.029567938746641743	0.0035202902787237252	0.18393767333035832	0.6711749477897999
133	133	0.021911618969870112	0.04029254007715767	0.005109615731202059	0.002474240543765989	0.004039639766186507	0.022268944772027698	0.039640313712192135	0.0047194839045869574	0.04937686413519275	0.8101667383878182
134	134	0.003183492844218933	0.0895348802379118	0.3337134263625982	0.001977799634752985	0.0032291112819356313	0.00346912345631755	0.017355035734160338	0.03243594225465316	0.09679649142168638	0.41830469677176507
135	135	0.10140324195851076	0.007783783735141601	0.008968913858407142	0.13022654536873682	0.07003253809554674	0.007617825056139839	0.06958068428391319	0.38593464008593964	0.0552003843793783	0.16325144317828594
136	136	0.03072575589041287	0.006218236805547506	0.007165002543472877	0.028610686839611228	0.005664619556944901	0.3077795987210675	0.00530364678356972	0.0317590986257972	0.11952145538497304	0.45725189884860323
137	137	0.0051929255586811544	0.1928054705175393	0.12355208277165741	0.04998202973823258	0.005267338526687768	0.005658847292603747	0.051687517628169366	0.029531713839359836	0.29816230912277986	0.2381597650042891
138	138	0.00507429901370136	0.005650042295710834	0.029354172346061642	0.0031524954592408684	0.005147012101130722	0.41671933641610326	0.004819023396141183	0.006013219537872832	0.017224620367913328	0.5068457790661239
139	139	0.003716068510741651	0.004137703395633039	0.004767694811397062	0.21978940731511704	0.17106219235394912	0.004049483088773773	0.07044627166622328	0.004403669494550761	0.04607270513570188	0.47155480422791246
140	140	0.0035957595219809576	0.004003743833294145	0.004613339061544564	0.09935995325548116	0.019834956586906257	0.003918379689036756	0.0034148656231206254	0.004261099188811166	0.2064577953234422	0.6505401079163822
141	141	0.003982570796125738	0.004434443729668921	0.023038663904946435	0.002474240543765989	0.02196868793993088	0.004339896598283325	0.003782217364703385	0.0047194839045869574	0.5155321166525465	0.41572767856544196
142	142	0.004748852432400313	0.005287669691262335	0.24125905215898297	0.002950306178119131	0.17584693938272733	0.026553685536615673	0.00450994923924795	0.005627554101931978	0.18714993497688176	0.3460660563018306
143	143	0.003138512633205923	0.003494616512616866	0.004026693898023319	0.14324186721443835	0.003183486518836284	0.003420107512908501	0.08775582909626298	0.003719245837680404	0.32149605400989756	0.42652358676612984
144	144	0.004374745950607404	0.004871116106319438	0.04500192004025437	0.002717886097642941	0.06352115338266792	0.004767258648073359	0.004154663142874797	0.00518422500376733	0.5662980409357139	0.29910899069207864
145	145	0.03971123518797051	0.00803670591930467	0.04175382029068563	0.004484157390661566	0.16978856439432893	0.007865354666073946	0.006854652023124902	0.008553294740959299	0.08948751195488358	0.623464703432007
146	146	0.003183492844218933	0.003544700296407945	0.11873797650883852	0.001977799634752985	0.4761751009602069	0.01780082011323486	0.003023339077243028	0.003772548940818542	0.2544451546477768	0.11733906697650154
147	147	0.0034292259765377323	0.003818314954769588	0.09702742102249061	0.048444337343248996	0.0034783656917129206	0.0037369043545437196	0.003256709974514523	0.004063751187349979	0.4130273370910488	0.4197176324037832
148	148	0.08969093065256814	0.009983000124138167	0.09222818006031205	0.00557011096799005	0.08981940663962135	0.009770151775641979	0.0892398868570682	0.010624694161780985	0.19188441052628946	0.4111892282345896
149	149	0.1020429212493093	0.06001142143610451	0.0888019012832548	0.0019498549057192151	0.0173126877497082	0.031678509974652325	0.0029806217110315025	0.003719245837680404	0.250850047855538	0.44065278799700175
150	150	0.0032774352601409843	0.0036493016653630786	0.004204930840025164	0.002036162974955193	0.003324399862733623	0.0035714946110729754	0.0031125554791531247	0.09241155770764063	0.35048131846972985	0.5339308431291854
151	151	0.003912424744407113	0.0043563387228458695	0.005019618744910723	0.0024306611037429354	0.003968488543905866	0.004263456874592082	0.003715600189904219	0.2336087280247018	0.030893917427613028	0.7078307656233763
152	152	0.003716068510741651	0.03759627814882273	0.004767694811397062	0.0023086714193840552	0.13760361760075945	0.004049483088773773	0.0035291221598439046	0.12150868113071467	0.5479513264335473	0.13696905669601558
153	153	0.002683520602078441	0.0029879998916530013	0.0034429417040680557	0.025828948445451784	0.0027219745969318285	0.0029242925056631565	0.014629401799033524	0.2689594813051292	0.5527488803865098	0.12307255876348121
154	154	0.08271375042842294	0.016739496631859075	0.01928819047816329	0.00933996320027094	0.08292917898955776	0.016382592477953106	0.01427741982919201	0.017815489324259578	0.38943183873983994	0.3510820799004813
155	155	0.005728618221045766	0.006378602277377192	0.033139325473590074	0.003559002510653807	0.10896887071277891	0.08361122599921395	0.005440425398708078	0.2904735592422946	0.2773411036635967	0.18535926650074094
156	156	0.013316524825896868	0.0026949802338375062	0.0031053079568838784	0.37197329921565003	0.002455042838599603	0.0026375203435370733	0.0022985974474669054	0.002868209997046396	0.030008199667280393	0.5686423174738013
157	157	0.1739146656603587	0.09781371048248262	0.00653024132113099	0.12266777574788776	0.0011450239750218879	0.08254110393142197	0.026481737430665987	0.08773063264882579	0.15628992930562133	0.24488517949658284
158	158	0.0051929255586811544	0.14604963501810003	0.030040411772778965	0.0032261942387933657	0.16891276277472503	0.169304271540641	0.004931682128730146	0.029531713839359836	0.22802855587362103	0.21478184725456947
159	159	0.003912424744407113	0.0043563387228458695	0.005019618744910723	0.23140303071716437	0.021581747744938283	0.057103234477689335	0.021328859390936636	0.057476136014377614	0.06612043582967786	0.5316981736130523
160	160	0.02505626367986214	0.005070852661178529	0.046847190872379194	0.2078506757276777	0.2711471365368586	0.004962736603783154	0.06583142547700031	0.005396800360064727	0.03596104742280022	0.3318758706583954
161	161	0.04104492752470584	0.0754761384600257	0.04315611235960573	0.0382195175914391	0.07473659018247099	0.10888379326314526	0.5444410374273869	0.008840555099290123	0.025323406948278466	0.03987792114365185
162	162	0.04023974607280028	0.001905853468996479	0.01760727183426256	0.016474629444535527	0.0017361729973868647	0.10203827968548179	0.12491545825752236	0.0020283592079996123	0.2292731340250869	0.4637810950059275
163	163	0.0025896643107095802	0.07283361240683567	0.0033225246148559464	0.11819240343337918	0.002626773374824422	0.01448036820070683	0.11904291458956803	0.08467731261036447	0.17200751274993772	0.4102269137088181
164	164	0.003326516730328624	0.06360624306746433	0.034219047597502744	0.002066655681727421	0.0033741846547442923	0.06352727080797187	0.3326217683874739	0.06384432820372934	0.02626737634640928	0.4071466085226482
165	165	0.054496804693620345	0.006065737127078944	0.006989283827979243	0.05243360683400562	0.005525697111870092	0.005936409057975846	0.2504194292665778	0.0064556346829192784	0.1411148264885743	0.4705625709093986
166	166	0.0027499646009587217	0.07734201496713128	0.0035281889775761435	0.17502853781814723	0.0027893707171369846	0.0029966980194577613	0.3244917599699492	0.0032588030035860353	0.2321748038439203	0.17563985808213636
167	167	0.003052260624072742	0.0033985781241859412	0.003916033059766931	0.001896269362886883	0.04431871415040295	0.003326116766680879	0.26397590765877216	0.0036170342287271296	0.5599970540352724	0.1125020319892321
168	168	0.006990610700397341	0.007783783735141601	0.04043979094444495	0.19316829954081244	0.007090783923471131	0.03908870214217765	0.19546419262806441	0.03975499213952372	0.24402564689560516	0.22619319735036153
169	169	0.004554129210108134	0.005070852661178529	0.005842921932871184	0.0028293310301376424	0.004619388430056556	0.41500542599886325	0.004325022067738297	0.06690320376932675	0.19997812318083227	0.29087160171888743
170	170	0.0051929255586811544	0.0057821285197823995	0.1001741650219378	0.3305170427348679	0.028645256276407377	0.005658847292603747	0.07506543537788897	0.21655505583711673	0.04100521387586416	0.19140392950484986
171	171	0.017769861769654283	0.33801809622515366	0.004143790806346328	0.19102760587517825	0.003276062820508159	0.03259972615652608	0.0030672986713570828	0.0038274021067972058	0.18544440431252	0.220825751255959
172	172	0.004960971205098132	0.3181954814294755	0.006364897903703088	0.09241683872869474	0.005032060341153541	0.005406081438183468	0.02704508436290912	0.36321792264358255	0.08384099366728621	0.09351966827991365
173	173	0.007217759936185565	0.04053018117108961	0.009260345038900686	0.26443195940494113	0.20228203964611385	0.040358829917858885	0.006854652023124902	0.008553294740959299	0.12198098720666853	0.2985299509141575
174	174	0.010691944168517443	0.011905080211549728	0.013717703693738936	0.4398470159206012	0.010845156320386311	0.011651251038932966	0.010154058513145645	0.012670323013754987	0.03629361982815079	0.442223847291222
175	175	0.07088693253354139	0.014210505244279437	0.0032468194796277413	0.6623495378931463	0.0025669212272539355	0.002757714387175948	0.002403346486687031	0.0029989167642549223	0.04276841130034714	0.19581089468368623
176	176	0.002716336342476527	0.0030245389920713285	0.2480573449378171	0.30740294666170814	0.03944110570018585	0.07633174280049508	0.0025796840806656786	0.0032189523561599056	0.1926497824216787	0.1245775657067417
177	177	0.0016856674349795466	0.001876927685660693	0.002162701753280918	0.4184240601317971	0.1003625231215789	0.03219158667016415	0.0016008656142150264	0.009586243391246772	0.14231801599410304	0.2897914082029738
178	178	0.07569876349110323	0.004434443729668921	0.16647104929490142	0.020403288717510366	0.004039639766186507	0.022268944772027698	0.039640313712192135	0.07643567659956445	0.12109305683017026	0.4695148230866751
179	179	0.002931419549659657	0.003264026104360242	0.003760994647041885	0.0018211947688693815	0.0029734258574138903	0.04278511379317652	0.042374627227728445	0.05626140705229844	0.5642201765615544	0.27960761443789717
180	180	0.003229781087026445	0.03267640188996913	0.1640846783152525	0.016546637683644203	0.23591735374255354	0.1925406136654323	0.04668754071924059	0.03290756347205288	0.0255035168036138	0.24990591262121467
181	181	0.010203509413571147	0.035460809019942516	0.002379377456533075	0.0011521712163063101	0.20225614511131226	0.002020944954154239	0.0017612523537393373	0.30276023569905763	0.2567640134959051	0.18524154127947837
182	182	0.0034292259765377323	0.2508256311006572	0.00439967746778273	0.0021304655658950637	0.06523019472818484	0.0037369043545437196	0.003256709974514523	0.2510710673332376	0.36671346531369486	0.0492066581849517
183	183	0.031973370676356604	0.12153096673826107	0.002827980662358843	0.0013693993403586827	0.0022357890969980417	0.0024019699919185233	0.0020933154528437917	0.27053456135325005	0.4738657490425109	0.0911668976451436
184	184	0.0030947857821238536	0.003445928298263544	0.00397059259622544	0.0019226888480803348	0.0867332227464807	0.031237153940743834	0.0029390946512671693	0.2683820452994577	0.06623459000359805	0.5320398978337594
185	185	0.006777322419558953	0.1906103707036304	0.00869526620445632	0.0042105280149595	0.006874439289554144	0.007385400039272671	0.006436371844635035	0.2216061158231655	0.20606957940494292	0.3413346062558247
186	186	0.017387271999736276	0.019360077508298046	0.022307771306656423	0.08907752022025893	0.017636426065285263	0.018947299738774057	0.01651256071736314	0.17715527508520718	0.2938469306419682	0.32776886671645233
187	187	0.0023942714763964075	0.00266593180112698	0.0030718367172441886	0.033823637137781415	0.034764735463280266	0.2612983299732213	0.013052539793076051	0.05673088576919237	0.11591449597645369	0.4762833358922273
