0	0	0.007010400186564531	0.004457620202526736	0.008358707412941199	0.009740473803951632	0.00430846876915062	0.5689099714519029	0.006695019879980747	0.006272725145328541	0.003004590917863437	0.011614392012951169	0.0027777685333160765	0.048984901783022915	0.15517308365983803	0.04209958422983313	0.010307451161854518	0.017145296187904484	0.004322188167885151	0.006110502377785422	0.00723065155411558	0.07547620256128305
1	1	0.002161203391843161	0.0013742188241568083	0.014300844506156693	0.003002844982174392	0.0013282376283431216	0.14021465326529345	0.0020639762763903654	0.0019337890133811892	9.262712412955405E-4	0.0504764576518233	0.04775225644670106	0.4840604377557329	9.416709211813358E-4	0.0012547055541624625	0.014901613576095984	0.017009620746859095	0.0013324671174293429	0.0018837781172671136	0.002229103652875576	0.21085184933083706
2	2	0.0029123885144083377	0.0018518660181931013	0.003472526933826803	0.00404656557066336	0.0017899028049795898	0.1099552476765444	0.0027813674659487187	0.0026059300726236864	0.0012482220482150973	0.004825062906563009	0.0011539913495407937	0.6523088315149081	0.0012689743064219039	0.0016908126549767556	0.004282109662461514	0.007122812159779467	0.0017956023682335698	0.0025385365269779505	0.0030038893611599627	0.18934536008357386
3	3	0.011355647393664564	0.0011238704190600806	0.002107425840734013	0.24215983581259776	0.0010862658506321087	0.0954947167964732	0.0016879712618550308	0.011169662244626044	7.57527716706152E-4	0.02210458289862901	7.003404829824373E-4	0.40546485689425943	7.701219588911687E-4	0.06814325909469682	0.002598749765659353	0.00432273059079529	0.0010897248322645702	0.0015406007142772346	0.0018230165476177218	0.12449909288357797
4	4	0.006514882945424301	0.004142541518567975	0.0077678875557956745	0.009051986331298794	0.004003932579887139	0.10459865401946344	0.006221794715650605	0.00582934910748107	0.0027922169359575213	0.010793450078878927	0.0025814270744086566	0.6816709380771362	0.002838638810100241	0.039123852563230414	0.04492046815798086	0.015933412466652058	0.0040166822481597685	0.005678592757843331	0.0067195662502254625	0.034799725805857454
5	5	0.13065372403200545	0.0016674573118449047	0.0031267329112921243	0.017869314480880062	0.0016116643916642716	0.027877382419877732	0.002504399061520077	0.002346431713236281	0.0011239241719728213	0.00434458343347665	0.001039076960586529	0.3739663724500872	0.0011426099215596063	0.25758514361307033	0.0038556974406604326	0.03486493428584531	0.0016167963927533377	0.002285749212799353	0.031156173570972362	0.09936183222389505
6	6	0.0039818409933711565	0.002531886109628587	0.0047476667440799975	0.04873344290123789	0.0024471695063203636	0.23673359053121576	0.0038027079624688674	0.06836426742389565	0.0017065792203971456	0.0065968648007974605	0.0015777462515267225	0.4814328929890795	0.0017349518746718356	0.002311692656522136	0.005854534759955914	0.009738366054384143	0.0024549619950273932	0.003470707550274876	0.00410694168674407	0.1076711879884006
7	7	0.01709121327699553	0.0016915203829399193	0.0031718547838612632	0.04698918005697603	0.0016349223153079133	0.11486566150494497	0.0025405400363081925	0.002380293061730253	0.0011401435180774988	0.018838276881204662	0.0010540718768570518	0.3793630799660684	0.0011590989216563687	0.0015444119831177308	0.09049731966718572	0.035368070040196396	0.0016401283762881615	0.0023187348523250263	0.002743794655002206	0.27396768384295667
8	8	0.0013726502561926541	0.04555047850051474	0.023975485297756213	0.06892370552341802	0.35081866980287896	0.14862509008854846	0.001310898166852588	0.0012282120205153095	5.883048589813061E-4	0.0022741209842275793	5.438925863615685E-4	0.2031945672746098	5.980856943345646E-4	7.969041261306867E-4	0.009464497312058858	0.010803360925694127	0.06041651651515659	0.0011964484809879794	0.023754609723978814	0.04456350186080127
9	9	0.07375090136972749	0.0016674573118449047	0.017352438576861615	0.060546431477588536	0.20077154370963715	0.056328793751016716	0.059407221723798045	0.002346431713236281	0.0011239241719728213	0.00434458343347665	0.001039076960586529	0.40241778378122617	0.0011426099215596063	0.0015224416328195195	0.018081403106229924	0.006413522954706332	0.0016167963927533377	0.002285749212799353	0.016930467905402875	0.07091042089275607
10	10	0.0012864377020788567	0.0636253630775335	0.10621280964081088	0.0017874176087022296	7.906220066419349E-4	0.13231174209606833	0.0012285640991338883	0.0011510712522794196	5.513549773479345E-4	0.023067079810232087	5.097321228186915E-4	0.08575349873644271	5.605215041449043E-4	0.056575627037499125	0.0437630410944093	0.12178237895545158	0.25900122100985007	0.04997148026619127	0.001326854747555821	0.04874318225480758
11	11	0.002823181809168107	0.00179514320624268	0.0033661631416705973	0.003922618926762119	0.001735077931463388	0.22910764574261086	0.0026961739464467166	0.0025261102152402634	0.00120998890185478	0.004677270823761591	0.0011186444974092967	0.4026029260828451	0.07780531586281222	0.0016390229210924338	0.004150948283210177	0.05284976603172227	0.0017406029166153463	0.0024607809395680454	0.09480213239268369	0.10697048542682024
12	12	0.06560510328333585	0.003520450159882159	0.006601372820326216	0.007692636654197737	0.0034026563228975806	0.08889092520032793	0.03532174373697309	0.004953947451209815	0.002372905742659977	0.009172582311016834	0.0021937704947777143	0.06872060114132807	0.03244664117126162	0.0032142831193325643	0.30848326063005155	0.13367780840148982	0.12355063052893923	0.004825830397269243	0.005710479417988438	0.08964237101473463
13	13	0.11198420578695402	0.002531886109628587	0.02634813970279657	0.005532496983804745	0.0024471695063203636	0.2151331175724992	0.04700365387990201	0.003562848547745929	0.0017065792203971456	0.0065968648007974605	0.0015777462515267225	0.3734305281954966	0.0017349518746718356	0.002311692656522136	0.005854534759955914	0.05293931197181729	0.0024549619950273932	0.003470707550274876	0.00410694168674407	0.12927166094711717
14	14	0.0015583077364882617	9.908626987139037E-4	0.0018580163873656423	0.08669938720818156	9.577085525378043E-4	0.21099445325348667	0.001488203383155133	0.001394333541980021	6.678758912026431E-4	0.05330224148810141	6.174566473303354E-4	0.1461433749104251	0.05139951444814006	9.046892020647207E-4	0.15445279760154806	0.10525221407421449	9.607581709075174E-4	0.01826511877156954	0.001607266340974879	0.1604854196916122
15	15	0.11031476501323893	0.013654309223618447	0.03162480841163504	0.0011219176692954837	0.022397713809741912	0.10056996453712858	0.005151431191958461	7.224988554789933E-4	3.4607183465635693E-4	0.040760385471479456	3.1994620194717804E-4	0.03630417475637448	3.518254360137128E-4	4.6878088590465125E-4	0.12383539869409792	0.1771864926301809	0.026779586023907984	0.11021111386930586	8.328337925194219E-4	0.1970459816915163
16	16	0.003593711638073047	0.002285090889765627	0.004284888638269713	0.024488187755426046	0.0022086320246945167	0.36961777990179995	0.0814119199232395	0.0032155604184199334	0.021035200753795995	0.08393371674165073	0.0014239556716295018	0.10309080225851092	0.0015658377001704787	0.002086360760568229	0.20023356573652557	0.00878912027971923	0.002215664941730286	0.061617311113901334	0.003706618160069703	0.019196074692039763
17	17	0.0034588512353320613	0.020962725561864765	0.00412409059277957	0.004805838319199862	0.0021257491909130472	0.07429641578026197	0.0595934064819938	0.0030948908108554794	0.001482430778750205	0.08078395516272888	0.0013705192096366205	0.5683068060799241	0.0015070768634258703	0.002008066372823727	0.00508557845993336	0.08351283999511039	0.020895904945657812	0.0030148519535886913	0.022330907500242518	0.03723909470497725
18	18	0.06621523394078052	0.0014970810381904809	0.002807251807725408	0.1565372536348919	0.014219150462842962	0.050573270109977635	0.015020667921120586	0.053195325974712035	0.0010090846429902202	0.003900665660758674	0.05202155319115894	0.23357820838636711	0.0010258611332739807	0.1546328215722649	0.0034617327150796642	0.031302529693756305	0.0014515965146524403	0.002052197546667399	0.0024283969570339458	0.1530701170957548
19	19	0.046185165492489924	0.002478352522973922	0.0046472832283740075	0.13227806594953004	0.002395427147006866	0.14715312167090633	0.0037223044263631003	0.0034875165410087916	0.0016704957227110734	0.04874489786991608	0.0015443867669298545	0.17524098344292954	0.022842026262777	0.0022628147869069677	0.28059959916919053	0.00953246040125676	0.0024030548732200904	0.003397323750470825	0.0040201055064605805	0.10539461446857773
20	20	0.0034588512353320613	0.0021993388014709776	0.00412409059277957	0.17367631916274393	0.0021257491909130472	0.01800625549908061	0.0595934064819938	0.2470189186959747	0.001482430778750205	0.005730408121153724	0.0013705192096366205	0.1930390708720484	0.0015070768634258703	0.002008066372823727	0.00508557845993336	0.008459292953535246	0.002132518185264025	0.040541625474376265	0.0035675207398487285	0.2248729623089151
21	21	0.0015851068929389474	0.0010079031611734074	0.027686373011317073	0.04519640344549359	0.09556099056686343	0.11143743912303976	0.001513796912829504	0.3453703553670412	6.793617550528195E-4	0.002626105835199953	6.280754210846209E-4	0.00247707240788447	6.906564526403563E-4	0.09550705941069564	0.0023305961786033	0.003876686985860289	9.77280907675448E-4	0.1905552563328728	0.0016349074680264426	0.06865857236370686
22	22	0.0037395151084357228	0.0023778012169638914	0.02474465119571859	0.3094845531971282	0.002298240275546629	0.12089693294502082	0.023857200479688846	0.0439178551382249	0.0016027206483236692	0.006195394449943686	0.001481728164104029	0.22898888574035373	0.0827730336822453	0.0021710082420457553	0.005498240945372813	0.09028937808020783	0.0023055585309216583	0.0032594880967927826	0.0038570024550481563	0.04026081140791304
23	23	0.0014147899324345441	8.996057311019539E-4	0.0016868958663243559	0.22453712772032347	8.695050320358539E-4	0.1455129310637373	0.070425016596212	0.0012659175151723903	6.063655238718414E-4	0.025368560198012608	5.605898166984591E-4	0.2861812883056079	6.164466259779032E-4	0.01617111857559351	0.002080177699527151	0.003460143756378457	8.722737851301308E-4	0.008908053796578106	0.0014592395229177473	0.20710395293636435
24	24	0.10271861935740564	7.00643683082963E-4	0.0013138121422494296	0.007508451474658235	6.772002301036111E-4	0.268744269268672	0.04887195450181516	0.03685066897547815	0.024382077628295935	0.013780446671121228	4.3660650470655766E-4	0.10931612386832026	4.8010969641129906E-4	0.04845934887491955	0.0016201134724636067	0.19397343370066913	6.793566296222594E-4	9.60441827016128E-4	0.007113960462612856	0.13141236103037607
25	25	0.13590500087245783	0.001424314726886948	0.06342762803008502	0.003112310976597076	0.04998211651664615	0.3275965234270674	0.002139216662391343	0.0020042835406078826	9.600376205576923E-4	0.05231653120360228	8.875625221822643E-4	0.0035004659634241954	9.759986818276405E-4	0.0013004447088672132	0.0397475679981946	0.15129470383529522	0.0013810409995014409	0.00195244954256627	0.0023103636078455362	0.1577814385633959
26	26	0.10467455545138145	0.011482718926005355	0.002259046561598835	0.0026324864321836325	0.001164418262043328	0.28736900420248934	0.022365395130645508	0.0016952834297645103	8.120287559655288E-4	0.0031389365658734156	7.507271332873564E-4	0.05435075261806498	8.255291026700637E-4	0.0010999553314691571	0.002785719245296805	0.08685765827926385	0.032002097902525874	0.04276340307080572	0.0019541751761946715	0.3390161084224706
27	27	0.0015988551301360035	0.0010166450900573217	0.01057974399366722	0.019568263856228604	9.82628268182078E-4	0.19913779607405213	0.0015269266513464842	0.001430614303269394	6.852541189007597E-4	0.019995646553675216	6.335229589794957E-4	0.5229014620040187	6.966467797122243E-4	9.2822934650862E-4	0.05439110082911729	0.04727721972214052	9.857572380647284E-4	0.010066998064990368	0.01899585114467321	0.08660083787227962
28	28	0.029801924168550743	0.056172979170029835	0.09850285471509278	0.11264201757698808	0.01518914129702125	0.14952733772375992	0.1388363217696586	0.0022503914922338214	0.04200825016170329	0.0723839724983265	0.055570318633018784	0.017573734488034932	0.001095842522036679	0.0014601275965513737	0.0036978824775269373	0.01979445821130548	0.015194063243619493	0.11133973561416691	0.0025940554326387122	0.05436459120773581
29	29	0.0014595988881854131	0.06427171479103447	0.03341213136885802	0.0020280132882990404	8.970438288652943E-4	0.20554725354939357	0.0013939351981542092	0.048813724101884594	6.255702166005146E-4	0.1291054058717366	0.04808605739964323	0.0022809390007757623	0.016471874835323478	0.03251919137558177	0.01798196491907078	0.003569732766673723	8.999002733772456E-4	0.056697900659818404	0.21529016338099063	0.11864788428573322
30	30	0.0020643918547127256	0.001312660417751228	0.0024614354444805063	0.04766353145723581	0.0012687389587779604	0.13393370989732692	0.0019715200472949206	0.0018471645487065718	8.847787362365601E-4	0.28339015211503443	8.179850767214453E-4	0.0032260588387759267	8.994885843894018E-4	0.001198500768530987	0.05902929233800807	0.08344047066455297	0.012471578865844464	0.16978139208247806	0.024526850267580554	0.1678102990355604
31	31	0.07898739551608319	0.0014970810381904809	0.002807251807725408	0.0032713147312598196	0.0014469888875402878	0.012256785384069612	0.0022485063458179107	0.002106679673501337	0.0010090846429902202	0.3359768666186282	0.19251533051948835	0.05476794633212969	0.0010258611332739807	0.0013668826686328113	0.0034617327150796642	0.044074691269058976	0.0014515965146524403	0.002052197546667399	0.0024283969570339458	0.25524740969817616
32	32	0.0016866277270155008	0.019371507466067965	0.020310067559570266	0.0023434544041434865	0.0010365717638996716	0.0911260599559659	0.029059327759780495	0.09300440822536513	7.228726200423706E-4	0.19493433945800578	0.0281168787470072	0.05753287503266093	0.06478157079301394	9.791864962260493E-4	0.002479863126467458	0.11391928463847327	0.028488449685682513	0.21190921360100187	0.010889143590389649	0.02730829734922047
33	33	0.03543750941109401	8.012177896629234E-4	0.0015024036982871853	0.070105667994397	0.08963578435667183	0.08175006235742883	0.0012033705848127	0.014798447645474213	5.400486323817532E-4	0.12512641142246841	4.992793157203434E-4	0.0019691122678587884	5.4902718606092E-4	0.04174447976812154	0.0018526731443559037	0.02358818648945982	7.768750797605466E-4	0.021604779939723224	0.04231258804693347	0.4442020748693266
34	34	0.11801734865192424	0.0013582942129533688	0.0025470056646667307	0.0029680476573199117	0.12878215434898344	0.16176606709254635	0.1526856050784719	0.0019113800362617892	9.155374999675468E-4	0.07306776836458098	8.464218018368881E-4	0.0033382106995069457	9.307587265309688E-4	0.0012401658769483237	0.0031408129511595593	0.016812511238278545	0.0013170263299700023	0.0018619486723608903	0.013791391488791797	0.3127015436069398
35	35	0.0016563186665134598	0.0010531837488853431	0.001974877717039941	0.36170561383692984	0.09086901230014263	0.09847361199012539	0.001581805047469773	0.09133309914470206	7.098824446615221E-4	0.0027440850421241183	6.562920447541246E-4	0.0025883562085061954	7.216845625692778E-4	0.12675308543888286	0.029390619842082383	0.11187213076144882	0.045946719750418474	0.010428810275875383	0.0017083565590290785	0.017832454617839295
36	36	0.002416144849070479	0.0015363254314766125	0.002880840939632884	0.04267797955842313	0.001484920168168844	0.012578084027072623	0.0023074485574220986	0.0021619040491535164	0.0010355367277994497	0.2006074713652793	9.573620556704175E-4	0.2790221244247494	0.0010527529960016138	0.0014027140496037844	0.01665944862969005	0.01901612208609213	0.0014896485793440448	0.15938963684061377	0.028705995328674728	0.2226175393360611
37	37	0.01146558123679289	0.001134750590842664	0.031170780431233502	0.05088449713167782	0.0010967819731814642	0.15450510491046954	0.0017043124849903512	0.0015968113570600914	7.648613305712844E-4	0.1578523559763106	7.071204681407965E-4	0.1286416136414479	7.775774974160489E-4	0.001036063430285949	0.23496752929477924	0.08181245256861797	0.0011002744411604973	0.0015555152454682286	0.011521649353435217	0.12570436663611786
38	38	0.14002962516574685	0.0011571553971016248	0.04165835234529205	0.09137768584517264	0.010990565160164233	0.048962284797189455	0.0017379628671440022	0.0016283392094143894	7.799629485521088E-4	0.00301498463108687	7.21082035747186E-4	0.022588138133282837	7.929301866514844E-4	0.0010565197319745109	0.08165273967964602	0.0044507542404563115	0.010994126584325418	0.0015862277368199145	0.0018770077059645845	0.5329435555982674
39	39	0.08146194277005879	8.537393327939732E-4	0.0016008894803777656	0.03828338754024833	8.251733178733635E-4	0.18179538293011457	0.001282254105483736	0.0012013747105097043	5.754499775646099E-4	0.06777657282736879	5.320081448269452E-4	0.002098191796846449	0.007868588540360303	7.794912017165924E-4	0.22776483465540084	0.12710444290313427	8.278009060907972E-4	0.008453876672692637	0.008668411641348727	0.2402461865451889
40	40	0.4081951546412541	0.0014418349898255504	0.002703657169101441	0.0031505950058409913	0.02599526486885232	0.09791033649824482	0.014466367569119063	0.11273646867132767	9.718468866037464E-4	0.028358394809783676	0.013199317035661575	0.003543524623795463	0.06249218804121747	0.001316441266935714	0.10174068010235565	0.017846551018926782	0.0013980289593838327	0.001976466305655479	0.026940456516996794	0.07361642501911778
41	41	0.17397484654595052	0.0028384448676735375	0.029538351518946963	0.00620236732188698	0.0027434708453616743	0.28961294659727577	0.004263136820524062	0.003994235418484546	0.0019132104761715274	0.007395607948300087	0.0017687785138147999	0.006975901786863959	0.21988758799537897	0.0025915905662543454	0.05499507929304895	0.035133320735596565	0.0027522068424086017	0.0038909380622648396	0.004604206922357684	0.1449237709214357
42	42	0.03211428971526602	8.996057311019539E-4	0.024711520703447957	0.20918737782890776	0.01621925492345159	0.007365182040995673	0.0013511420848411932	0.0012659175151723903	6.063655238718414E-4	0.01769368525230474	5.605898166984591E-4	0.002210915314416795	0.18481344532296673	8.213686841777732E-4	0.032779677482358625	0.003460143756378457	8.722737851301308E-4	0.001233178850870239	0.0014592395229177473	0.460374826144724
43	43	0.3739981433037696	0.002285090889765627	0.004284888638269713	0.004993217667757803	0.0022086320246945167	0.17466807902511752	0.0034320395725665255	0.08119544076909291	0.0015402306661277529	0.005953836390977771	0.0014239556716295018	0.02511092190783796	0.0015658377001704787	0.002086360760568229	0.005283864859843141	0.00878912027971923	0.08019554529240326	0.0031324008508966106	0.023201588247737943	0.19465080548105393
44	44	0.03606467254156294	0.0013275271283957942	0.0024893127599145016	0.0029008176180744982	0.0012831082310806581	0.044845526948783146	0.0019938487605529217	0.08114751852079541	8.947994158260524E-4	0.0034588905686214386	8.272492758111262E-4	0.0032625959984478783	9.096758623261561E-4	0.0012120745488416365	0.16162853688638973	0.17499055388853083	0.0012871940152385472	0.0018197731762878918	0.0021533656206566584	0.4755029582338622
45	45	0.038124263548459894	0.0020457946560181184	0.0038361722577713426	0.03937721237838056	0.001977342614014778	0.12146983414993859	0.0030726341119496773	0.14250637590620502	0.001378936689088358	0.09259756613711531	0.001274838089142753	0.005027845620327522	0.001401862137540194	0.0018678756777740946	0.07454431058066108	0.007868717773932523	0.0019836390393134107	0.00280437375597264	0.0033184586476330776	0.4535219462287611
46	46	0.0018753743739115454	0.001192472109148698	0.002236064313603233	0.0026057050204774997	0.0011525721364592906	0.19288462246837176	0.07300500339070465	0.0016780365855126114	8.037676397201195E-4	0.0031070028200951482	7.430896646988265E-4	0.05379781913867183	8.171306416167764E-4	0.0010887650148808982	0.4809085043455381	0.09614744632943047	0.0011562422562994567	0.0016346398587895876	0.00193429451534881	0.08123144737672065
47	47	0.002416144849070479	0.014643295690603806	0.002880840939632884	0.003357068781041554	0.001484920168168844	0.2878244594687437	0.0023074485574220986	0.0021619040491535164	0.0010355367277994497	0.0040029174783714	9.573620556704175E-4	0.34455697572038535	0.0010527529960016138	0.0014027140496037844	0.1346221809618348	0.005909151826964939	0.0014896485793440448	0.002105993731087446	0.0024920548104203437	0.1832966285586795
48	48	0.04256908717518555	0.001192472109148698	0.002236064313603233	0.05347284602207001	0.0011525721364592906	0.04028319946359421	0.011964434188793633	0.08306546218806063	0.041497480440994126	0.0031070028200951482	7.430896646988265E-4	0.22674609854408637	0.20428569464798682	0.0010887650148808982	0.012930807130887035	0.004586592526563947	0.0011562422562994567	0.03215492445974509	0.00193429451534881	0.23383287038149816
49	49	0.2076913648099875	0.0017162881314351172	0.0032182980323980774	0.003750310440266044	0.13343955916751038	0.07262065967617162	0.002577739385069157	0.002415146026254	0.0011568378412372903	0.00447181281939718	0.0010695059132453581	0.033502633688157625	0.059745269830885996	0.0015670257263256885	0.07718010879028227	0.006601340405932382	0.0016641436276167557	0.002352686463094044	0.0027839701188174574	0.38047529910591593
50	50	0.011691960608903162	0.0011571553971016248	0.0021698401739555237	0.002528533459665471	0.0011184371173301034	0.542568686938896	0.02148221895281226	0.0016283392094143894	7.799629485521088E-4	0.03263136875958926	7.21082035747186E-4	0.0818209063902876	7.929301866514844E-4	0.0010565197319745109	0.13101337989381667	0.02419501032612457	0.010994126584325418	0.0015862277368199145	0.011749135748798715	0.11831417779923398
51	51	0.002448233776364682	0.0015567294379209503	0.01620014603098167	0.0034016541609611073	0.014785685973612975	0.5439869147045472	0.002338093884428348	0.002190616393066597	0.001049289737177847	0.1235854810349005	9.700768237483557E-4	0.14991738453388925	0.0010667346554043794	0.0014213435573378133	0.07000488156688976	0.005987631535422332	0.001509432668437409	0.0021339635275774657	0.0025251519012903347	0.05292055409604095
52	52	0.001202518766008036	7.646313766150073E-4	0.00795715662548078	0.0016708179600801874	7.390469031415077E-4	0.2802411642795656	0.02071849430611972	0.0010759827542690626	5.153881186173327E-4	0.054179121360940365	0.05918670199421607	0.30195366125735545	5.239566800600353E-4	6.981327997121557E-4	0.0017680735938008629	0.015987709256006	7.414002401832702E-4	0.15108538888787526	0.0012402992629369656	0.09775035357701639
53	53	0.0025150384516286536	0.0015992077361856676	0.016642197564326517	0.01713791756776079	0.001545698438560208	0.6134043949114354	0.002401893185048179	0.0022503914922338214	0.0010779215863201584	0.004166758206021285	9.965471991746119E-4	0.031217177346495973	0.001095842522036679	0.0014601275965513737	0.15377575392059842	0.07436822964514965	0.0015506203851584494	0.002192192746478552	0.0025940554326387122	0.06800803406619685
54	54	0.003897649911847745	0.002478352522973922	0.0046472832283740075	0.005415519207603496	0.002395427147006866	0.27401566841283287	0.0037223044263631003	0.02463127433132988	0.0016704957227110734	0.06988865566023718	0.0015443867669298545	0.3443910457654983	0.12856081521438245	0.0022628147869069677	0.026874505685337478	0.00953246040125676	0.0024030548732200904	0.003397323750470825	0.0040201055064605805	0.08425085667825664
55	55	0.3844359764104194	0.003417799011018618	0.035567415720610236	0.007468330683517664	0.0324619690916466	0.05714046733767787	0.005133284417451655	0.06312655607483585	0.0023037153012202107	0.03806365252422919	0.0021298033736981163	0.12503386792990498	0.031500544836495	0.0031205593510678776	0.007903050234548955	0.013145843228506808	0.003313958967895189	0.004685116280607279	0.005543970237004111	0.17450411898764445
56	56	0.11051853993134504	9.825567315617527E-4	0.00184244145140161	0.002147012905955661	9.496805020429802E-4	0.04995711771145246	0.06015365639908707	0.00976520659464192	6.622773807114894E-4	0.010942626495863646	0.13473325900044092	0.3293346641893643	6.732880428198101E-4	0.051192472422469555	0.04418479277785945	0.0037791972888351006	9.527045568002591E-4	0.06840737712971173	0.0015937933326052806	0.1172273351550299
57	57	0.26241815850634287	0.0016915203829399193	0.017602851562058167	0.0036961897223853264	0.0016349223153079133	0.259175629286914	0.0025405400363081925	0.002380293061730253	0.0011401435180774988	0.03326927365940156	0.015485068655053955	0.10517414118032722	0.0011590989216563687	0.030406405539511537	0.003911338998004305	0.00650607648380259	0.0016401283762881615	0.0023187348523250263	0.002743794655002206	0.24510569028656284
58	58	0.05561515553022231	0.005504241720882798	0.10423879386449394	0.012027476513698114	0.05227882740916264	0.09202265646892191	0.008266968936618092	0.007745522022934363	0.003710050191112099	0.15521764992491222	0.003429971320429483	0.2013625231221602	0.050730488410990544	0.005025547996609563	0.10664509053373424	0.02117090517062521	0.005337011086250511	0.007545210357826202	0.008928363598758236	0.09319754581965725
59	59	0.002448233776364682	0.0015567294379209503	0.09588641311852208	0.0034016541609611073	0.0015046414590229068	0.07915035669389478	0.042181227428198555	0.1350010615389673	0.001049289737177847	0.00405608040358988	9.700768237483557E-4	0.48194349739864095	0.0010667346554043794	0.0014213435573378133	0.0035996589939394216	0.005987631535422332	0.001509432668437409	0.0021339635275774657	0.0025251519012903347	0.13260682118358136
60	60	0.017864626373933302	0.0017680652131225605	0.003315387837464012	0.01894747954958737	0.016792935487243452	0.18039969068282738	0.002655504779040659	0.0024880062941764346	0.016275766916059413	0.00460671873257114	0.001101770830785168	0.1853536383446478	0.0012115505687177335	0.0016142998509625851	0.019172364779281907	0.052052578600641386	0.10730255426848907	0.1985160462400149	0.0028679570937415813	0.16569305755669209
61	61	0.1531130307174581	9.355051565394807E-4	0.0017542126811025403	0.0020441991593562257	0.008885349717393083	0.08747055952708158	0.009386206849470212	0.001316434880585706	6.305629841141851E-4	0.018399764718530588	5.829605638267056E-4	0.20980895121827317	0.00862219283033892	0.05672217115546916	0.05005006741598398	0.003598223326673185	9.070825092497858E-4	0.001282389755911632	0.01747976444532498	0.36701037038731676
62	62	0.007828006489619935	7.747391785696426E-4	0.01467193514181568	0.12066555015581724	0.04701595635669119	0.04600043276752047	0.03421155868644078	0.0010902063670050473	5.222011283787397E-4	0.02845695943822746	0.03353073619536234	0.4513562528880854	0.1393323025314831	7.073615448216814E-4	0.0017914460818701796	0.042637419340292235	0.013970383761906138	0.001062011875782935	0.001256695005640785	0.01311784506466905
63	63	0.08315229024458978	0.0030608047518168326	0.005739468641602729	0.00668825228474671	0.00295839059464859	0.18173644381894494	0.0045971051213689225	0.004307138351710523	0.002063088765043111	0.06020072352258955	0.05413309597523771	0.47755416835283565	0.0020973885523421403	0.0027946122224514216	0.007077564723311579	0.011772740085281038	0.0029678109577416416	0.004195748822053554	0.004964894187939959	0.07793827002374365
64	64	0.0015851068929389474	0.0010079031611734074	0.010488770879738698	0.31175923648495846	9.741788431823592E-4	0.042647030596726254	0.001513796912829504	0.0014183127354737077	0.060870969215577136	0.002626105835199953	0.13820889247371165	0.07986628199998716	0.10387626924211062	9.202476870145648E-4	0.0023305961786033	0.003876686985860289	0.07836649049977815	0.009980433951299831	0.010233708533815632	0.13744898089002036
65	65	0.0021116886110353257	0.0013427344464638346	0.002517828765426643	0.14039852035295916	0.001297806714123595	0.09118074010463914	0.04783817997055732	0.2195415663795951	9.05049676655002E-4	0.003498513449325304	0.023747471189248272	0.15221981577184632	9.200965383946969E-4	0.001225959314577976	0.003104833768121528	0.016619917655477743	0.0013019393024619164	0.02475136482095074	0.002178033226470244	0.26329793994167006
66	66	0.0019758818337514664	0.0012563805981884132	0.0023559023295883857	0.08849459780758305	0.0012143422551776015	0.21394059719202174	0.0018869918699950254	0.04464259032344566	8.468441821393817E-4	0.003273517285423959	7.829142755451409E-4	0.20674219850548878	8.609233511092123E-4	0.001147115500805483	0.04577977816266442	0.154893580953633	0.0012182090687699989	0.0017222455668794102	0.0020379596986980467	0.22492742923909176
67	67	0.003108855308157668	0.001976791033261584	0.12176001625398407	0.05491378687113552	0.0019106478441381833	0.11737271785954051	0.0029689957118267094	0.036511219532546206	0.0013324258494891393	0.03888005283077145	0.03496133448663125	0.29155897529343594	0.0013545780341181173	0.052399117238149405	0.004570976464299506	0.14252129406399788	0.001916731894184616	0.002709783642465301	0.0032065287098063146	0.08406517107806068
68	68	0.001856487531307007	0.0011804627560568041	0.0022135449727547366	0.002579463038460348	0.0011409646148707983	0.060019452275880104	0.0017729688175088004	0.001661137126228047	7.956729184136998E-4	0.0030757122820290876	0.03094852170221089	0.627301420594451	8.089013418938778E-4	0.00107780009302026	0.01280058133574549	0.04482428864567087	0.001144597773037218	0.001618177446720007	0.011985786180535267	0.19119405855320562
69	69	0.041769359401300124	0.0022413949620262745	0.02332513589929049	0.004897736442317541	0.0021663981574176795	0.018350574424278742	0.003366411481433202	0.02227625557008413	0.0015107780924071706	0.0058399860378573415	0.07788546128430078	0.368830052642174	0.00153589546404121	0.0020464649868638576	0.005182825825407233	0.008621053107268826	0.0786620313443107	0.003072502506439291	0.0036357395267491745	0.3247839428440322
70	70	0.017905332098719275	0.0113852516221781	0.02134905685292737	0.1220101049876673	0.011004302478544675	0.19034431116369932	0.01709981615433695	0.016021229017188974	0.0076740552284369065	0.02966443292569216	0.00709472594413621	0.22224468465349587	0.007801639880399707	0.010395097341683633	0.026326362437631166	0.04379096970294044	0.011039343329851185	0.015606894250337906	0.018467878283851002	0.19277451164628168
71	71	0.019831613725848816	0.0126100935239721	0.02364581938967359	0.027554677171914954	0.012188161318298498	0.31840328063217477	0.018939439206497388	0.017744816098941747	0.1160810933118298	0.03285577569492595	0.007857986863306002	0.030991186388093714	0.11622240370591368	0.011513417008200213	0.029158590736618677	0.04850206581151216	0.012226971915270633	0.0172859065962262	0.020454679446438282	0.10593202145434265
72	72	0.13957616139887646	0.0013427344464638346	0.002517828765426643	0.0029340475651180226	0.001297806714123595	0.13700223103391954	0.0020166890412769297	0.001889484465513295	9.05049676655002E-4	0.0149538861816454	8.367257246080845E-4	0.08348757937792574	9.200965383946969E-4	0.001225959314577976	0.02601557923276172	0.28009349049883997	0.0013019393024619164	0.0018406193563105476	0.002178033226470244	0.29766405813863034
73	73	0.0014712481606707995	9.355051565394807E-4	0.0017542126811025403	0.10579910301400017	0.1924517180756093	0.13535743822922494	0.0014050603991129858	0.001316434880585706	6.305629841141851E-4	0.018399764718530588	0.01654525346454116	0.010280289959342511	6.410463799816943E-4	8.541460029685732E-4	0.010144335164197844	0.1791834452345322	9.070825092497858E-4	0.001282389755911632	0.0015174715446105269	0.3191234916851734
74	74	0.038694082495607234	0.001424314726886948	0.09988172242140397	0.10032322935344767	0.0013766573282208434	0.08456922748494089	0.026441946256603992	0.12351793151167115	9.600376205576923E-4	0.015862436812283304	8.875625221822643E-4	0.07640865474606215	9.759986818276405E-4	0.0013004447088672132	0.06405029759240725	0.02978105586423196	0.02568377059371409	0.00195244954256627	0.0023103636078455362	0.3035978161286718
75	75	0.13525867892226537	0.01483777395251102	0.0029191015163916017	0.016682698675551177	0.04134777500279311	0.3580522915002862	0.002338093884428348	0.002190616393066597	0.001049289737177847	0.00405608040358988	9.700768237483557E-4	0.1764794735630694	0.0010667346554043794	0.0014213435573378133	0.0035996589939394216	0.1919222547396833	0.001509432668437409	0.0021339635275774657	0.0025251519012903347	0.03963950958145088
76	76	0.02867980019494976	0.0028384448676735375	0.005322510460446837	0.00620236732188698	0.0027434708453616743	0.21696542342177536	0.004263136820524062	0.003994235418484546	0.0745607336516719	0.03161144900680021	0.025984619572314925	0.2491343123718652	0.0019450184688778354	0.0025915905662543454	0.07921092035154907	0.13199668496959707	0.0027522068424086017	0.0038909380622648396	0.1014675711563582	0.02384456562893508
77	77	0.003897649911847745	0.002478352522973922	0.025791041018695098	0.19570933932049328	0.002395427147006866	0.06257809050962197	0.024866062216684193	0.0034875165410087916	0.0016704957227110734	0.0064573822892739045	0.06497566013789312	0.2386722568138928	0.022842026262777	0.0022628147869069677	0.15373705242726401	0.051819975981898934	0.0024030548732200904	0.045684839331113	0.0040201055064605805	0.08425085667825664
78	78	0.0034588512353320613	0.0021993388014709776	0.00412409059277957	0.2299664794439253	0.02088913595130683	0.05553302901986818	0.0033032462008124406	0.0030948908108554794	0.001482430778750205	0.13707411544391024	0.0013705192096366205	0.005405203268110552	0.05779723714460723	0.002008066372823727	0.00508557845993336	0.008459292953535246	0.002132518185264025	0.02177823871398248	0.022330907500242518	0.412506829912853
79	79	0.003897649911847745	0.002478352522973922	0.0046472832283740075	0.3437156438527409	0.023539184937327953	0.12600936388058523	0.024866062216684193	0.0034875165410087916	0.0016704957227110734	0.027601140079594993	0.0015443867669298545	0.09066595228164519	0.0016982684724559107	0.0022628147869069677	0.026874505685337478	0.051819975981898934	0.0024030548732200904	0.045684839331113	0.0040201055064605805	0.21111340342018314
80	80	0.0024811865250529107	0.0015776827122522719	0.0029583920529382846	0.01690724454294509	0.0015248936393268218	0.28211277675901697	0.0023695641716725085	0.00222010166206743	0.0010634129721990148	0.17908813660758105	9.831338684186247E-4	0.017337195452552065	0.0010810926956192975	0.014900279345191194	0.11132654794963472	0.04644763823012439	0.001529749337484708	0.0021626862600685284	0.002559139952924187	0.3093691452629299
81	81	0.09055296673925034	0.0017162881314351172	0.0032182980323980774	0.12088870851100321	0.001658861337931072	0.1311898587115402	0.002577739385069157	0.002415146026254	0.0011568378412372903	0.12161021089013435	0.0010695059132453581	0.04814493344699977	0.0011760707955174121	0.0015670257263256885	0.01861090975491368	0.16766663775319599	0.0016641436276167557	0.002352686463094044	0.0027839701188174574	0.2779792007940209
82	82	0.002448233776364682	0.0015567294379209503	0.06932432408934194	0.2557414999381724	0.028066730488203046	0.14555557926684512	0.002338093884428348	0.002190616393066597	0.001049289737177847	0.07046130297654023	9.700768237483557E-4	0.0038258948733985044	0.0010667346554043794	0.0014213435573378133	0.0035996589939394216	0.032549720564602466	0.001509432668437409	0.04197709707134767	0.0025251519012903347	0.3318224889024324
83	83	0.03214192238222814	7.267068265961147E-4	0.0013626844510128465	0.0015879479376910467	7.023913039839416E-4	0.13614563377775918	0.025890697932187047	0.007222424993382356	4.898256540344971E-4	0.0018934448380754309	4.5284776722800274E-4	0.0017859904583361215	4.979692278989208E-4	6.635064776800637E-4	0.08847771063633013	0.09579226471575096	7.046279190978821E-4	0.16839102141373846	0.0011787823112734295	0.4338915989757155
84	84	0.09055296673925034	0.016358587890277266	0.0032182980323980774	0.003750310440266044	0.001658861337931072	0.1897590577469088	0.002577739385069157	0.002415146026254	0.01579913760007944	0.019114112578239327	0.0010695059132453581	0.13599873200005264	0.0011760707955174121	0.0015670257263256885	0.047895509272597975	0.006601340405932382	0.0016641436276167557	0.1487756840515155	0.0027839701188174574	0.3072638003117052
85	85	0.02669292854309043	9.825567315617527E-4	0.00184244145140161	0.010529574044781123	9.496805020429802E-4	0.30143395187621636	0.0014757284273088284	0.07682569570524563	6.622773807114894E-4	0.02770774877351457	6.122807792335147E-4	0.09462295230225139	6.732880428198101E-4	8.97105589516778E-4	0.3794872383308779	0.0037791972888351006	0.026100387973276646	0.0013468880191080282	0.009976354471430743	0.033401723766775276
86	86	0.0730311513254055	0.0020457946560181184	0.0038361722577713426	0.14409787570921734	0.001977342614014778	0.051656058596047376	0.0030726341119496773	0.29958737090246024	0.001378936689088358	0.0751441222486425	0.001274838089142753	0.022481289508800326	0.001401862137540194	0.0018678756777740946	0.12690464224607947	0.007868717773932523	0.019437082927786214	0.00280437375597264	0.0033184586476330776	0.15681340012472347
87	87	0.003593711638073047	0.002285090889765627	0.004284888638269713	0.004993217667757803	0.0022086320246945167	0.3891127499894682	0.0034320395725665255	0.12018538094442939	0.1185100511921372	0.025448806478646013	0.020918925759297744	0.005615951820169715	0.0015658377001704787	0.002086360760568229	0.1807385956488573	0.02828409036738747	0.002215664941730286	0.0031324008508966106	0.023201588247737943	0.05818601486737625
88	88	0.09709132232864134	0.0013905212645984103	0.0026074362269945745	0.014901527968933806	0.07252235492947233	0.17746720828695384	0.0020884613509121607	0.12058733023254166	9.372596526595418E-4	0.07480138301317267	8.665041071733556E-4	0.003417413487525254	9.528420198726715E-4	0.0012695902015045853	0.12184593282044892	0.005348346842919769	0.013211334311262413	0.025632245602996845	0.0022555476433815703	0.2608054377080342
89	89	0.001802042571068802	0.0011458434835153145	0.07057798160241065	0.012279437324933896	0.020658747403427165	0.1853423539469428	0.0017209731993616184	0.03093928673768836	7.72338325708328E-4	0.13984421721239404	7.140330104412992E-4	0.032142946888757136	7.851788009915765E-4	0.030373057151227664	0.041752045964497685	0.004407245350044487	0.0011110303080309348	0.0015707213742932747	0.021409902492838945	0.40065061685142606
90	90	0.19109271883926993	0.0021993388014709776	0.04165086411356714	0.023569225079593647	0.0021257491909130472	0.14934996282183713	0.0033032462008124406	0.040621664331643055	0.001482430778750205	0.005730408121153724	0.0013705192096366205	0.02416859002850434	0.0015070768634258703	0.002008066372823727	0.023848965220327145	0.08351283999511039	0.09594945198723297	0.040541625474376265	0.0035675207398487285	0.26239973582970266
91	91	0.002267541832285045	0.0014418349898255504	0.015004493920888384	0.0031505950058409913	0.0013935913652784392	0.08560949974645787	0.051368877824479894	0.0020289379052451937	9.718468866037464E-4	0.07756174181693144	0.025500153787448514	0.003543524623795463	9.880042822827616E-4	0.001316441266935714	0.003333986088060119	0.15315575528858313	0.0013980289593838327	0.001976466305655479	0.35906304881524426	0.20892562928877412
92	92	0.0023544260642671525	0.0014970810381904809	0.002807251807725408	0.02881563788186517	0.0014469888875402878	0.11443407798649101	0.0022485063458179107	0.002106679673501337	0.0010090846429902202	0.08053363511257472	0.013705068465250918	0.016451461606221674	0.013798022708576654	0.0013668826686328113	0.0034617327150796642	0.37615089222692855	0.1164010506923765	0.002052197546667399	0.19401082058657404	0.025348501342728053
93	93	0.0037395151084357228	0.022663717985852976	0.10588831827127493	0.005195801663791966	0.002298240275546629	0.1411828497139099	0.12528678432413426	0.10477560544489214	0.0016027206483236692	0.006195394449943686	0.001481728164104029	0.005843801282573824	0.0016293666066889726	0.0021710082420457553	0.16778557509648548	0.130861211617986	0.0023055585309216583	0.0032594880967927826	0.08500066953060449	0.0808326449456912
