0	0	0.007401514344899836	0.005588381466814723	0.007142095178120726	0.0063840659827030495	0.004321683525444676	0.007753187997330196	0.005522905409963278	0.01211489953740168	0.16122029731412363	0.014249838814305022	0.5854162443623392	0.006896896545792354	0.010139331968897979	0.1275343802237068	0.038314277328156864
1	1	0.0022395419066310695	0.001690926194555845	0.04944383507243866	0.001931683522685225	0.02494904411570293	0.002345950925836511	0.0016711145227321172	0.015486409691735781	0.0014990687600542974	0.004311700241365399	0.09438971156264034	0.0020868552191139573	0.003067947691709626	0.6650861497084818	0.12980006086431645
2	2	0.0030266342988994883	0.018260315655427854	0.0029205523660168456	0.002610578345092433	0.08164277384934808	0.0031704410239649368	0.0022584317430784646	0.004954036263253055	0.0020259200831004975	0.00582705766677109	0.07963787468622816	0.0028202855076327	0.02012129467138968	0.5953051992367892	0.1754186046030076
3	3	0.0018288047235875174	0.0013808064062946854	0.040375720974465255	0.06914668433936486	0.0010678240798965223	0.0019156980817243003	0.001364628241060929	0.002993412492006493	0.001224136070529625	0.0035209244108158843	0.019161897074083566	0.29128673280455664	0.0025052789651782382	0.4176220079751722	0.14460544336126335
4	4	0.006865121816466989	0.005183387849947987	0.006624502924376054	0.005921408594691115	0.004008488327100272	0.007191309452006721	0.005122656885256035	0.011236924937642289	0.004595265495394995	0.013217143785262415	0.0719315495807176	0.0063970739954129835	0.009404528027706563	0.7705276982741798	0.07177294005383827
5	5	0.0027222199668018943	0.0020553636596747785	0.0026268075954047057	0.0023480102959565615	0.0015894819134236926	0.01721991969964247	0.0020312820702860774	0.09066590796953337	0.0018221560838606872	0.005240980958273711	0.028522946241382467	0.045641696043645576	0.003729168201205502	0.6072720807442168	0.18651197855669183
6	6	0.004155049627763724	0.0031371961535804392	0.06980267056264311	0.09130821382221042	0.0024260994016832545	0.004352471589072487	0.00310043931532132	0.006801041850031973	0.002781240697043103	0.007999550457112896	0.08739805445968726	0.003871768139592418	0.09341633870193113	0.40056130121136674	0.2188885640109598
7	7	0.002761903988962053	0.002085326373199925	0.0026651007135574532	0.0023822391583384977	0.001612653088510466	0.03204876465978709	0.0020608937268288318	0.004520722084566472	0.0018487191402238902	0.06362864756254645	0.16013909373921514	0.002573603886130182	0.04751697974020078	0.5432357007980037	0.13091965133992922
8	8	0.02387366703956151	0.3528740440858777	0.03130913879336668	0.0012231928900338076	0.1430463958940274	0.0014855179221400093	0.0010581937354814093	0.0023212258485068495	9.492498266078614E-4	0.010215458873332703	0.07474040513699111	0.12856945566002695	0.05433894221927907	0.009465350663653668	0.16452976141111333
9	9	0.0027222199668018943	0.2750541442314684	0.0026268075954047057	0.0023480102959565615	0.0015894819134236926	0.031588276571842135	0.0020312820702860774	0.09066590796953337	0.0018221560838606872	0.048346051574872706	0.014154589369182803	0.0025366254270465837	0.07557095256220382	0.21932644519482578	0.22961704917329082
10	10	0.029379637724591245	0.008015911111717906	0.11348608841211966	0.03620974907680564	0.16908181410893752	0.12762128759121835	0.10618267923937395	0.08632774074846737	8.893381479279382E-4	0.03762171877227971	0.18923995835219876	0.0082508001273483	0.02987109808069117	0.02990620192170337	0.027915976584619126
11	11	0.1886989733885175	0.0022144539853690124	0.0028301291214626037	0.03349075999823504	0.001712511818181122	0.003072280974725426	0.0021885084202886863	0.004800654307916415	0.017443699450436688	0.12949067724744134	0.18553573309139054	0.11109649388973343	0.004017815215521323	0.26726387242981314	0.046143436660967825
12	12	0.005812104408788176	0.0043883258273552045	0.03628570487868731	0.005013144110114557	0.0033936400986552635	0.06744288256209999	0.03501422183459142	0.16289988998704077	0.003890413536621308	0.440672174805412	0.06089821675796688	0.06677047214866613	0.03863931149945437	0.008115561744018914	0.060763935800527795
13	13	0.004155049627763724	0.0031371961535804392	0.025940501743458765	0.047446045003026065	0.0024260994016832545	0.004352471589072487	0.00310043931532132	0.006801041850031973	0.002781240697043103	0.02993063486670507	0.24091564532683252	0.003871768139592418	0.049554169882746774	0.4663545544401433	0.10923314196299894
14	14	0.0016110850258583703	0.0012164210295928944	0.010058208124130708	0.02690038972984885	0.026451471665294733	0.16325585847146237	0.001202168879312553	0.01114063670109906	0.0010784023397394761	0.16466998217125242	0.22947043746485976	0.05252278970962082	0.002207024825744584	0.07027831760118826	0.23793680626099514
15	15	8.324321587802842E-4	6.285130625618298E-4	8.032558514777494E-4	0.21601046226385956	0.013667221349491023	0.0799590103596866	6.211491134004225E-4	0.03211860205801907	5.572001311505937E-4	0.09387084553188979	0.23280198670014127	0.031531744653923055	0.08462109844215665	0.04949330273718348	0.16248317558627864
16	16	0.0037444503448604218	0.002827180484361969	0.0036132093388656426	0.22063227901640797	0.0417140918713656	0.04345010122085713	0.002794055932786056	0.006128967348692883	0.0025064003129098337	0.22461159925000057	0.4147472091591894	0.0034891625478175466	0.0051295212463859825	0.005228453557231198	0.019383318368267826
17	17	0.022614422392766384	0.0027196777738101798	0.1365622938464185	0.0031069107330626623	0.07815263308839727	0.04179792383747869	0.021700166450081007	0.0058959151588831495	0.0024110951745021356	0.04495962583224303	0.1137912627584622	0.0033564881630299675	0.061971533731532115	0.4042890703466134	0.056670980712719435
18	18	0.00244156925924204	0.06627862816130184	0.002355993546847115	0.0021059392073030604	0.014312645230022195	0.09276680809590578	0.0018218644783090509	0.003996393833879119	0.07895649637832065	0.06913582021882188	0.03846937001714216	0.07959730660169248	0.0033447048929345	0.3642461366838705	0.1801703233944077
19	19	0.004065880460191943	0.0030698705631338288	0.08976510879423276	0.0035069646461652134	0.0023740342560231477	0.09010080095629679	0.024494336366502778	0.006655088541475562	0.00272155406511578	0.15805091340143804	0.10698288811954769	0.13255128125924928	0.027030282075345118	0.13443987602709526	0.21419112046818686
20	20	0.0036020687162995123	0.0027196777738101798	0.34569818428755406	0.07915632543893014	0.021115572058996657	0.04179792383747869	0.002687812773614138	0.0058959151588831495	0.0024110951745021356	0.006934918479309288	0.01872949437612785	0.02236884183949684	0.11900859476093273	0.15712847255254403	0.17074510277152066
21	21	0.0016389591008464416	0.04449104214651905	0.4254665523265941	0.15712653082335853	0.01825840489511624	0.010367547241500272	0.0012229681201672872	0.0026826705897485545	0.08760421082943758	0.0031554222449617017	0.1296320234982919	0.0015272187331653057	0.0022452095115345614	0.0022885125323504458	0.1122927274064081
22	22	0.003898551257644175	0.0029435316315584033	0.3329977618193454	0.0033626373341963966	0.0022763321069386457	0.004083786021244603	0.002909043856234469	0.006381201822612873	0.0026095499184456733	0.06923744681469617	0.22604350759116607	0.14767344279008437	0.005340624034087979	0.04659810944330621	0.14364447355843865
23	23	0.0014619074711901732	0.001103787176177891	0.22518062341410197	0.0012609465201017488	8.535957831819291E-4	0.0015313681674682179	0.0010908546961157322	0.025541486107017206	9.78548252954028E-4	0.0028145518410354637	0.10019587042894942	0.10938911290698645	0.06373230931079116	0.23352745204851086	0.23133758587541778
24	24	0.0011372290381883672	8.586445130535526E-4	0.12114727656819245	9.808999724824168E-4	0.02467400007024636	0.05521372110984673	8.48584237589945E-4	0.07389137607042567	7.612201937936829E-4	0.014194452152216852	0.4080803800691071	0.0010596954433602808	0.01956537569138038	0.15165031996454256	0.12593682490557365
25	25	0.002321880649382163	0.01400838997541411	0.0022404999595185657	0.0020027035791440775	0.0013557270692041703	0.06370867879503953	0.0017325545290063661	0.13860873507635646	0.0015541833514065926	0.016725519102434513	0.24492357752195987	0.0021635803004962846	0.08896781117362905	0.015497385413537712	0.4041887735034706
26	26	0.012313577997049279	0.0014808675549177425	0.0018925868046445029	0.0016917163293842903	0.0011452047347621994	0.05381575853932869	0.022168012223696715	0.0032103323229743497	0.0013128439884026312	0.0037760707797457587	0.22759542996101348	0.001827611515952864	0.054448063833775845	0.1683746078242625	0.4449473155900892
27	27	0.0016532609905937285	0.0012482652399381081	0.010321518020464835	0.0014259956488299156	0.21912039938378433	0.001731813608867496	0.0012336399881901353	0.055063297841757	0.009832836366784635	0.04681397186986311	0.06095359521269722	0.09752877804775593	0.010991004619403721	0.3862614125330501	0.09582021062801978
28	28	0.1128065410273989	0.09839264006683777	0.0025182579103483317	0.07112399004359159	0.0015237984726544566	0.0027337254009868746	0.04327114684640937	0.004271637500239069	0.0017468576610250553	0.01879900537621002	0.20641409158590648	0.016206404105823583	0.2790670986510748	0.0036440165223086563	0.13748078882918507
29	29	0.2881386478173092	0.0011389403671767764	0.03330339304775104	0.08888254933278746	0.04069052840317283	0.0015801388714974404	0.0011255960161022285	0.03431687569142711	0.04878140982874568	0.002904189119470594	0.2944736761435902	0.0014056223489557664	0.002066447064174038	0.0100682518151293	0.15112373413271038
30	30	0.0021384309304516014	0.001614584154394531	0.0020634800563004633	0.12600164142977885	0.012535627707715135	0.0022400357886925596	0.0015956669411526735	0.003500212886562222	0.0014313887111833904	0.07183912788227066	0.5416088160374188	0.03585368402563957	0.0029294358000331072	0.0029859353911741264	0.19166193225723233
31	31	0.00244156925924204	0.06627862816130184	0.002355993546847115	0.0665411040227972	0.0014256122669233683	0.0025575773542139825	0.0018218644783090509	0.15864078939106505	0.0016342985997276971	0.004700655403327738	0.24466189742672337	0.0022751088230995122	0.029118770819132157	0.11939251038499275	0.2961536200622971
32	32	0.04778622979834004	0.0013172318338562838	0.0016834561464563653	0.10279635951938937	0.0010186597227430669	0.0018274962266985081	0.010510123781311545	0.0028555909129324535	0.23137590594644067	0.11385871824897947	0.3405710356992008	0.11212556354468672	0.002389931847491027	0.0024360261064048485	0.027447670665068882
33	33	0.06311555433850274	0.049060277756700986	0.001255647093733575	0.09040969915253408	7.597923611245876E-4	0.042572615543801935	9.709783969597789E-4	0.0021299125838610488	0.028344035290020938	0.00937351030199082	0.19907722410721926	0.014949049755553362	0.015519100211911557	0.015553480746483111	0.46690912235960225
34	34	0.002213378233230468	0.3171013853085512	0.0021358004957195862	0.02527431743795837	0.0012923733982521124	0.002318544118374821	0.0016515915593714823	0.0036228876530295545	0.0014815557386069313	0.00426132836996511	0.25684340128618405	0.0020624753232854516	0.061445108589877166	0.003090585862065511	0.31520526662552817
35	35	0.0017130548476825558	0.0012934115258484806	0.028778429597934967	0.0014775699498752722	0.0010002386766316575	0.0017944484959314683	0.0012782573193753422	0.16555645002268932	0.0011466572689785032	0.16605057432041864	0.01794909005328921	0.5079373692661773	0.01138851872226733	0.038559195848010215	0.054076734084889826
36	36	0.06864602114941228	0.001892233907281771	0.015646295152712708	0.10798542641149203	0.0014633281840096975	0.0026252404752963943	0.0018700636213724894	0.004102122201949485	0.0016775355105706838	0.07096487354809475	0.18499480080313302	0.1478429862926185	0.0034331922154323623	0.14900709500122314	0.23784878552540073
37	37	0.0018466297861297004	0.0013942649020178193	0.0017819063878973707	0.0015927830239767463	0.0010782319877298233	0.0019343700797119746	0.0013779290508357546	0.04200993897693586	0.049970255250523024	0.14001096791788303	0.32150062886431974	0.0017207309207056005	0.022023372602088958	0.15852788812935012	0.25323010211989455
38	38	0.011823959760900156	0.0014219846079478985	0.001817332884681418	0.0016244495150224295	0.0010996685695307568	0.10137899471273808	0.01134594067689589	0.032904531681603934	0.0012606420729159456	0.12291332525477815	0.12908012396308716	0.011695557870748519	0.0025799910189139197	0.002629750920706098	0.5664237464895298
39	39	0.001386991303230518	0.001047223059014624	0.0013383779909477594	0.0011963286950001514	8.098528471050998E-4	0.0014528924519369752	0.0010349533102590386	0.18528986138156647	0.052173894298657514	0.1856899338629541	0.190231483589686	0.0012924295059815964	0.001900038911782853	0.0019366846787481318	0.37321905411312917
40	40	0.0023506890378901823	0.0017748458547056703	0.002268298629231924	0.06406430749544163	0.001372548050993594	0.25060940175245155	0.0017540509414064717	0.0038476398491795894	0.17527638252534092	0.10378449642851953	0.1611109724115758	0.014597775734945827	0.003220208108796215	0.02809701804997648	0.18587136512954466
41	41	0.029298919410908234	0.0035235752890151626	0.004503219801808651	0.028657399871096115	0.00272489939486546	0.3743704920398923	0.003482291454453417	0.007638662623942355	0.003123780125039322	0.008984780336971754	0.29521910532776185	0.10287714222806803	0.006393031646977733	0.006516333094376497	0.12268636735482326
42	42	0.0014619074711901732	0.03196860855925311	0.03227548976988185	0.0012609465201017488	8.535957831819291E-4	0.0015313681674682179	0.0010908546961157322	0.0023928700697107906	9.78548252954028E-4	0.0568279892614171	0.077047254391643	0.3331590679342818	0.04058369327348475	0.017473702366984315	0.4010941034823315
43	43	0.0037444503448604218	0.002827180484361969	0.0036132093388656426	0.003229719886581889	0.002186353847760855	0.41896361244510216	0.002794055932786056	0.025892836360495254	0.08156187636011931	0.02697290913197685	0.01946982892314201	0.0034891625478175466	0.0051295212463859825	0.005228453557231198	0.3948968295925129
44	44	0.013578709458465057	0.0016330160315315455	0.0020870364691197582	0.0018655279991205563	0.0012628662739230473	0.036513207196245706	0.0016138828619090314	0.18619403462589731	0.10419052762779643	0.11832269971873428	0.011246025125927813	0.01343125192346461	0.02579461082004934	0.04868348837502302	0.43358311549279255
45	45	0.056353480534419055	0.0025274655017154483	0.0032301658861089446	0.0028873309074861774	0.001954574161545073	0.05651253249421425	0.002497852549224087	0.005479223424413801	0.03757801637621706	0.0947881068171241	0.1940924164694476	0.0031192695401887714	0.004585730575840062	0.022342837130623506	0.5120509976314321
46	46	0.0019412342610238239	0.001465694324368444	0.03261172494829881	0.001674382705047314	0.0011334707647599597	0.0020334695673388907	0.10391028798097818	0.0953930284580057	0.02179174563857081	0.32136885635594314	0.2867405068277224	0.0018088854855296734	0.02315164943162338	0.0334491155204333	0.07152594773035623
47	47	0.0025061632767590433	0.01512020548181242	0.002418323578182058	0.0021616538152468496	0.0014633281840096975	0.0026252404752963943	0.0018700636213724894	0.030558065351010785	0.0016775355105706838	0.17678864614433992	0.17176682922860237	0.0023352989727813606	0.0034331922154323623	0.3606546401937135	0.22462081395087008
48	48	0.09415682402811199	0.05269657752830631	0.2375352577640503	0.011920559345834886	0.0011334707647599597	0.03277199948970161	0.0014485215731024341	0.003177438690917525	0.0012993923569956619	0.01398355713231594	0.07157079737118334	0.17599388837891844	0.0026592961500482323	0.20763411841382207	0.09201830101193137
49	49	0.0028027621401160493	0.29798562881898405	0.002704526808103222	0.0024174807482001868	0.0016365098278875946	0.16566413113580333	0.002091381501834631	0.004587599263134088	0.0018760681162833153	0.07936340888209656	0.05895379841497804	0.002611676424860805	0.033426448219582974	0.003913554816310145	0.33996502488182506
50	50	0.0018833430639000576	0.0014219846079478985	0.011757949581681516	0.0016244495150224295	0.0010996685695307568	0.001972827742737099	0.0014053239798957934	0.032904531681603934	0.011201258769916043	0.16267579204277854	0.526704791843091	0.0017549411737484213	0.0025799910189139197	0.13185776798170737	0.10915537842752521
51	51	0.0025397591384485954	0.0019175998637710585	0.0024507419226716693	0.042406520790429336	0.0014829445321272827	0.002660432602133369	0.001895132378606671	0.004157112366161194	0.0017000233714036489	0.17915855035578032	0.5494177152351345	0.0023666043478225173	0.003479215174867181	0.09738339346366928	0.10698425445697346
52	52	0.0077947562079769776	9.374205912897801E-4	0.06017677956992749	0.13868793356991338	0.007278131341727155	0.0013005551106339784	9.26437338930669E-4	0.015138593373567875	0.027043827865648903	0.022049910263089147	0.2358174316644363	0.014263301756702944	0.008254010221177829	0.3752655902518306	0.08506532087314703
53	53	0.002609727479507639	0.0019704282124329187	0.043842062990807555	0.002250981576159541	0.0015237984726544566	0.0027337254009868746	0.0019473417659501438	0.018046239193725475	0.0017468576610250553	0.19786882739153333	0.6058775406970124	0.0024318024123371742	0.003575064781346639	0.017418618215795066	0.09615698374872586
54	54	0.004065880460191943	0.21767420880246416	0.003923373498500615	0.0035069646461652134	0.0023740342560231477	0.004259065660564648	0.04595477019043581	0.006655088541475562	0.00272155406511578	0.007827876633906812	0.21428505723921287	0.0037886783156510827	0.04849071589927815	0.3919650819142917	0.042507649876722606
55	55	0.005639111624022259	0.12331461168574229	0.005441463741344536	0.004863931759639526	0.0032926310303611752	0.035671272170214895	0.18279317687010335	0.00923017474826609	0.003774618391824268	0.01085675551700609	0.029321403273223943	0.005254650287593674	0.007725017084514865	0.454337386999127	0.11848379481701612
56	56	0.02689316885458076	0.0012061643019590632	0.0015415089854188694	0.018241679177911783	9.327674611531277E-4	0.17031119256227004	0.0011920323242341658	0.0110467000841459	0.0010693093704391213	0.045235050929676085	0.10105722650874985	0.0014885867146397702	0.010620304876269117	0.5165758789090056	0.09258842893954682
57	57	0.002761903988962053	0.002085326373199925	0.04639854912417209	0.0023822391583384977	0.001612653088510466	0.002893132386044003	0.0020608937268288318	0.004520722084566472	0.0018487191402238902	0.03447301528880336	0.3350728873816737	0.002573603886130182	0.003783531329586144	0.26625719419744426	0.2912756288455162
58	58	0.009198226881904298	0.006944957239704789	0.00887583389009809	0.007933793626761478	0.005370769240786511	0.009635269072556997	0.05541344990996998	0.015055783101100798	0.006156962066986619	0.16335856641018018	0.19347714371101254	0.057120976452803736	0.10970037384878459	0.2070431266538786	0.1447147678934707
59	59	0.015945055593433947	0.0019175998637710585	0.14990900292751053	0.0021906314254732835	0.0014829445321272827	0.002660432602133369	0.001895132378606671	0.004157112366161194	0.02851061628137435	0.004889696440970749	0.053421746400676456	0.0023666043478225173	0.016884511629852533	0.5129475835682152	0.2008213296418709
60	60	0.002888215617676437	0.002180695716831211	0.0027869851864293065	0.18542532153413163	0.001686405412622786	0.0030254455530577787	0.002155145679207826	0.00472747067964753	0.0019332675990299808	0.005560565729526342	0.15221830917374454	0.01793581506588807	0.003956565586548684	0.3394121212390769	0.2741076702265811
61	61	0.057701529129200665	0.0011480813327641515	0.0014672774576176076	0.09762175833704571	0.016939551774506408	0.0015928208305041583	0.0011346298819173296	0.0024888941618961707	0.0010178166649079028	0.002927497708370745	0.08013910327720651	0.001416903664370462	0.002083032060233639	0.3151313928511169	0.4171897108683417
62	62	0.0012580522859362208	9.498699524718703E-4	0.014494401700720949	0.027646001230942973	7.345664123484391E-4	0.0013178270592768162	9.387408376505485E-4	0.04190052757255939	8.420949278858747E-4	0.0754645167807097	0.03310231775690281	0.18045826826260325	0.09468650977460848	0.4732123880926558	0.052993917352726905
63	63	0.005039164334807477	0.0038047312029161444	0.004862544287600576	0.0043464561591051295	0.0029423267284150035	0.0052785938953324365	0.0037601532158861002	0.00824817285002186	0.003373035266151016	0.11609209181442844	0.13259227848063027	0.03129320368000694	0.006903149498271414	0.6453786340680736	0.026085464518353727
64	64	0.0016389591008464416	0.0012374668530297265	0.0015815144503987125	0.001413659766796945	0.13936841571688635	0.001716832182802408	0.0012229681201672872	0.019984100707144285	0.18276207647511408	0.011806137303659566	0.02582344279391751	0.41676154155066286	0.028197354687628157	0.09744637817802695	0.06903915211291878
65	65	0.0021878188199878027	0.0016518736000009405	0.37163732611800393	0.11736400466688092	0.0012774494664749654	0.03693485051844545	0.0016325194864016213	0.061319518718332675	0.013012140599401813	0.050402893505369716	0.022923584188425803	0.013586351902819304	0.002997092253012337	0.003054896724066183	0.30001767943237656
66	66	0.00204605549090727	0.07714092871934555	0.001974342327100361	0.001764794695996858	0.0011946750212397557	0.0021432712462287964	0.0015267376935644858	0.10054398564335902	0.0013695559161786735	0.1011341627377629	0.20502871943970255	0.0019065602510737007	0.002802890717004491	0.34843907990982054	0.15098424019071507
67	67	0.003233239732418265	0.0024412000242714856	0.15671039991191668	0.0027887827852253787	0.0018878621636440624	0.0033868630550111605	0.002412597797933838	0.056489038693389684	0.0021642143253865808	0.006224826824353129	0.3069270707447749	0.0030128050697625047	0.10682286968573121	0.22636756023812185	0.11913066894805936
68	68	0.022206060326002763	0.00145082887543518	0.00185419660004528	0.0016574006848656187	0.0011219748126431038	0.0020128455958135535	0.0014338302946307353	0.013287469571367774	0.0012862135854018538	0.01384173229817435	0.06070265064927923	0.001790539303543296	0.0026323248843076754	0.6822143319785093	0.19250760053998028
69	69	0.0036718797935927703	0.0027723873832690656	0.003543182347073158	0.0031671252382295466	0.002143980498033855	0.042608002245620114	0.0027399048129579484	0.06415266942875267	0.0024578241974180254	0.007069322947439165	0.019092487501061555	0.15846817047836217	0.005030106873032011	0.35398204107729186	0.3291009151778661
70	70	0.01974073855894319	0.014904892750772052	0.019048836103590375	0.017027080085904926	0.011526455348841155	0.020678694942893202	0.014730260147233894	0.03231190987294437	0.01321374000034998	0.03800605246872399	0.10264491905645069	0.01839486154240612	0.027042830998263562	0.1317595001608862	0.5189692279617962
71	71	0.022036872668856025	0.016638547879603886	0.021264491926243367	0.019007576370819852	0.012867149224799071	0.023083926979429577	0.016443602972324427	0.036070253472611016	0.014750689544751802	0.3913702035802269	0.11458401136300396	0.02053445064179712	0.14650280305327065	0.030770541650760267	0.11407487867150196
72	72	0.0021878188199878027	0.0016518736000009405	0.0021111369264053114	0.0018870705445063454	0.0012774494664749654	0.07157793075515782	0.0016325194864016213	0.31536877378755673	0.0014644471871643574	0.08504597374208209	0.19613898537198765	0.002038658490581846	0.002997092253012337	0.003054896724066183	0.311565372844614
73	73	0.0015205727282624167	0.14561339779231966	0.0014672774576176076	0.001311547364008714	8.878499456669068E-4	0.0015928208305041583	0.0011346298819173296	0.23523857068006893	0.0010178166649079028	0.002927497708370745	0.1443459105925645	0.08167541280856797	0.002083032060233639	0.0021232071887466127	0.37706045629624296
74	74	0.002321880649382163	0.0017530945945006624	0.014495795340432015	0.0020027035791440775	0.0013557270692041703	0.002432201890472273	0.026243145290833263	0.01605578126722197	0.23440479558876212	0.06574670062608831	0.08560473757008502	0.06344005720506353	0.08896781117362905	0.1135397484608453	0.2816358196943361
75	75	0.0025397591384485954	0.01532289631875641	0.0024507419226716693	0.0021906314254732835	0.014888240987112633	0.002660432602133369	0.001895132378606671	0.15161537337100006	0.0017000233714036489	0.004889696440970749	0.455580640050237	0.0023666043478225173	0.003479215174867181	0.25824695092349353	0.08017366154700276
76	76	0.029298919410908234	0.05278783758179582	0.004503219801808651	0.004025268724705789	0.00272489939486546	0.029520655990427674	0.003482291454453417	0.278592105234236	0.003123780125039322	0.18140969836170406	0.09816205615663917	0.004348617642506699	0.031025162793368064	0.12967698882632814	0.1473184985012136
77	77	0.004065880460191943	0.13183247350673202	0.003923373498500615	0.0035069646461652134	0.0023740342560231477	0.004259065660564648	0.0030339025425697467	0.006655088541475562	0.00272155406511578	0.007827876633906812	0.1284433219434807	0.17547214890711535	0.09141158354714422	0.2632024789706935	0.17127025282032082
78	78	0.06063912974570012	0.0027196777738101798	0.0034758181111503895	0.098168679115397	0.002103218382529788	0.0037732164845449482	0.002687812773614138	0.0058959151588831495	0.0024110951745021356	0.006934918479309288	0.20885303114079656	0.0033564881630299675	0.004934472702131499	0.08107905784667656	0.5129674689479243
79	79	0.06844718193199105	0.0030698705631338288	0.003923373498500615	0.0035069646461652134	0.0023740342560231477	0.15448210242809587	0.0030339025425697467	0.006655088541475562	0.04564242171298184	0.029288310457839844	0.2357454910631459	0.0037886783156510827	0.005569848251412082	0.0271377069074301	0.40733502488358414
80	80	0.016161708081485187	0.0019436551370900052	0.029658921467448647	0.0022203964987871365	0.0015030939521556246	0.002696581070802377	0.042683202729803985	0.004213596881499497	0.001723122337161506	0.16800541631250734	0.32589641353746973	0.00239876044268115	0.017113928920541945	0.003594503666023407	0.38018669896454244
81	81	0.0028027621401160493	0.00211617559189186	0.002704526808103222	0.07638484405497323	0.0016365098278875946	0.04731634984496645	0.016884854163189238	0.019381071924488697	0.0018760681162833153	0.005396045575323516	0.3844101969647794	0.09137251239298846	0.0038395028968737552	0.018707027477664753	0.32517155222047045
82	82	0.0025397591384485954	0.0019175998637710585	0.029261334832642368	0.0021906314254732835	0.0014829445321272827	0.042876321967089424	0.001895132378606671	0.004157112366161194	0.0017000233714036489	0.004889696440970749	0.22769060031548602	0.29728312635750026	0.04369510453982323	0.003546318278771832	0.33487429419172443
83	83	0.013633219746903708	8.907239097607834E-4	0.0011383680549934521	0.1566863375472097	6.888267863229729E-4	0.026142775745712162	8.802877772775653E-4	0.008157727660256322	0.013243163020409515	0.13303304501565555	0.1368958962908882	0.019779541083519005	0.0016160932225779163	0.0016472625714062444	0.48556673156710695
84	84	0.01759623480147066	0.00211617559189186	0.047084944792167044	0.22431957066851932	0.0016365098278875946	0.16566413113580333	0.002091381501834631	0.004587599263134088	0.0018760681162833153	0.06456993622074195	0.014573380430914216	0.002611676424860805	0.15177422951041983	0.048293972800373966	0.2512041889136974
85	85	0.0015975005350421408	0.0012061643019590632	0.03526906674480369	0.001377900298219373	9.327674611531277E-4	0.0016734037653459287	0.0011920323242341658	0.002614810644299694	0.009501198810285326	0.3487830707641395	0.2949906836252126	0.0014885867146397702	0.035915973195807735	0.22145974851438838	0.041997092300469586
86	86	0.0033474937740513703	0.03786479000862724	0.07390481489993253	0.0028873309074861774	0.001954574161545073	0.021175207987302457	0.002497852549224087	0.023147885677869694	0.4262885859522468	0.04178212005675642	0.10574910520216811	0.0031192695401887714	0.004585730575840062	0.19902945966518246	0.05266577904157883
87	87	0.043272188368465164	0.002827180484361969	0.0036132093388656426	0.022993588898384258	0.002186353847760855	0.003922363197252388	0.002794055932786056	0.006128967348692883	0.14085348339552642	0.02697290913197685	0.5135665542182013	0.02325303155961992	0.04465725926999073	0.005228453557231198	0.15773040145088443
88	88	0.038152623452195666	0.0017111532182376562	0.0021868978024449	0.0019547905089540027	0.001323292390951323	0.25357805691054114	0.0016911045572677167	0.0037095623223206272	0.061327487312017835	0.2077189314742016	0.16729139433203136	0.01407391569343158	0.0031046467805371358	0.003164525639713926	0.23901161760515355
89	89	0.001864805744776867	0.0014079883355899514	0.19865491446501135	0.0016084604264507889	0.001088844780921091	0.001953409646192081	0.001391491694325445	0.0030523394540616804	0.020933780776200898	0.013433009192309053	0.2557656725094218	0.011580441144152333	0.002554596751788984	0.03213218725457245	0.4525780578242253
90	90	0.0036020687162995123	0.0027196777738101798	0.0034758181111503895	0.0031069107330626623	0.002103218382529788	0.1558720458962799	0.002687812773614138	0.02490826883535002	0.07846050988036961	0.06397197950870989	0.26589009217019716	0.0033564881630299675	0.004934472702131499	0.06206670417020969	0.32284393218325563
91	91	0.30012711625280486	0.038996899256569996	0.002268298629231924	0.039249605227532076	0.001372548050993594	0.0024623790733560307	0.0017540509414064717	0.23958731139432035	0.0015734666499740409	0.004525687356881311	0.1611109724115758	0.0021904246009910493	0.003220208108796215	0.0032823157820669265	0.19827871626349944
92	92	0.1828600307426256	0.0018434633458077041	0.002355993546847115	0.0021059392073030604	0.027199678193121024	0.02833164328041164	0.0018218644783090509	0.40349441568994276	0.014521331562826523	0.017587688366426563	0.23177486446362455	0.0022751088230995122	0.0033447048929345	0.01629624668020214	0.06418702672651827
93	93	0.003898551257644175	0.0029435316315584033	0.0037619090960842776	0.0033626373341963966	0.0022763321069386457	0.004083786021244603	0.002909043856234469	0.2533080913650587	0.10549575389446476	0.25443261397153055	0.1643117852055546	0.0036327572236576435	0.06707234641969945	0.005443627852898571	0.12306723276323482
94	94	0.029298919410908234	0.0035235752890151626	0.004503219801808651	0.004025268724705789	0.00272489939486546	0.054152787136818	0.003482291454453417	0.007638662623942355	0.003123780125039322	0.2799382229472654	0.29521910532776185	0.02898074878889703	0.10492155623253906	0.006516333094376497	0.1719506296476039
95	95	0.003980458102494424	0.04502449305728783	0.0038409451493026485	0.0034332848635522397	0.002324156841920668	0.004169584566893538	0.0029701615863984548	0.1745917445527603	0.0026643754128854377	0.0496825355161239	0.2938212608112408	0.024718639414217636	0.005452828192826649	0.17363447256688616	0.20969105936520938
96	96	0.008400292256748465	0.022197076783076152	0.00129111800681242	0.0011540846686273615	0.014905810901578217	0.022588421426784622	9.984076726630238E-4	0.0657505785896224	8.956189007565563E-4	0.1508838544505609	0.27532375395401326	0.0012467920266133938	0.001832945901112678	0.0018682976551928677	0.4306629468058377
97	97	0.0018466297861297004	0.0013942649020178193	0.0017819063878973707	0.0015927830239767463	0.0010782319877298233	0.011681207624628188	0.0013779290508357546	0.003022588797271003	0.13769179315476895	0.14975780546279926	0.4384626794033143	0.11868278145970017	0.0512638852368376	0.002578487410690666	0.07778702631140269
98	98	0.0028448473110376125	0.002147951249986457	0.00274513691602207	0.017469386298167376	0.0016610830140440964	0.0029800166558310425	0.0021227848616514086	0.004656484844377398	0.0019042384152195672	0.2907735771046023	0.19497947591362297	0.0026508923280439173	0.0038971553581211723	0.0039723192119746654	0.46519465051729797
99	99	0.007951070901122424	0.16807144514969474	0.0012220730541409796	0.034515412967864666	7.394767016197354E-4	0.1751264709334161	9.450159531284077E-4	0.002072962052317437	0.18801677677376208	0.002438268268135372	0.14696194727682765	0.0011801174887210895	0.048527188880002244	0.12209134943555072	0.10014042416369633
100	100	0.0024734446216131685	0.0018675302699562148	0.015442028439462404	0.015188709571314348	0.001444224029598909	0.22453067189685552	0.0018456494232649912	0.004048567861361832	0.0016556348202308665	0.26586755865754264	0.26091130295140197	0.0023048109984097308	0.003388370940941621	0.003453721945662444	0.19557777357238332
101	101	0.0025397591384485954	0.06894408213869781	0.0024507419226716693	0.0021906314254732835	0.0014829445321272827	0.10990280424201618	0.001895132378606671	0.004157112366161194	0.0017000233714036489	0.15234795744580962	0.26790648968044206	0.08279838307773463	0.003479215174867181	0.1778151721935814	0.1203895509119588
102	102	0.0535167712652743	0.002400238491987437	0.0030675664969833003	0.06985903294588794	0.08575249007522844	0.10400559980814719	0.06948916006467067	0.005203411465181638	0.00212790040842872	0.006120378830582343	0.08364666873328674	0.019741513395949355	0.004354895065647557	0.004438887276935597	0.4862754856758088
103	103	0.09333999793966505	0.002572925656136984	0.021274724053399835	0.002939263766245795	0.18185431924212528	0.0035696160746439515	0.0025427800714920993	0.041550693094000495	0.00228099398156776	0.0605200913640724	0.21556991066647713	0.03914829199618075	0.0046682116304664276	0.11267700025921562	0.21549118020431043
104	104	0.001902252628137231	0.04159796077943348	0.0018355796786840187	0.04180245852016402	0.031231983840577127	0.2530032535342171	0.001419434029509829	0.06335618128615556	0.001273299454735975	0.033783604848216305	0.26090166446615576	0.0017725615284748383	0.0628484434876281	0.16330295010519272	0.03996837181271794
105	105	0.03081710116584561	0.0037061563474121277	0.004736563088149554	0.13377631597543307	0.08059157744381762	0.10877580943680284	0.003662733308891134	0.033942969103229956	0.0032856450022301516	0.009450344591694136	0.12915701223050496	0.004573949910617395	0.03263279328090464	0.36957290570689044	0.05131812340757638
106	106	0.0028027621401160493	0.00211617559189186	0.002704526808103222	0.0024174807482001868	0.0016365098278875946	0.09169676782903027	0.002091381501834631	0.10814190789261635	0.0018760681162833153	0.020189518236678125	0.20688852502852415	0.002611676424860805	0.0038395028968737552	0.018707027477664753	0.532280169479435
107	107	0.004345659686566633	0.07209258658579476	0.004193346610828085	0.0037482840516996235	0.002537395051806557	0.004552138245275005	0.0032426698476017046	0.0071130349916526045	0.002908828211104578	0.008366524361067874	0.06847022250886609	0.004049382853945694	0.005953117717905676	0.14369088202125435	0.6647359272546308
108	108	0.0016977045335405158	0.0012818215447900406	0.0822852551624499	0.00146432976499263	9.912757540935463E-4	0.019699936447733327	0.0012668031318848962	0.0027788259144842704	0.09970500421364965	0.3079351719573042	0.1611607930723978	0.0015819590407495263	0.002325684859684391	0.15470386473957992	0.1611215698626654
109	109	0.001439689590166394	0.18346146283410306	0.10777432557331895	0.001241782817669774	0.02363742930378022	0.0015080946317493585	0.0010742760272668761	0.0023565035392963084	0.06935409548028146	0.0027717766454969425	0.18226139650827736	0.0013415349479493827	0.001972230277027355	0.0020102683880816154	0.417795133435535
110	110	0.0024734446216131685	0.0018675302699562148	0.028497305184314516	0.0021334328264622365	0.001444224029598909	0.0025909672343696127	0.027956202912969217	0.017103844606213944	0.0016556348202308665	0.2528122819126905	0.14341381224773297	0.04147064123296607	0.2644939058379839	0.08178538241477512	0.13030138984812273
111	111	0.0026836601796174395	0.03035591281555878	0.030919262344217154	0.12979823478695304	0.0015669671699192719	0.016976002438344996	0.002002509301995112	0.004392651551232063	0.0017963455499334555	0.2601337106684932	0.02811892351347872	0.002500694555248408	0.07450050275151181	0.003747250282482663	0.4105073720910139
112	112	0.003289374919572456	0.07193118667272831	0.003174084066769125	0.002837201354999641	0.0019206390390532394	0.17706467237518947	0.0024544850813161653	0.022745994385454105	0.0022017891995845078	0.0063329016495149906	0.0344654969631059	0.2461317228084083	0.05659181565901871	0.12612632717523084	0.24273230865005424
113	113	0.14240458424620966	0.013353772280429634	0.013818400996801187	0.013591716936876769	0.0012923733982521124	0.002318544118374821	0.0016515915593714823	0.038670689156274356	0.0014815557386069313	0.00426132836996511	0.05823919276779689	0.23571448534491746	0.026397307086632366	0.003090585862065511	0.4437138721374258
114	114	0.1133655007838751	0.0026200510975751515	0.0033484926577654122	0.07625668722355043	0.0020261737197886202	0.0036349967951793995	0.0025893533695053638	0.29873429002776103	0.0023227724325085367	0.006680879973458454	0.05467519349687778	0.0032335339797347853	0.023069611165292166	0.188004368800756	0.2194380944763718
115	115	0.3603935365988493	0.003908693048102547	0.004995410198351933	0.004465220292028906	0.0030227239232530636	0.005422828095353671	0.0038628969961057094	0.008473548894523356	0.0034652012961399674	0.009966793827659528	0.054242197559693665	0.004823910418804415	0.03441613366535495	0.007228551620427819	0.4913123535653512
116	116	0.25242575765015285	0.0011960790952664651	0.00152861983199989	0.10170302491459604	0.1347071625969198	0.0016594117886091985	0.0011820652804784904	0.0025929472001843803	0.0010603684608120542	0.0030498874169414283	0.04168253787885966	0.009837527212667287	0.01889289154342218	0.05238029486235828	0.37610142426673204
117	117	0.31580358741184783	0.1413787894487895	0.003174084066769125	0.002837201354999641	0.0019206390390532394	0.0034456654350364935	0.0024544850813161653	0.1269173985495459	0.0022017891995845078	0.05841860373156088	0.0344654969631059	0.003065113092194147	0.004506113576972818	0.004593022317123764	0.2948180107321001
118	118	0.04412903891146128	0.08625232880079872	0.0015546173470101256	0.001389617398487103	9.406993339329875E-4	0.0016876337061713233	0.001202168879312553	0.09617654447230488	0.0010784023397394761	0.003101757405961347	0.05089503114532754	0.001501245046897325	0.12125729570543273	0.197832179257997	0.39100144024916567
119	119	0.2761436386369674	0.0016330160315315455	0.0020870364691197582	0.0018655279991205563	0.012678732759944888	0.0022656077381801843	0.024445615833952713	0.0035401708495478696	0.0014477292535998588	0.015579901344537713	0.2053157553882991	0.01343125192346461	0.1856167416243551	0.04868348837502302	0.2052657857723557
120	120	0.027282817588275866	0.003281112880667058	0.004193346610828085	0.0037482840516996235	0.002537395051806557	0.004552138245275005	0.0032426698476017046	0.12179882450019879	0.002908828211104578	0.008366524361067874	0.5272133805430508	0.004049382853945694	0.21238753883328876	0.006067934610998956	0.06836982181019072
121	121	0.00204605549090727	0.02314372086656302	0.012773783897656866	0.2717508339599095	0.0011946750212397557	0.0021432712462287964	0.0015267376935644858	0.0465467777905765	0.0013695559161786735	0.02553807174386737	0.22662760258081557	0.012706001821630206	0.04600065699923051	0.21884578106314248	0.10778647390848904
122	122	0.003470118476741412	0.07588363930233094	0.0033484926577654122	0.002993099018794643	0.0020261737197886202	0.0036349967951793995	0.0025893533695053638	0.005679937208737853	0.0023227724325085367	0.006680879973458454	0.07299109054806673	0.6809217248737259	0.04138550821648111	0.004845398288866521	0.09122681511804917
123	123	0.21867021869952227	0.0030698705631338288	0.003923373498500615	0.024967398470098243	0.0023740342560231477	0.09010080095629679	0.0030339025425697467	0.006655088541475562	0.00272155406511578	0.007827876633906812	0.021141152823815554	0.17547214890711535	0.005569848251412082	0.005677273083497068	0.4287954587075172
124	124	0.002979043749156557	0.002249273878404143	0.0028746298398952394	0.002569529825079587	0.0017394392137036468	0.0031205892690592	0.0022229203473842205	0.004876139402935191	0.0019940646816980043	0.005735433489431187	0.04693781912995374	0.19146295640614164	0.004080991012789496	0.14567496310505554	0.5814822066493127
