0	0	0.008653983763874294	0.39678550785595595	0.010023540970907878	0.1143543612427581	0.010342127796022366	0.003695377901180865	0.13261006285667268	0.005077181215012061	0.004857907196608018	0.08482974546961067	0.12892623764581781	0.04411789249130707	0.006987750063188057	0.04436606874638153	0.004372254784702626
1	1	0.0026097506069139944	0.13149502943038757	0.08588776809218518	0.20021544156291446	0.014956695968365553	0.0011144017580252317	0.016315021649857927	0.0015311071893389012	0.0014649815160970288	0.025581799754216858	0.5005562763367777	0.013304473390115252	0.0021072705318092885	0.0015414571395378916	0.0013185250734572603
2	2	0.0035287542021394096	0.11377411853379188	0.020093674191074	0.1586744897412062	0.004217112940704014	0.0015068297622327855	0.03806669941327077	0.0020702748047999836	0.0019808634845369035	0.0025772968417110526	0.6288039121849115	0.0019830728947225233	0.018855798062030162	0.002084269410322773	0.001782833532545976
3	3	0.0021305490149774375	0.020372206266402015	0.30205774131984664	0.12479516827065885	0.002546158022686382	9.097756550222071E-4	0.0036550683664775224	0.0012499657650921175	0.0011959820673330488	0.0015560894675188289	0.36032331859996686	0.05918248063837357	0.11769066337399707	0.001258415260665796	0.0010764179109816363
4	4	0.00802402454716304	0.07672533324149296	0.009293886029207433	0.033235905315244126	0.009589281603647122	0.003426376082874034	0.05016269901772676	0.004707592227029237	0.0045042800699653515	0.005860508252651101	0.7018942021465164	0.04090636890227589	0.042876147739151015	0.004739414522323888	0.004053980302731537
5	5	0.0031732109013998403	0.01594836856603635	0.018069115143705784	0.15708079650048887	0.018185933387659024	0.0013550075619242303	0.019837529463063257	0.03064912221010447	0.016174999571907073	0.002317618617160287	0.6518104401342141	0.059358146516247594	0.002562242463329846	0.0018742666775375329	0.0016032022852218413
6	6	0.004847922109146554	0.0903360534334446	0.0715858280991987	0.1960021625699296	0.0057936126720336935	0.0020701337924357273	0.07428755046916864	0.002844213686550899	0.0027213773847057404	0.0035407777433717046	0.4240675487553114	0.04670487028658313	0.0698851919226302	0.0028634399498824684	0.002449317125606934
7	7	0.017823477089442145	0.22063622530499782	0.09135261941590567	0.15937479264866555	0.003847594537770361	0.0013747959905358385	0.00552331039814977	0.03109671968771694	0.0018072931956858132	0.0023514649452866646	0.38385485858598134	0.0018093090095094918	0.031807510968704926	0.045713412890726	0.001626615330921769
8	8	0.0016516833580586924	0.07572974920294392	0.2116905903822588	0.0817618952890928	0.0019738794101872657	7.052930011952994E-4	0.002833549264080942	9.690214296091259E-4	0.008419225333475257	0.3833011013115162	0.024606623602143676	0.12080107154978534	0.06127010217564433	0.02345173421695366	8.34480473054735E-4
9	9	0.017566930949925407	0.04473580866308748	0.03246283519223135	0.15708079650048887	0.0037922133391334583	0.0013550075619242303	0.07741240965716552	0.0018616821130533357	0.016174999571907073	0.3333731797332483	0.17681767853287045	0.001783266322145337	0.11771200285153437	0.016267986726063097	0.0016032022852218413
10	10	0.008566135910163647	0.11305869711511798	0.04390495466957142	0.04852191913178186	0.10011222168036484	0.18314922538304013	0.1289927385248185	0.04302053655742571	8.68602633822176E-4	0.0011301368531083597	0.051127397110502126	0.18335805655310788	0.0012494224084013462	0.09215818836865619	7.817671001179379E-4
11	11	0.0034192926039242374	0.2498344014594082	0.003960421054870692	0.10722257493916884	0.12816589369544457	0.0014600880555102858	0.03688587425009365	0.0020060550898817224	0.001919417299724137	0.0024973493545220704	0.34562933872925566	0.032941456967069196	0.0027609437180678665	0.06405941316983713	0.017237479613221814
12	12	0.006788599132478552	0.4344301921605611	0.00786294536667874	0.08970503512710346	0.008112860123119545	0.06448515411888676	0.011646197185508954	0.003982783990830692	0.0038107749540993406	0.004958190370179868	0.1319290739339001	0.15778083239264842	0.0670678484493407	0.004009706740750136	0.003429805953913572
13	13	0.004847922109146554	0.2442676548209578	0.0056151417902644525	0.13003147626099537	0.0057936126720336935	0.0020701337924357273	0.3601605244745503	0.002844213686550899	0.0027213773847057404	0.0035407777433717046	0.2261554898285087	0.0027244127472936318	0.003914505613695959	0.0028634399498824684	0.002449317125606934
14	14	0.01038910987405821	0.31588074069753697	0.10432325132176733	0.2461222492262779	0.01926765694998631	8.013535478187975E-4	0.07983169000115634	0.0011010016535166088	0.0010534514388182924	0.009883111286501918	0.09605777786019552	0.043616966864753456	0.06961505880600258	0.0011084441842304925	9.481362873793071E-4
15	15	9.691538004201969E-4	0.21588334676724283	0.009914714488433942	0.24140327514976184	0.045119132415243846	4.138428768342057E-4	0.14673368494211508	5.685900972557505E-4	5.44033747941022E-4	7.078410356382644E-4	0.08477584153748681	0.035713380154145734	0.20739889858238436	5.724336421304742E-4	0.009281830762965638
16	16	0.004367689637526483	0.3389419701253713	0.005058908963142863	0.03790307475746806	0.005219700618485889	0.0018650674886991246	0.1858000005045602	0.002562467458423396	0.0024517992524163436	0.003190030266643768	0.04525754124383309	0.002454533933672104	0.26108129283454623	0.0025797891787875116	0.10126613373642368
17	17	0.023258008400602347	0.13545580999292514	0.10015003098929667	0.01740166608543056	0.06219112024896184	0.0017939831008584497	0.08343456329911307	0.0024648026651934592	0.0023583524200511494	0.003068446811851061	0.558065864282974	0.002360982872830363	0.0033923203151634547	0.0024814641928857864	0.002122584321862596
18	18	0.04156784379421802	0.0659312779070533	0.029110740409369257	0.19249044775821453	0.003400631443272084	0.0012150902148358321	0.030696549223731426	0.0016694458261868337	0.0015973455643853698	0.10533776105953	0.4038007947005242	0.0015991272073847271	0.015205099004776474	0.0016807309153571135	0.1046971149711609
19	19	0.00474360906070783	0.26052879577052857	0.28521614746411356	0.019648262622770873	0.048703078376047954	0.0020255905919256425	0.20179148222905452	0.0027830145597135462	0.0026628213343898176	0.0034645906034095667	0.15673809691157026	0.002665791384887801	0.003830276947372149	0.0028018271303138693	0.002396615013194032
20	20	0.023258008400602347	0.021115087839879674	0.4050586233974179	0.11268560121296844	0.06219112024896184	0.0017939831008584497	0.12154813735012823	0.021521589690701042	0.0023583524200511494	0.003068446811851061	0.15787333674731488	0.002360982872830363	0.0033923203151634547	0.04059503824390094	0.021179371347370173
21	21	0.001909144857377702	0.14815368602536053	0.3486073760568125	0.033887479246975424	0.00228156426391071	8.15232834796561E-4	0.0032752379439148355	0.0011200707871764559	0.0010716970120441106	0.14861272278255688	0.011122456105258428	0.0010728923585749503	0.18339950885653586	0.0011276422210690924	0.11354328864763602
22	22	0.004547894394669643	0.16726254370971552	0.2734485286879348	0.12198410137453847	0.005435058155393419	0.0019420175611055892	0.06969005003917997	0.002668191276815846	0.0025529570556286803	0.0033216464475511235	0.10901270313788645	0.002555804566002912	0.003672245085134993	0.2296085244740405	0.0022977340344020355
23	23	0.02487325279839681	0.1784750313872261	0.31091274037099875	0.2850992179814447	0.01748188871295736	7.270823628978783E-4	0.010644603175186451	9.98958432232886E-4	0.00867932935511691	0.0012436090157814505	0.14894304730639576	9.568813692378076E-4	0.00909838559928056	0.0010057111730576067	8.602609597890617E-4
24	24	0.0013242730262529982	0.32502232986084606	0.0495891868320344	0.20371347244516705	0.10370019346036452	5.654839909422692E-4	0.08636870078651994	7.76933989696882E-4	7.433796549704002E-4	9.6720952852305E-4	0.07379115020134915	7.442088037705549E-4	0.0010692981608663027	0.15095511640472425	6.690628539722554E-4
25	25	0.002705844826304842	0.41863291106734757	0.0031340648673973707	0.2812300736846746	0.1259711007274779	0.0011554353980755554	0.1396531839452081	0.0015874844346486425	0.0015189239329848367	0.0019762683727780226	0.003490195233325424	0.013794360424317812	0.0021848628183147797	0.0015982154827128738	0.0013670747844317353
26	26	0.03338135883240512	0.34317799462125137	0.002646776986764337	0.4862738840798405	0.0338271235364754	9.757870212363799E-4	0.003920272271578167	0.0013406605945472543	0.0012827599557019987	0.0016689959748927763	0.08587079383501135	0.0012841907170512573	0.0018451579247480258	0.0013497231673598763	0.0011545204811362192
27	27	0.0019258222903967132	0.1057701331969017	0.028437252151770624	0.11280346760386013	0.019772597772535597	8.223543431224893E-4	0.0033038489532994193	0.0011298552231020483	0.07970102141670193	0.010142114566210818	0.2820217100866598	0.3068265634328667	0.0015550254308986564	0.018608595584384796	0.0271796379472886
28	28	0.23760633454283672	0.15326730884305834	0.0035232567799319847	0.10918490546648425	0.003635239480939487	0.0012989187436390607	0.22598503423705293	0.001784620144782462	0.001707545718265203	0.07121123511224207	0.0591152529404002	0.0017094502760157985	0.12663737416579157	0.0017966837871918407	0.001536839761368115
29	29	0.3444554418410937	0.28777113199409454	0.00203504803772366	0.11885378369700213	0.0020997297200927526	7.502609674836648E-4	0.0030142102766922544	0.009000535565471783	9.86285638637477E-4	0.001283253935129007	0.00226629481563657	9.873857192603706E-4	0.16081332917872426	0.016977234988072847	0.04870607362488497
30	30	0.002491762104394447	0.5550511613442884	0.002886101964671558	0.20246623345200404	0.0029778334260932315	0.0010640189381932515	0.049485391143126826	0.0014618848490936657	0.0013987487600454842	0.0018199087366463675	0.003214055785754303	0.001400308892675366	0.17155191002430042	0.0014717668713910797	0.0012589137073215283
31	31	0.028660411483498745	0.09174614252849185	0.016203308098649984	0.23121274469037237	0.1324749545504648	0.0012150902148358321	0.0048816846022928795	0.014576878136906108	0.0015973455643853698	0.014985734884495085	0.24891160697189296	0.0015991272073847271	0.20881658366556555	0.0016807309153571135	0.0014376564854067105
32	32	0.011251080009700785	0.3974013456644527	0.0023539777324228647	0.10060542814520665	0.0024287962316278298	8.678407478469563E-4	0.0034865928177844883	0.0011923502441205215	0.0011408548536073178	0.0014843635788158664	0.011840200998149414	0.038017070687277874	0.33351552779337873	0.01041914610886903	0.08399542438673901
33	33	0.09775207521519881	0.20696382205070443	0.0567476316767329	0.3637273858880316	0.0018110569679736716	6.471144071342371E-4	0.0025998139057155493	8.890882609910403E-4	0.028346872139074036	0.08359537685859394	0.0019547225426517806	8.516390323156438E-4	0.12495647541183261	8.95098303454323E-4	0.028261827339595463
34	34	0.01427858066533212	0.1650547088474185	0.0029873986237601504	0.3382653982595366	0.014781712160777215	0.0011013639679133755	0.13311777106518344	0.0015131942113400794	0.048245292073287725	0.2241716711107041	0.0033268629967283343	0.0014494570566198103	0.0020826168100210943	0.036621510503947005	0.013002461647430519
35	35	0.0019955512524937667	0.15485900536408898	0.2829184871030257	0.11688778460246828	0.16531799544841147	8.521296318954336E-4	0.003423472637991297	0.0011707643103110303	0.00112020117615169	0.0467167048440683	0.05688506343981133	0.0011214506231266345	0.16454449819342032	0.0011786784213483551	0.0010082129513874977
36	36	0.02941988174800215	0.2929192992442787	0.029882143908977865	0.07834604962647297	0.01674021000911101	0.05424515067885716	0.04475944042967408	0.0017136843558366336	0.001639673514177213	0.00213337537014276	0.2820064293904205	0.0016415023688113632	0.16135213802210888	0.0017252684878054452	0.0014757528453234376
37	37	0.002151339982139848	0.3426015797306576	0.012250307672078898	0.2528735102560334	0.01232950687019999	9.186537027159034E-4	0.0134492385179751	0.0012621635587093851	0.18661919408101083	0.001571274569947134	0.1393939848265451	0.001209000049742151	0.011495624218146648	0.0012706955087038614	0.02060392645539427
38	38	0.0021941634802582362	0.21008273515445358	0.002541406147888599	0.6958280849891828	0.0026221818456517157	0.010889689988188202	0.0037642023117956933	0.0012872875554882336	0.0012316919989816394	0.0016025515759751047	0.05259394158090553	0.011185815824439204	0.0017717003424276507	0.001295989338213737	0.0011085578661501855
39	39	0.0016153759068172138	0.4111237552573054	0.0018710211420769896	0.3510770339613794	0.14115038896573212	6.89789187388062E-4	0.0027712619308315075	0.008275083448079427	0.015561516303663866	0.0011798223917925507	0.03872044487056535	9.078014483567242E-4	0.023286441641074036	9.541266962460181E-4	8.161368486913997E-4
40	40	0.0027394683549823253	0.17530977166981923	0.02802552760766487	0.19774089828972735	0.003273860061843064	0.0011697931376120191	0.06683099646644362	0.0016072109274225684	0.0015377984752066004	0.002000825995469657	0.015959824322543465	0.07609706781606032	0.08919582562416424	0.06374937041837504	0.2747617608326657
41	41	0.030153570439749776	0.39797680343153896	0.055722333652543476	0.1460947625091062	0.006509319833388711	0.002325865347871102	0.00934427824130158	0.0031955702958241738	0.0277643255014043	0.07809848141690376	0.0070256841395174826	0.003060969887735072	0.029104845429881974	0.2008712992228743	0.0027518906503591557
42	42	0.009426224637298267	0.19392205954832462	0.09465434611561911	0.27737570390089544	0.002034860551858816	7.270823628978783E-4	0.09560325806122845	9.98958432232886E-4	9.558152745676368E-4	0.06303172166017564	0.00219627977595959	9.568813692378076E-4	0.0013748715187312868	0.2558816758311836	8.602609597890617E-4
43	43	0.06380335640049092	0.021951747389560884	0.02487079788413101	0.3350814085722903	0.005219700618485889	0.0018650674886991246	0.007493000215666847	0.002562467458423396	0.0024517992524163436	0.003190030266643768	0.04525754124383309	0.18076153422256544	0.0035267368617003148	0.0025797891787875116	0.29938502294630515
44	44	0.002520247607995642	0.1841446830114711	0.014350966776092086	0.5591688105927558	0.06017123196097918	0.00107618266571852	0.004323616702980694	0.0014785969284931999	0.024278481606406558	0.001840713699038307	0.06041015478424588	0.0014163170436680883	0.0020350003954868645	0.012920463186099225	0.06986453303856896
45	45	0.03931771791924573	0.26751797397484983	0.004521439428786319	0.6359152091499862	0.004665148227577614	0.0016669186463305731	0.00669692751181135	0.0022902253205006376	0.0021913147463434634	0.002851114485694205	0.005035220076738376	0.019900789471914957	0.0031520486368941236	0.002305706743471346	0.0019722456598552252
46	46	0.0022616936962274697	0.3396573082942183	0.0026196235221073406	0.08118152166717467	0.0027028852699592897	9.657763559909151E-4	0.11672980014094432	0.0013269066665612134	0.38085511000847877	0.0016518736319664376	0.06447170386154884	0.001271016117369203	0.0018262283244277991	0.001335876265824572	0.0011426761772008753
47	47	0.002920950811833565	0.2929192992442787	0.0033832129728092767	0.18434177337114732	0.003490744541026714	0.0012472888065199813	0.0050110440254211965	0.0017136843558366336	0.05463753538651439	0.00213337537014276	0.441000015007432	0.0016415023688113632	0.002358552405097358	0.0017252684878054452	0.0014757528453234376
48	48	0.0022616936962274697	0.01136713750573735	0.18728284459062786	0.17351313220143497	0.0027028852699592897	9.657763559909151E-4	0.02439818960668405	0.0013269066665612134	0.04230587138285781	0.2273513660490471	0.2696530606043494	0.001271016117369203	0.0018262283244277991	0.001335876265824572	0.052438015362901026
49	49	0.04772834800613434	0.031241449984536786	0.003784336454161477	0.2951200270369863	0.0039046172750406005	0.016215531244801375	0.1834494912366542	0.0019168637123467282	0.0018340779319817547	0.34325460099750105	0.019034718827088216	0.016656483903263603	0.01745854945857556	0.016750181574761266	0.001650722356166858
50	50	0.0021941634802582362	0.6280982361686914	0.002541406147888599	0.13847408363686564	0.0026221818456517157	9.369399640396832E-4	0.013716952335944213	0.0012872875554882336	0.0012316919989816394	0.011555301600123623	0.1819796918948363	0.0012330658002906844	0.0017717003424276507	0.001295989338213737	0.011061307890298704
51	51	0.0029601715019279672	0.6728188221003344	0.0034286406284179715	0.039115918230061705	0.003537616062891333	0.0012640366160142562	0.018505700128318366	0.0017366946313837602	0.0016616900186986207	0.0021620209926258294	0.24551092146211748	0.001663543430042368	0.00239022156315951	0.001748434307789719	0.001495568326216808
52	52	0.0014458657701578337	0.21713765947427588	0.06725931739984616	0.09780733299695311	0.1197802514524559	0.04652664871746945	0.041831237997314315	8.482708921085204E-4	8.116356491792653E-4	0.0010560172427727184	0.29043736629406147	8.125409291666583E-4	0.11266135497411343	8.540050180728607E-4	7.304951920524728E-4
53	53	0.0030418598634939075	0.7465774506790431	0.03111907733044291	0.09538699519122879	0.04502897030670587	0.0012989187436390607	0.005218469832965546	0.001784620144782462	0.001707545718265203	0.002221683735964769	0.00392361183937836	0.05690109137703764	0.0024561816884924215	0.0017966837871918407	0.001536839761368115
54	54	0.02626067267893672	0.23901173215229968	0.0054943204271379565	0.041165326240999764	0.005668951139590167	0.0020255905919256425	0.07268910051968115	0.0027830145597135462	0.0026628213343898176	0.13256697231278292	0.45797698756677474	0.002665791384887801	0.003830276947372149	0.0028018271303138693	0.002396615013194032
55	55	0.0065858014844375175	0.12271965213255889	0.0076280534845806144	0.11689852148522616	0.06761704047714928	0.002812233756290192	0.011298287204119168	0.1233568812270399	0.03357020365222144	0.09442988002579365	0.36697407324639814	0.0037010581258091935	0.005317774564256824	0.03376319269609628	0.00332734643802272
56	56	0.0018608017723362436	0.03467413142172117	0.01903652266986584	0.09211370867254805	0.0022237908294792923	7.945896289607859E-4	0.2057671252050047	0.034854178911946386	0.07701011804087952	0.043562162115815165	0.4075498420193036	0.0010457247362070168	0.07746808231364302	0.0010990882307425757	9.401334315466652E-4
57	57	0.0032195522349513345	0.3082597744319427	0.018332995143451603	0.24699834177561045	0.003847594537770361	0.0013747959905358385	0.03473116010713139	0.0018888699787353164	0.0018072931956858132	0.0023514649452866646	0.3692509337314905	0.0018093090095094918	0.0025996612597233002	0.0019016383272535671	0.001626615330921769
58	58	0.01076731524712638	0.2494785319954864	0.012471322857894382	0.09343941273725229	0.012867709640350408	0.0045978014178137735	0.16499387919810524	0.20167969399206784	0.006044224215616668	0.007864125974912477	0.2092511137550563	0.006050965806165637	0.008694181760839042	0.006359747524290979	0.0054399738770221345
59	59	0.05666965532549411	0.028305016217540634	0.15112972114322487	0.21367174065665168	0.003537616062891333	0.0012640366160142562	0.09906992586366759	0.015164065587275297	0.0016616900186986207	0.0021620209926258294	0.40663937293281593	0.001663543430042368	0.00239022156315951	0.001748434307789719	0.014922939282108343
60	60	0.0033670695259623343	0.26129172935581635	0.003899933286940826	0.30413480170843943	0.01929695315358806	0.0014377880358317572	0.03632251389759126	0.0019754164802364017	0.0018901019146734751	0.002459207175672084	0.263985194735406	0.0018922100914634144	0.09435716523854773	0.001988769864202641	0.0017011455356283772
61	61	0.017838622997335178	0.18564415771774984	0.01811891373698573	0.3929564087272718	0.02621787336394923	7.562883827640481E-4	0.027139700636317446	0.009072843692843663	9.94209219080539E-4	0.017361079902273757	0.25936476752336163	9.953181374852756E-4	0.0014300984461586778	0.0010461093755155515	0.04106360814090772
62	62	0.0014650831583004945	0.0738197559982549	0.041570744751374164	0.072524782183173	0.0017508788632347005	6.256119810597044E-4	0.08890666300648738	8.595454871091276E-4	8.224233153808075E-4	0.001070053050009161	0.500312286963442	0.034051508378975956	0.0011829967805956178	0.18029746168383734	7.402043987656849E-4
63	63	0.005882842534308474	0.13630537285620709	0.00681384605945247	0.02436702384265456	0.007030416390156991	0.0025120599819195765	0.036776963689814694	0.0034513882185391617	0.003302329177370064	0.004296652760559059	0.6213348230441998	0.08335993061110762	0.004750162978401048	0.003474718849097226	0.05634146900621204
64	64	0.001909144857377702	0.04423485757161568	0.27066825471650385	0.10316669821613864	0.019601369006201512	0.018135037577087364	0.0032752379439148355	0.0011200707871764559	0.09633062309464352	0.03603399195766666	0.10638138218785785	0.10499172081231976	0.0015415590624824258	0.18298559201512254	0.009624460193891198
65	65	0.0025493919283250534	0.0475053023284872	0.4886438016889646	0.2418411116189893	0.0030467051758231818	0.0010886277176424479	0.027501755765060375	0.013059765754657308	0.0014310992178289193	0.001861999841522606	0.1420572336487362	0.0014326954334253931	0.02518667373786301	0.0015058061023094664	0.0012880300403650467
66	66	0.034825271311821476	0.32558088680377917	0.17578147953147924	0.2153360725955609	0.024476554088295608	0.0010179947415478723	0.014903607364390949	0.0013986509409812452	0.001338245806875189	0.0017411884859389096	0.19772277470021446	0.0013397384558838934	0.001924970330450676	0.0014081055158703993	0.0012044593269101094
67	67	0.003770140758185236	0.18996250777406531	0.038569594611719694	0.2379343159107976	0.004505587090758349	0.001609905359459762	0.07487347598489183	0.0022118931994436607	0.002116365643978727	0.002753598384094264	0.43239801489976165	0.002118726190198496	0.0030442397443836283	0.0022268451143841244	0.0019047893338776114
68	68	0.04285827905260385	0.08233592255083504	0.002593021538243337	0.13113157314835497	0.04329499037525138	9.559690051172144E-4	0.0038406524187016514	0.0013134320777758355	0.0012567073879532378	0.0016350990399946895	0.6528005136618934	0.031722773543029124	0.0018076831800555523	0.0013223105917619176	0.0011310724284289044
69	69	0.023709841806313744	0.09923330387978452	0.08266864268104965	0.23143676449690398	0.005118297477399085	0.001828834816460572	0.007347433675827034	0.0025126863946787425	0.021831171430017927	0.0031280575381592967	0.37463737876685255	0.0024068496948678676	0.0034582229330860008	0.13851869463413283	0.0021638197744661795
70	70	0.023267967639256204	0.328030937946635	0.026950296338137548	0.30746459080633876	0.027806880789798066	0.009935763200577671	0.03991741653095395	0.013651018008918941	0.01306145591779817	0.016994229712381886	0.1355564758358201	0.013076024369369455	0.018787964800696607	0.013743295909213327	0.011755682194104188
71	71	0.026013533831097276	0.13074246816068116	0.030130368772192818	0.3437446990991625	0.03108802820158229	0.011108160203899134	0.04462757905963661	0.015261806458971109	0.014602677409082465	0.018999509386055536	0.033554145787152635	0.014618964904135405	0.2570002603731355	0.015364972937384149	0.013142825415831321
72	72	0.014113462155769982	0.3481711282420553	0.0029528521362776157	0.1724566902543197	0.2574562501796116	0.0010886277176424479	0.004373615310170517	0.0014956955272123794	0.012995169445273848	0.001861999841522606	0.1420572336487362	0.01299676566087032	0.0020585332829731527	0.02463394655719932	0.0012880300403650467
73	73	0.017838622997335178	0.12137409125701919	0.0020513971218030697	0.4090239253424544	0.1547580062854105	7.562883827640481E-4	0.0030384257135434582	0.009072843692843663	9.94209219080539E-4	0.16196872943891769	0.0986896013715351	0.017062834752667934	0.0014300984461586778	0.0010461093755155515	8.94816602951071E-4
74	74	0.002705844826304842	0.08724186848021562	0.027681549503481225	0.40396749686509387	0.0032336775470586734	0.0011554353980755554	0.01691576076478882	0.06295619602485826	0.0015189239329848367	0.0019762683727780226	0.18759633000395431	0.0015206181062758866	0.0021848628183147797	0.0015982154827128738	0.19774695187310254
75	75	0.05666965532549411	0.5788272254090936	0.0034286406284179715	0.012261176318278635	0.043819728930565946	0.0012640366160142562	0.018505700128318366	0.0017366946313837602	0.02851643193048169	0.015589391948517365	0.2186561795503344	0.001663543430042368	0.00239022156315951	0.001748434307789719	0.014922939282108343
76	76	0.005446804493527553	0.20032267586176117	0.006308801760099028	0.17080152845532842	0.08062961767205537	0.002325865347871102	0.0340510441875238	0.10202263408071305	0.0277643255014043	0.02868494952445931	0.2788001095479619	0.05247450178017951	0.004398079483659754	0.0032171716530965105	0.0027518906503591557
77	77	0.04777773629716561	0.23901173215229968	0.0054943204271379565	0.14875064433214422	0.005668951139590167	0.0020255905919256425	0.09420616413791004	0.0027830145597135462	0.0026628213343898176	0.1971181631674696	0.24280635138448584	0.002665791384887801	0.003830276947372149	0.0028018271303138693	0.002396615013194032
78	78	0.023258008400602347	0.2497965321459706	0.004866095861758774	0.5509917027996428	0.005020759172439097	0.0017939831008584497	0.0072074151970827555	0.0024648026651934592	0.0023583524200511494	0.09835238193938896	0.04353261459426939	0.002360982872830363	0.0033923203151634547	0.0024814641928857864	0.002122584321862596
79	79	0.2629483724794545	0.2174946685340708	0.0054943204271379565	0.27785302604151757	0.005668951139590167	0.045059717828383423	0.11572322775613893	0.0027830145597135462	0.0026628213343898176	0.0034645906034095667	0.006118651583968006	0.002665791384887801	0.02534734056560104	0.0028018271303138693	0.02391367863142292
80	80	0.0030004597885470237	0.4778241802823066	0.0034753048356307896	0.271020314783397	0.003585763438743414	0.001281240304871404	0.0051474458371577065	0.001760331252111105	0.015294424891160795	0.2063432324574427	0.003870211015046444	0.001686184454209091	0.0024227527632460256	0.0017722307069108325	0.0015159231892190909
81	81	0.0032672671590212262	0.20908577337298923	0.003784336454161477	0.3544014681664705	0.07800641868689578	0.0013951709624303388	0.005605167848201716	0.0019168637123467282	0.0018340779319817547	0.002386314502967179	0.04867543939183029	0.0018361236208925622	0.18048251256465697	0.10567234326898749	0.001650722356166858
82	82	0.0029601715019279672	0.17600609673234754	0.15112972114322487	0.48221915977448243	0.003537616062891333	0.0012640366160142562	0.045360442040101444	0.0017366946313837602	0.0016616900186986207	0.029016762904408903	0.003818244256069838	0.001663543430042368	0.08295444729850872	0.015175805263681254	0.001495568326216808
83	83	0.03876284765129804	0.3122485688093216	0.0015911982453804673	0.35465486293613285	0.0327993237510658	5.866269065436025E-4	0.014819822835223742	0.019500513472107944	0.05685476587199244	0.0010033725848746415	0.0017720094402240525	7.720340723545003E-4	0.163128543847336	8.114310901115698E-4	6.940784860327689E-4
84	84	0.13665050970036058	0.13498397196113404	0.018604696736532516	0.2506589461898732	0.018724977557411638	0.0013951709624303388	0.2723716529308804	0.0019168637123467282	0.0018340779319817547	0.002386314502967179	0.03385507910945926	0.04629720446800568	0.0767399905880597	0.0019298212923902305	0.001650722356166858
85	85	0.010301419370426739	0.2794520417663455	0.06968022825840882	0.22716359024199598	0.0022237908294792923	7.945896289607859E-4	0.07915786123364728	0.0010917085195844098	0.18673814681605597	0.0013590741253626884	0.12056884368422677	0.0010457247362070168	0.0015025239308285707	0.017980323426923565	9.401334315466652E-4
86	86	0.02161068733642222	0.0904476681466147	0.05764253117725686	0.17553241399657496	0.004665148227577614	0.0016669186463305731	0.00669692751181135	0.0022902253205006376	0.055312406494814	0.002851114485694205	0.09357037299085594	0.0021937588890914438	0.0031520486368941236	0.002305706743471346	0.48006207139609003
87	87	0.06380335640049092	0.4578133036513002	0.005058908963142863	0.19639818612537324	0.005219700618485889	0.0018650674886991246	0.007493000215666847	0.08181002314237598	0.0024517992524163436	0.003190030266643768	0.005633763401856797	0.002454533933672104	0.06296240362466476	0.0025797891787875116	0.10126613373642368
88	88	0.014620686077490563	0.16900931123559815	0.0030589747321575645	0.3463700149720008	0.003156200757456611	0.0011277519250227454	0.07640882782783352	0.0015494493505223061	0.15721826121582264	0.07380694737432215	0.03934558699518909	0.0014841850954482657	0.0021325149405748006	0.013539594805293067	0.09717169269526779
89	89	0.012027209692845845	0.32626846695190137	0.08135371317035593	0.43274953640244157	0.002596341111590634	9.277067308517951E-4	0.053000452180815796	0.0012746017627631133	0.001219554082061947	0.0015867589606907717	0.012656969827554612	0.0012209143450138643	0.041172916691426864	0.0012832177923004311	0.03066164029738551
90	90	0.004201221375094767	0.21168295809495546	0.004866095861758774	0.30325347146804427	0.06219112024896184	0.03990755715187361	0.026264202222590335	0.0024648026651934592	0.0023583524200511494	0.003068446811851061	0.005419040543254229	0.09764491800036826	0.07961946841719376	0.0024814641928857864	0.15457688052592322
91	91	0.30096968481628844	0.27471984382358794	0.015599268588443781	0.32200348848193827	0.015700119081064154	0.0011697931376120191	0.004699701370338176	0.014033469946643659	0.0015377984752066004	0.002000825995469657	0.003533565303322376	0.0015395137007337882	0.014638271508837715	0.0016180753222695935	0.02623658044824391
92	92	0.2222718961442878	0.2595427625678424	0.0032958757879307105	0.07632355696174106	0.3260864392112539	0.0012150902148358321	0.030696549223731426	0.014576878136906108	0.0015973455643853698	0.014985734884495085	0.016577825378946066	0.0015991272073847271	0.002297666694057201	0.014588163226076385	0.014345088796125982
93	93	0.1283236926529999	0.2704090422583241	0.005267632461552606	0.1632427007939819	0.005435058155393419	0.0019420175611055892	0.11094864945862337	0.002668191276815846	0.10569945560423723	0.0033216464475511235	0.06775410371844305	0.002555804566002912	0.044930844504578404	0.0026862276671017205	0.08481493287328887
94	94	0.005446804493527553	0.4226835693777612	0.03101556770632125	0.17080152845532842	0.006509319833388711	0.002325865347871102	0.00934427824130158	0.0031955702958241738	0.12659138928629318	0.0039781835782370925	0.05643921603196192	0.003060969887735072	0.004398079483659754	0.02792393759931873	0.12628572038147026
95	95	0.00464369047728473	0.1707857337983872	0.005378588985755158	0.2509365448241685	0.13193253216113826	0.0019829238923831285	0.007966494104532991	0.0027243936091053307	0.04473439573195999	0.08764694028624294	0.2376919192367302	0.0026096396035182492	0.04587726025626582	0.0027428099148826307	0.0023461331176448347
96	96	0.058105481176827366	0.3188414262207679	0.0018048955176902387	0.4446952626080444	0.0018622620645336364	6.654106597031043E-4	0.052152116394812716	0.007982625470159795	0.036216739689950914	0.06475372047815328	0.002009989581908096	8.757179319058369E-4	0.008326653310253425	9.204059530034815E-4	7.872929422859138E-4
97	97	0.002151339982139848	0.4011525926843707	0.0024918055131267084	0.047944964918037354	0.0025710047112478007	9.186537027159034E-4	0.10127575794854482	0.0012621635587093851	0.09879267465044109	0.001571274569947134	0.03205046107807101	0.010967502208694342	0.0017371220591944577	0.1769237343698433	0.11818894804491617
98	98	0.003316417663643238	0.34762088263668	0.018884572910850016	0.38981945347681596	0.07917989323170939	0.0014161589482606656	0.035776103151143004	0.0019456996826448195	0.016904976049978326	0.0024222125658739167	0.01932106395595419	0.046993667552118035	0.03276449130657871	0.0019588521875496265	0.0016755546802002385
99	99	0.034925352000599895	0.1345244582033427	0.0017082961601019373	0.13991091435221867	0.0017625924064665446	6.297973836825698E-4	0.12295192419024448	8.652959267508446E-4	8.279254042242309E-4	0.08804842678243502	0.21598540415053988	8.288488534347926E-4	0.0011909111396204554	8.711451382310201E-4	0.254968707908107
100	100	0.04211139375866807	0.40677493796321157	0.003338973360569557	0.11655021794279509	0.016521311463389365	0.0012309789928621174	0.057250369109210796	0.0016912758548014372	0.32852354880099327	0.015181691540415213	0.003718387908460243	0.0016200377347873052	0.0023277114723251223	0.0017027085101973718	0.0014564555873135287
101	101	0.0029601715019279672	0.162578725776456	0.05713812445198412	0.28080859543610937	0.003537616062891333	0.0012640366160142562	0.0319330710842099	0.0017366946313837602	0.29706385104831246	0.0021620209926258294	0.044100357123744445	0.001663543430042368	0.08295444729850872	0.001748434307789719	0.028350310237999884
102	102	0.17184534997904874	0.08588534486233364	0.021107230864310638	0.4357000414453218	0.0044298307802687585	0.03521055660409666	0.00635912390729219	0.0021747027368887216	0.11977780125615003	0.002707299766412019	0.004781235620662128	0.08615240214453787	0.002993054323563928	0.019003263236394032	0.0018727624727188353
103	103	0.09410513212016874	0.12813054071530128	0.00460294389714407	0.4310637002801091	0.0047492432225648374	0.10985429551358523	0.00681764781008749	0.002331509429268842	0.16446680880512682	0.002902509306755861	0.02315220750592925	0.002233304072605819	0.003208868163603296	0.0023472699237981824	0.02003401923395118
104	104	0.02232182709370115	0.1418250340969472	0.0025669544033889162	0.10970772714844605	0.09312376966375817	0.031104768017118756	0.14454128593697466	0.011353031463812372	0.14198331679673834	0.05188267701159777	0.13354508259814732	0.001245461567941086	0.1123703445575703	0.0013090176637987206	0.0011197019800592593
105	105	0.0057299411218962	0.18474480313732872	0.006636746862869511	0.04972477550445117	0.03283876514858924	0.0024467688378748713	0.009830013949077496	0.02935275977323227	0.41907372770392093	0.030176054979580993	0.21531950914131512	0.0032200856949172706	0.004626701127374061	0.00338440716445429	0.0028949398531179058
106	106	0.1070097891356185	0.35728937619669965	0.003784336454161477	0.4433236298606967	0.018724977557411638	0.0013951709624303388	0.005605167848201716	0.0019168637123467282	0.0018340779319817547	0.017206674785338216	0.03385507910945926	0.0018361236208925622	0.0026381891762045223	0.0019298212923902305	0.001650722356166858
107	107	0.0050709445715601455	0.07148998700160844	0.0288753203609786	0.5730487699803065	0.16707316845054046	0.07117095109399003	0.008699470869421272	0.0029750581031326435	0.0028465708741697406	0.026705527846535307	0.006540872706394702	0.025851607021886873	0.00409458744286792	0.0029951688461432755	0.0025619948304640367
108	108	0.0019776498768075464	0.3597945844621406	0.05611447907961753	0.08892730043337811	0.01133407455138523	8.444854821123308E-4	0.25457073518914075	0.010130903706438798	0.019051436059558495	0.028356342206982292	0.029462842195507464	0.0011113904911740984	0.09130329319486274	0.0011681049193110458	0.045852378151583
109	109	0.07013102141886858	0.13772994268125588	0.12363855420914995	0.4176707003607927	0.0020039061570191427	7.160219516468251E-4	0.0028766533493402024	9.837622293719524E-4	9.41275367459147E-4	0.08489095099123933	0.032586964342276814	0.11503267953721884	0.00895998052774558	9.904122471842546E-4	8.471746294308747E-4
110	110	0.002882755837906307	0.35447008740219593	0.05564382392158525	0.05116915474152549	0.0034450988231354432	0.09276446747463957	0.20108870815200394	0.0016912758548014372	0.13238035919718444	0.015181691540415213	0.08217566374998377	0.0016200377347873052	0.0023277114723251223	0.0017027085101973718	0.0014564555873135287
111	111	0.003128184686758553	0.1008589533187326	0.0036232431476452723	0.537967878768585	0.03211736507460444	0.043904222618186606	0.18982981286216802	0.0018352658107586455	0.0017560040920760979	0.002284732812669048	0.018224440504427463	0.00175796269919734	0.05928380811994313	0.001847671806808774	0.0015804536774391199
112	112	0.003835737237034856	0.019278186379517177	0.07403855873622978	0.2420741224385396	0.0045839795612947305	0.001637916017319795	0.11097408941360472	0.0022503778117648103	0.2457384447493209	0.26378571156603525	0.0049476125500035025	0.019554536692664992	0.003097206310040915	0.0022655898742793465	0.0019379306623496092
113	113	0.15467093038623983	0.08315917151022233	0.0029873986237601504	0.4435596605502174	0.014781712160777215	0.0011013639679133755	0.004424783821018031	0.0015131942113400794	0.0014478421663184822	0.0018837840526002155	0.015026225473470644	0.0014494570566198103	0.27116795377509423	0.0015234230737200755	0.0013030991706882104
114	114	0.242689681557244	0.07541125641090528	0.0046874407419314245	0.16361982593741145	0.24347913062893492	0.0017281183347384777	0.0069428002650590214	0.0023743092536350303	0.002271767250714376	0.002955791050758644	0.24386278939303424	0.0022743011283602953	0.0032677737773196183	0.0023903590656294046	0.002044655204323807
115	115	0.3076226756945117	0.08520988929512247	0.03441688765819505	0.35402985521583175	0.007223163914273307	0.0025809312002196155	0.12003394429542635	0.03096224389431295	0.0033928665989723336	0.004414450787820258	0.007796155274064336	0.030812882542368206	0.004880394546835267	0.0035699825458679417	0.0030536765361784853
116	116	0.31153411258856406	0.059493819635003824	0.04398709719744367	0.3842916656101667	0.002205177767210458	7.879389376970396E-4	0.0031655833721139243	0.0010825709521544733	0.001035816725186067	0.0013476987158646374	0.07770983667875883	0.0010369720516590554	0.11029955632978623	0.0010898888953524998	9.322645430386176E-4
117	117	0.36921362209486364	0.05407608017550087	0.00444277114426238	0.2768720162345233	0.021982926459286577	0.001637916017319795	0.006580408025653644	0.0022503778117648103	0.019552135075426896	0.2115888708720597	0.022346559447995348	0.002155589794673144	0.003097206310040915	0.0022655898742793465	0.0019379306623496092
118	118	0.04443898221814039	0.017944357686817965	0.01919857046156188	0.450421483290771	0.027780125036006853	8.013535478187975E-4	0.0542942857430947	0.060688278255660415	0.009565919524838836	0.12905766449078954	0.07903284168815443	0.0010546264346507413	0.10366493115008475	0.0011084441842304925	9.481362873793071E-4
119	119	0.24258954417933484	0.28703152439918794	0.0029190955107902183	0.2047808013683979	0.025875618165073576	0.00107618266571852	0.11864232935599937	0.035774210724398806	0.0014147390758028249	0.001840713699038307	0.07184202604954774	0.0014163170436680883	0.0020350003954868645	0.0014885919207973585	0.001273305446757752
120	120	0.0050709445715601455	0.7155420991218556	0.005873459213826916	0.04400596359581779	0.14407130730338877	0.025167228799686674	0.008699470869421272	0.0029750581031326435	0.025848432021321425	0.0037036666993836265	0.006540872706394702	0.0028497458747351882	0.00409458744286792	0.0029951688461432755	0.0025619948304640367
121	121	0.1213353793434138	0.30395335979588106	0.0027612634682945944	0.00987456602052909	0.0028490270803975255	0.0010179947415478723	0.03653113437228903	0.0013986509409812452	0.001338245806875189	0.0017411884859389096	0.25179159221995967	0.0013397384558838934	0.2614552944252277	0.0014081055158703993	0.0012044593269101094
122	122	0.04076123892782321	0.07541125641090528	0.24333014566761052	0.10854843249302396	0.0048364257032558235	0.020085249482867638	0.0069428002650590214	0.0023743092536350303	0.002271767250714376	0.3150270205689544	0.15207713365238845	0.0022743011283602953	0.0032677737773196183	0.020747490213758567	0.002044655204323807
123	123	0.24143130886122566	0.06687522320646855	0.1561137657547402	0.2348188988050598	0.005668951139590167	0.023542654210154532	0.008137909664994471	0.0027830145597135462	0.0026628213343898176	0.1971181631674696	0.006118651583968006	0.002665791384887801	0.046864404183829936	0.0028018271303138693	0.002396615013194032
124	124	0.0034731611577261813	0.20650747373780431	0.0040228147074138545	0.5342778307612418	0.004150675287759521	0.0014830907174888375	0.05322128305348565	0.0020376590790854936	0.0019496563713847215	0.018290991097271003	0.14626861539891867	0.0019518309738644087	0.018558738204907277	0.002051433209425879	0.0017547462422223452
