0	0	0.0027936697588703705	0.0064096562869913895	0.004664846424053248	0.0039889144045123035	0.004694380541340902	0.0030534205000328904	0.08055122333139685	0.0021801370803867285	0.010716414375032039	0.3013986315561719	0.009557150087987729	0.0031263155145981668	0.004845038474847288	0.004041343670954799	0.18944381461572732	0.002345430116206075	0.011148242275860776	0.004757511807095696	0.004840659149194186	0.03874311480762046	0.15318141272481536	0.0024009782961932637	0.11653186320684757	0.0023797086387568607	0.0027263652220168287	0.012690730739190765	0.00736201210727576	0.005297716707996627	0.001520611907933887	0.0026086856700919606
1	1	8.72442164516919E-4	0.03696986473538401	0.0014567966376189236	0.0012457081249834694	0.0014660199214847863	9.535603776253775E-4	0.0018434263716218646	6.808404992454408E-4	0.003346656033171816	0.03584424263203931	0.002984626469503897	9.763249453012425E-4	0.0015130692669532734	0.0012620813926375607	0.28062700715765115	7.324602776719771E-4	0.003481512655827945	0.0014857353434558056	0.0015117016363162647	4.431258825938389E-4	0.1410858812328892	7.49807558691547E-4	0.35110562231644543	7.431652038056738E-4	0.024163541482254986	0.003963220262611842	0.09554757338551952	0.0016544372923988425	4.7487572220578995E-4	8.146730175722622E-4
2	2	0.0011733206482242484	0.0026920082610581496	0.0019592010160678027	0.0016753145642761664	0.001971605127015653	0.0012824140394634377	0.0024791674603469893	9.156414584275745E-4	0.004500814822950476	0.06388169552185863	0.05104155876105704	0.0013130294067488788	0.0020348803454413684	0.001697334468630611	0.14226850361666157	9.85063311643658E-4	0.036033930262280835	0.001998119791973255	0.002033041061038562	5.959463778299111E-4	0.3308249438047321	0.0010083931366322062	0.3311082793731506	9.994600377318983E-4	0.0011450532402535359	0.005330013101966513	0.003091990665867523	0.0022250018572161014	6.386457611353221E-4	0.0010956286983194682
3	3	7.14258761363422E-4	0.001638759608495362	0.2874732653916577	0.0010198474793612397	0.0012002143131557902	7.806693462426425E-4	0.0015091928043028074	0.038728143538698245	0.012282557056527496	0.08660140585207267	0.031071540924389473	7.993064462963067E-4	0.03940948003637101	0.010575938828668193	0.1152339895658015	5.996571371210349E-4	0.0028502759476321964	0.0012163551113078081	0.0012376134283974926	3.627822644321664E-4	0.1727615726667088	6.138591644392834E-4	0.07750718579003231	0.010151107877848986	6.970509811759069E-4	0.003244644643408513	0.09730911619465732	0.0013544695330911355	3.887755073507687E-4	6.669637989924099E-4
4	4	0.002599612966839076	0.0059644220809341505	0.004340812013938693	0.0037118322867819385	0.004368294601678834	0.002841320632080506	0.005492851324689013	0.0020286981328643872	0.009972019662989317	0.07207344892780365	0.07835632061771271	0.00290915213739001	0.004508487377241091	0.0037606196570332037	0.03735839304861656	0.002182509412053635	0.010373851485406009	0.004427040577844423	0.0045044122528575935	0.0013203806936254673	0.003614887802505374	0.0022341990466357114	0.6988730392019963	0.0022144068442480334	0.0025369836076687513	0.011809194012109569	0.006850624371521637	0.004929721204526625	0.0014149855833329595	0.002427478435074765
5	5	0.015183133712870878	0.22843913189794562	0.0017654736055332223	0.0015096580799714141	0.0017766511877715613	0.0011556078827388613	0.002234025339433556	0.3680967334779001	0.004055770545311291	0.015187524909528132	0.0036170314498373403	0.0153090279542551	0.0018336697004707624	0.0015295006380424399	0.11407504479576397	8.876594398549653E-4	0.0042192015978567525	0.001800544060814346	0.0018320122860249796	5.370187090263462E-4	0.1568543810451974	9.086823925286312E-4	0.0017255484125167128	0.015026464582777125	0.0010318294325179893	0.01892880899234262	0.0169120840584948	0.002004991840531734	5.754959421331098E-4	9.872920300082171E-4
6	6	0.0015995970889127339	0.15326732899020637	0.0026709938554647862	0.0022839692662743323	0.0026879044755862003	0.001748324950567541	0.003379868119171026	0.0012483010621224732	0.006135995560482862	0.1512035339182167	0.02684326689610301	0.00179006311690758	0.08825833570653051	0.023685031081122614	0.17258470631132986	0.0013429444100252286	0.0063832512179862935	0.002724052122816193	0.0027716605582618187	8.12458293108144E-4	0.002224317265452266	0.0013747501403624596	0.32317621947230507	0.0013625715777355015	0.0015610599136150068	0.007266447969424019	0.004215334721631655	0.003033362192180628	8.706706916856983E-4	0.0014936790544114876
7	7	0.0010724509985092462	0.002460577977500291	0.016118999866250795	0.0015312888083869021	0.0018021074548836937	0.0011721656984442525	0.0022660349686547112	8.369243291280046E-4	0.004113882559114328	0.14435920659900536	0.003668857108905248	0.0012001490815583998	0.0018599429419555783	0.0015514156751967063	0.2160071493318406	9.003780286027636E-4	0.018607885437970338	0.0161545728190866	0.0018582617796941646	5.44713236683367E-4	0.25939943775665925	0.015249932351556994	0.2596584151416763	9.135370770623341E-4	0.0010466137221011819	0.004871795175447094	0.01715440429117698	0.0020337198250688897	5.837417804415647E-4	0.0010014381774380299
8	8	5.552900045362702E-4	0.0012740296369598684	0.03802132824933681	7.928654740752445E-4	9.330890252218691E-4	0.008025741868085726	0.42404614970712046	4.333398124147468E-4	0.016967715875696163	0.022814062024117454	0.05383140176128673	6.214090805725691E-4	0.03063832259669527	0.008222108622001742	0.05249286646849268	4.661946515805087E-4	0.009634727184387867	0.09739032251317094	0.03805627405802843	2.820397538809E-4	7.721576595657809E-4	4.7723580954813475E-4	0.1270262228549998	0.007891830026388526	5.419120680582567E-4	0.009941323346328636	0.04597625833366943	0.001053012484913333	3.022478195833507E-4	5.185212292825922E-4
9	9	0.0010573017359007707	0.11543247608218475	0.08652046546735387	0.0015096580799714141	0.0017766511877715613	0.02940727183667908	0.24237316894792538	0.07145426196152783	0.004055770545311291	0.015187524909528132	0.06012035935771777	0.0153090279542551	0.0018336697004707624	0.0015295006380424399	0.1988300366575846	8.876594398549653E-4	0.03247086555179697	0.001800544060814346	0.030083676239965194	5.370187090263462E-4	0.00147022929852621	9.086823925286312E-4	0.0017255484125167128	9.006326058070192E-4	0.015157661409488097	0.04718047294628284	0.0169120840584948	0.002004991840531734	5.754959421331098E-4	9.872920300082171E-4
10	10	5.205342465913632E-4	0.0011942877627768573	8.691837362304511E-4	7.43239800508788E-4	0.13996420215235258	5.689326501332524E-4	0.0010998626574062482	4.062169513779161E-4	0.08545045947123095	0.11179430848072201	0.02959865183273348	5.825149110166381E-4	0.02872066134706051	0.035525387611631806	0.05616179892776787	4.3701539689705067E-4	0.02294063843668823	8.864497374082729E-4	0.18867278811050653	2.643868061659274E-4	7.238280939479268E-4	0.021310792800519295	0.07039428535085154	0.13257844204904737	5.079936389293447E-4	0.05104594774486976	0.015280688275350575	9.871041365914928E-4	2.83330043338508E-4	4.8606683934756823E-4
11	11	0.0011376532276069374	0.002610174713597996	0.001899643855099305	0.0016243871819610423	0.0019116708972184166	0.0012434303217386086	0.0024038039962139975	8.878071498080072E-4	0.1563574883595529	0.183534569080159	0.003891914071017322	0.001273115021704783	0.0019730226313573276	0.0016457377098822404	0.06194698004593125	9.551186690395666E-4	0.004539847190959845	0.06273477653061603	0.09316733472842494	5.778303835741277E-4	0.10797740665597322	9.777392977124665E-4	0.22984692315136718	9.690777533922093E-4	0.0011102451120482166	0.06596538462047837	0.0029979981738823148	0.0021573646966191818	6.19231761200734E-4	0.0010623230118624028
12	12	0.0022149671004149845	0.005081909826877558	0.003698533559651805	0.0031626193984856566	0.003721949748313418	0.002420911036399755	0.0046801139734467916	0.0017285263915388395	0.008496532276137071	0.2981496531806809	0.06676250445420466	0.002478706006092825	0.0038413992161947207	0.003204188055589915	0.06142329140865543	0.0018595793318891011	0.008838907959712382	0.06295710087981551	0.003837927058394815	0.0011250135438274913	0.00308001908606285	0.0019036208263316311	0.003614893302564791	0.14984950056034596	0.03175415323861428	0.24680226275294748	0.005836987195317686	0.0042003061307704795	0.0012056204345121749	0.0020683020662091876
13	13	0.0015995970889127339	0.06778316135254943	0.0026709938554647862	0.0022839692662743323	0.0026879044755862003	0.001748324950567541	0.003379868119171026	0.0012483010621224732	0.006135995560482862	0.2153166596464594	0.15506951835258842	0.00179006311690758	0.002774168068873572	0.0023139891717083795	0.1512136644019156	0.0013429444100252286	0.049125335036814766	0.002724052122816193	0.0027716605582618187	8.12458293108144E-4	0.0235953591748665	0.0013747501403624596	0.08809475846874848	0.0013625715777355015	0.0015610599136150068	0.19960582515415215	0.004215334721631655	0.003033362192180628	8.706706916856983E-4	0.0014936790544114876
14	14	6.300813907430655E-4	0.04353590080433016	0.0010521046423392485	8.996556330861513E-4	0.0010587657366349819	6.886653045068743E-4	0.0013313302579857403	4.917058643953828E-4	0.002416969024975037	0.2531743395417789	0.0021555097555318943	0.04279537951916958	0.05160107322936385	0.009329535185344802	0.20267000168184565	5.289858848983466E-4	0.03618658188224377	0.05999938726483951	0.0010917572627019087	3.20027371136485E-4	0.05980254167408849	5.415141640152478E-4	0.051536640145439155	0.01737282644681453	0.03428712043376577	0.11229696552354336	0.010078475313257321	0.0011948415522409553	3.4295723848149623E-4	5.883602705022934E-4
15	15	3.2714743764140393E-4	0.04882913384641506	5.462680582678342E-4	0.004837890958382128	5.497265954707295E-4	3.575650591684145E-4	6.912460659104104E-4	2.553008483880088E-4	0.0012549255302505185	0.2625751049534171	0.09290548164965459	3.661012926140977E-4	0.11420756192403589	0.14907965993090735	0.20138630377209513	2.746571781605491E-4	0.0013054939236011023	5.571194634935736E-4	5.668562764536042E-4	1.6616287352804653E-4	4.549143649597764E-4	2.8116204320078936E-4	0.004904691159976022	2.7867130000978197E-4	3.19265866563303E-4	0.11075554029932029	8.621145678128137E-4	6.203791414028651E-4	1.7806839471560474E-4	3.0548522418323294E-4
16	16	0.020753065803183625	0.022623625310457588	0.002413137538158912	0.021371369056814825	0.0024284156160642727	0.0015795425955333051	0.0030535774598324196	0.0783593625902259	0.024851522794162997	0.3296853552884149	0.02425183227631676	0.0016172513816329055	0.1376616020961984	0.002090597895505476	0.020768220402410824	0.0012132972754175914	0.04438280148396014	0.0024610735887766965	0.002504085931344165	7.340240043145342E-4	0.002009582867087434	0.0012420324975703117	0.021666458750570584	0.0012310296468614629	0.0014103560250249875	0.21895177154394946	0.0038083885636284657	0.0027405230295856763	7.866166090883555E-4	0.001349480077907124
17	17	0.01998146579753277	0.151912649679522	0.002323416965991976	0.0019867559531104246	0.0023381270042105787	0.001520815124267238	0.0029400452999285764	0.0010858594303641577	0.005337517403609497	0.09434734295678841	0.023350147961386337	0.0015571218958479486	0.0024131651012774223	0.02060289391581233	0.03858608150073801	0.0011681868231380652	0.005552597639906412	0.11390971806822277	0.00241098389345254	7.067329557895459E-4	0.20642513655734399	0.0011958536683200915	0.2439411933829411	0.0011852599041408975	0.001357918918758401	0.00632086384628536	0.04084684159526311	0.002638630248771084	7.573701649352934E-4	0.00129930634234372
18	18	9.499509552580688E-4	0.02756271407728422	0.20465177278756524	0.03943116941984083	0.001596262860143808	0.0010382758060794132	0.002007198544375426	0.36879764129349235	0.02902717097910998	0.05172028445620307	0.0032497842047371165	0.0010630628047931896	0.0016474921249476292	0.0013742061918950667	0.05172630063536074	7.975329125092871E-4	0.0037908143458175053	0.0016177298234525518	0.0016460029923920218	4.824937085688375E-4	0.09016213210671793	8.164213464317755E-4	0.0015503486915376971	8.091888769047069E-4	0.013618661964225655	0.02969851150178958	0.0025033561721897798	0.06525940464582954	5.170642413735694E-4	8.870495291733874E-4
19	19	0.001566127316398503	0.003593244250831441	0.23277775177035784	0.002236179774594489	0.002631663093327245	0.0017117432145903747	0.003309148174842016	0.0012221817644142545	0.068779237325348	0.2526591540943406	0.005357724824916379	0.001752608056677547	0.002716121717811159	0.21150434014851385	0.06435418086788507	0.0013148448065598622	0.00624968885553388	0.002667054391637814	0.002713666674042672	7.954585158291587E-4	0.0021777759248920838	0.0013459850377120703	0.002555967150009601	0.0013340612978298522	0.001528396488211243	0.02803828256703025	0.08782264101750799	0.00296989249519927	8.524528853471434E-4	0.0014624254978084278
20	20	0.0013914412448112871	0.0031924532577501503	0.05809349062415642	0.0019867559531104246	0.0023381270042105787	0.001520815124267238	0.0029400452999285764	0.0010858594303641577	0.005337517403609497	0.09434734295678841	0.023350147961386337	0.0015571218958479486	0.0024131651012774223	0.0020128693630908465	0.11294617971162393	0.0011681868231380652	0.005552597639906412	0.13249974262094424	0.00241098389345254	7.067329557895459E-4	0.0019348664774076665	0.0011958536683200915	0.1324010460666122	0.01977528445686238	0.001357918918758401	0.02491088839900684	0.35687725899152833	0.002638630248771084	7.573701649352934E-4	0.00129930634234372
21	21	6.408711678486787E-4	0.018594800775782804	0.0010701213220085748	0.07797494268725598	0.0010768964836673288	7.004582970395302E-4	0.1469116814666991	5.001260411476152E-4	0.0024583582128383653	0.137638876796362	0.002192421605576753	7.171805001440537E-4	0.13810680154859253	9.270890483239991E-4	0.06058305455269598	5.380444603045137E-4	0.002557420047271387	0.001091378871173431	0.05248370695378877	0.026012134645295424	8.911624142460174E-4	5.50787278909764E-4	0.0010459211299477195	5.459079941776557E-4	6.2543142698529E-4	0.002911268736705288	0.3184905872374995	0.0012153025184186755	3.4883018158747813E-4	5.984355977057067E-4
22	22	0.001503220898452901	0.003448914909112764	0.0025100656977958516	0.002146359452817821	0.0025259574481300475	0.0016429878631287883	0.0031762300806673725	0.0011730905595851743	0.005766300040969419	0.10192661614352413	0.005142521837557235	0.0016822112927913767	0.002607023634799191	0.002174570650206729	0.10193613626262986	0.021345462028668043	0.005998658473099666	0.18331080088317636	0.0026046672024320617	7.635074443350421E-4	0.24309146642787016	0.001291921044035264	0.0024533019732323504	0.0012804762433533596	0.0014670055991900962	0.026912072773503035	0.2650459549129224	0.0028506012366915395	8.182125289450227E-4	0.0014036844563770085
23	23	5.722723512074483E-4	0.031895835441554825	0.05447554971591672	8.171135538792351E-4	9.616255397853226E-4	6.254812771733644E-4	0.0012091826677702961	0.20688077848566971	0.01748663685548179	0.12290601854693622	0.009603455499636752	6.404135365229591E-4	9.924872297048272E-4	0.04670211702014297	0.21465816990307868	4.8045220911749505E-4	0.032866516294808384	0.016265978911807043	9.915901419297794E-4	2.9066533121226064E-4	0.07725287832816709	4.918310370786843E-4	9.339657863248756E-4	4.874740307317963E-4	5.584852794070651E-4	0.010245357271049863	0.14677658065486626	0.0010852165997394425	3.1149141700243026E-4	5.343790822965254E-4
24	24	4.46080158828809E-4	0.0010234640245006367	7.448609225004072E-4	6.369312498263461E-4	7.495767926166634E-4	4.875559458311102E-4	9.425449182612831E-4	3.481141219357035E-4	0.0017111470714500578	0.2507574070564592	0.0015260411563191325	4.991954818112882E-4	7.736331488463E-4	0.01256480168358044	0.20308223705576406	3.745073430519334E-4	0.0792568413612762	0.0484376523906889	7.729338785489803E-4	0.047904565599594565	0.10789578503394595	3.8337701738357517E-4	0.042446262016981526	3.7998077767509167E-4	0.018314581443746814	0.0675836399527198	0.060773025625537276	0.04852390979002139	2.428042180914058E-4	4.165427622052216E-4
25	25	0.1458450871162872	0.0020742193740836998	0.001509584039558237	0.0012908466802179525	0.0015191415314940906	9.881128838759318E-4	0.0019102234017024545	7.055109303558354E-4	0.003467922977791083	0.27871145431785804	0.03932803312572345	0.013090121646941552	0.0015678957221318293	0.0013078132374489122	0.2666387605178695	7.59001164768784E-4	0.027764504795770886	0.0015395713468657484	0.0015664785350459132	4.591826632522748E-4	0.17035500316274924	7.769770289907637E-4	0.0014754456452117514	7.700939866622304E-4	8.822750099428085E-4	0.02826366720194125	0.0023824098300156884	0.001714386254444767	4.920829664923161E-4	8.441929045058218E-4
26	26	0.010991140577123028	0.02220757242838903	0.021729544432539237	0.0010928484523777546	0.00128612599550225	0.06219107970161321	0.001617221255040002	5.972952018165181E-4	0.07451627580983947	0.24618668369939997	0.0026183857620470275	0.02130803096977069	0.001327401960031505	0.0011072125717547375	0.37912634561173664	6.425807657733811E-4	0.013280054481904344	0.011529177126789178	0.03200346706068318	3.887503222375062E-4	0.0010643057754940275	6.577993782516858E-4	0.08305517222226626	6.519721004876697E-4	7.469460889226344E-4	0.003476897231030731	0.002016980742610415	0.0014514228480111346	4.166041688868753E-4	7.147052576698707E-4
27	27	0.07837178776927345	0.05330000252587675	0.001079363054061335	9.229643256514001E-4	0.0010861967270564923	7.065075624473268E-4	0.0013658229755823092	5.044452064327425E-4	0.011115742520688527	0.08701062597758993	0.0022113556952063212	7.233741810655359E-4	0.02702951695790789	9.350955316987787E-4	0.17337625524926947	0.09554038013218605	0.0025795063194885195	0.001100804186684851	0.0788454249523924	3.283187876873897E-4	8.988586296924063E-4	5.555439624231797E-4	0.3637734029169588	5.506225394389163E-4	6.308327488230088E-4	0.00293641090053743	0.010339593094287955	0.0012257980575760385	3.5184273259813943E-4	6.036037794165885E-4
28	28	0.0010143175001648822	0.02943030172861429	0.02879680123242319	0.001448283453801151	0.0017044220493122766	0.0011086270446646863	0.05634940650254325	7.915578376338935E-4	0.0038908845990475137	0.1365340418973245	0.30160410808026256	0.001135093554785851	0.0017591224941336412	0.015018870491857007	0.09588581220235645	8.515719528866347E-4	0.004047671418777833	0.0017273435658799827	0.0017575324612978855	5.151863994787741E-4	0.0014104576358041963	8.717402247034499E-4	0.001655396839679167	8.640176992718902E-4	0.24491780186599615	0.04526236716588709	0.0026729779685394956	0.0019234795919506557	5.520993540052923E-4	0.014498705186916311
29	29	5.903262044576107E-4	0.0013544149431991119	9.857217644087296E-4	0.024503636163633335	9.91962574835613E-4	6.452137474997505E-4	0.0012473295507893771	4.606815260735735E-4	0.13634202226808395	0.14255724549117277	0.057227911222553746	6.606170846821675E-4	0.08777986137411961	8.539703243765661E-4	0.07157875034500907	4.956093517940933E-4	0.11277252659035128	0.0010053027487689492	0.0010228724900441628	2.998351420960889E-4	8.208771933415308E-4	0.008394262018352116	9.634302208924466E-4	0.008389767558652762	0.3160526987111049	0.018455489176416855	0.0015556558360772	0.00111945264346058	3.2131824214850217E-4	5.512374916035315E-4
30	30	8.335772615166392E-4	0.001912518012556226	0.0013919003472802473	0.0011902152483055633	0.001400712759173881	9.110818809540927E-4	0.0017613067881868847	6.505109243601099E-4	0.003197571695671297	0.17902605664611204	0.002851669555054943	9.328323496437451E-4	0.09054017486686888	0.0012058591318410794	0.1567577086431998	6.998311833880691E-4	0.31515720121090823	0.07937724500944038	0.0014443594790360425	4.2338584119698715E-4	0.001159129575648429	7.164056906679407E-4	0.0013604233034712992	7.100592344545896E-4	0.011950308468899886	0.12629161911847037	0.002196682650893106	0.012717550238716832	4.5372131262846844E-4	7.78381571453971E-4
31	31	9.499509552580688E-4	0.09102069927062882	0.0015862201688625537	0.0013563783038340717	0.014287859898812727	0.0010382758060794132	0.002007198544375426	7.41327172093646E-4	0.003643976901772144	0.06441188149487198	0.0032497842047371165	0.0010630628047931896	0.01433908916361655	0.0013742061918950667	0.2928666443700702	7.975329125092871E-4	0.23223956104185803	0.0016177298234525518	0.0016460029923920218	4.824937085688375E-4	0.0013209528360354937	0.2546483621198102	0.0015503486915376971	8.091888769047069E-4	9.270649255567354E-4	0.004315317424451741	0.0025033561721897798	0.0018014194524849504	5.170642413735694E-4	8.870495291733874E-4
32	32	0.009789838678796374	0.0015641296138960425	0.0011383487833734668	0.08294637188898327	0.037577986490785906	0.00985322488989607	0.0014404633517030676	5.320124538825087E-4	0.0026150951514806835	0.29214400707294513	0.0023322032894976755	0.07362776676740532	0.0011823205207359881	9.86197236270032E-4	0.009796987554200283	5.723484283435005E-4	0.08469344165961892	0.13778257633276744	0.001181251846748459	3.4626096484988053E-4	9.479800366383005E-4	5.859036876937287E-4	0.02843692860321354	5.807133156075965E-4	0.1737193521756682	0.030421204717566177	0.010904637855790975	0.0012927862615389736	3.710704614956447E-4	6.365899086068355E-4
33	33	5.098960670581699E-4	0.0011698800552765094	8.514201929210516E-4	0.02797743765010006	8.568107120406411E-4	0.027806692822034264	0.05557615966276345	3.979150790487028E-4	0.06326706435773492	0.1367589511306138	0.0017443555118411922	5.706100301279424E-4	8.843085533735693E-4	7.376194830857585E-4	0.4024437082252553	0.014052777831272503	0.12465700269588034	8.683333281317391E-4	8.835092459680347E-4	2.5898352227323726E-4	7.090351898018292E-4	4.3822265907907457E-4	8.321658039378417E-4	4.343405557488364E-4	0.06862108043123549	0.002316291562902604	0.06265482430386703	9.669306492719125E-4	2.7753961573855665E-4	4.7613307161571987E-4
34	34	8.623900946831992E-4	0.0019786247371129436	0.0014400117753891365	0.0012313553740802626	0.001449128790785539	0.07007313781139428	0.20921387923884652	6.72996017946409E-4	0.014829857351292674	0.13912710003875114	0.049037281069740084	9.650759629277176E-4	0.0014956360449550092	0.012769300680903012	0.3119589720027005	7.240210456391451E-4	0.09561548500449711	0.0014686170563827446	0.0014942841718309098	4.380202922199161E-4	0.0011991952163795815	7.411684554382193E-4	0.0014074467186823876	7.346026321757462E-4	8.41613563840411E-4	0.003917556987192036	0.002272611606326587	0.013157135949882706	4.6940431777797454E-4	0.05841408999022604
35	35	6.695346456848754E-4	0.0015361468324759653	0.24263732153472226	9.559885824058006E-4	0.0011250615440414678	0.009676947530317129	0.019305014345889458	5.224945801222447E-4	0.0025683102588691872	0.08117876142295917	0.0022904794232033467	0.009694417647389554	0.010106329099903598	9.68553850802194E-4	0.14379912639689954	5.621089310383076E-4	0.05634276675273852	0.0011401916679634396	0.0011601188716190579	3.4006624491898915E-4	0.08143746642811539	0.027410903702097013	0.0010927007927422003	5.703241677812222E-4	6.534043500076073E-4	0.11932856632160382	0.13594179980543725	0.04599546126597809	3.6443189169731724E-4	6.252011105759607E-4
36	36	9.746917449866438E-4	0.04130270571093292	0.014649672692658707	0.0013917042016836543	0.0016378363788141725	0.0010653169530526264	0.0020594745875279945	7.606345053652521E-4	0.09489386557920022	0.15724442656257187	0.0033344224981433305	0.0010907495113290154	0.1840003677102021	0.06652069920327665	0.17027273998859152	8.183040838848134E-4	0.042955965059714336	0.0016598624337501133	0.0016888719570495848	4.950599103532434E-4	0.0013553561030429369	8.376844534902882E-4	0.0927457103272985	8.302636194936677E-4	9.512096650940574E-4	0.08256055012337876	0.00256855428408078	0.027892617246721214	5.30530807832796E-4	9.101520964781893E-4
37	37	7.211403780841381E-4	0.02092380237179503	0.010838781141557258	0.001029673329383934	0.0012117779303385734	7.881908041750575E-4	0.0015237333139873504	5.627669030791429E-4	0.0027662679490226337	0.14524353986928953	0.0024670227416733557	8.070074657354089E-4	0.00125066782374319	0.0010432070911698308	0.22232512266055887	0.10658633120178759	0.11849326084786868	0.0012280742390596696	0.001249537372104372	3.6627753621872467E-4	0.1744260659728756	6.197734684964103E-4	0.030080803797588183	6.142830526171871E-4	7.037668073536567E-4	0.12852605610180964	0.011535010563227028	0.0013675193417750752	0.010027148177231382	6.733897463934571E-4
38	38	7.353092385150641E-4	0.0016870567713188408	0.08964315353285016	0.001049904200011713	0.0012355867654697556	8.036770615483656E-4	0.031025451505901788	5.738240646903909E-4	0.0028206191761559352	0.1284494102461506	0.00251549444284138	8.228634301165717E-4	0.001275240761798809	0.11895082428371449	0.560706841913752	6.173301004035428E-4	0.0029342786535940736	0.011076129962721377	0.0012740880992119135	3.734741035548295E-4	0.0010224831277902155	6.319506867479336E-4	0.00120004691768294	6.263523959823988E-4	7.175943144137994E-4	0.022988123498943424	0.0019377220587191125	0.011218314862372574	4.002334136128962E-4	6.866204094130673E-4
39	39	5.432002859583533E-4	0.0012462915908129123	9.070312994053152E-4	7.756032860772427E-4	9.127739040582963E-4	5.937061399267292E-4	0.0011477548574954821	4.2390518125282495E-4	0.023855596535435154	0.20374985846509405	0.0018582893143536815	6.078798240678381E-4	0.06625776847852628	0.029814997924183788	0.2835835994786402	0.05125714524664107	0.0021676607884495375	0.13155645051261494	0.008198516348365601	2.758992124982894E-4	7.553463200392768E-4	4.6684547911609393E-4	8.865192965142637E-4	4.6270981348668107E-4	5.301136125786329E-4	0.13309898315406313	0.0014314673626699811	0.051831186940652925	2.9566731021040906E-4	5.072320368111066E-4
40	40	9.15108394296717E-4	0.03877785248274529	0.0015280403516564065	0.09911535805871176	0.0015377146943600355	0.0010001936420815983	0.0019335779671689553	0.012940227742474301	0.0035103221202921232	0.135405911914855	0.06426104358662438	0.0010240714964769723	0.03826533847166254	0.380332628987337	0.08650734274630127	7.68280782208265E-4	0.0036517738204027675	0.0015583942865170371	0.0015856304444330524	4.6479667235741395E-4	0.0012725025666169701	7.86476420985103E-4	0.0014934845781882037	0.01300560039711521	8.930617846524067E-4	0.10196576840095367	0.002411537389804532	0.001735346497094195	4.980992177044269E-4	8.545140839223578E-4
41	41	0.0017909717506178937	0.028036974297327762	0.002990549666768229	0.00255722173010279	0.003009483461492418	0.0019574933082025098	0.0037842331448376225	0.0013976469162289339	0.006870101719309358	0.1214377010970255	0.006126918104637567	0.002004224999173772	0.05096178399542585	0.4093644228124954	0.1693047600101128	0.0015036133271786748	0.007146938868388001	0.12268924685136201	0.0031032600625216238	9.096602273144679E-4	0.002490433006191837	0.001539224272545217	0.02685077828013114	0.0015255886753193942	0.0017478240149879473	0.008135800653037545	0.004719654379324082	0.0033962714943927053	9.748371159889613E-4	0.0016723817575580527
42	42	5.722723512074483E-4	0.0013129930845052211	0.11564123443001594	8.171135538792351E-4	9.616255397853226E-4	6.254812771733644E-4	0.0012091826677702961	4.465925755848604E-4	0.0021952156769569865	0.0846774656006242	0.07076914021373597	0.00828612412578536	9.924872297048272E-4	8.278534845685591E-4	0.2223038804923411	4.8045220911749505E-4	0.00228367393775878	0.3526772448393527	9.915901419297794E-4	2.9066533121226064E-4	7.957724355430696E-4	4.918310370786843E-4	9.339657863248756E-4	4.874740307317963E-4	0.05407845940424388	0.06376533139588668	0.009153790048143028	0.0010852165997394425	3.1149141700243026E-4	5.343790822965254E-4
43	43	0.0014451728420443485	0.003315732349318311	0.002413137538158912	0.0020634760956755494	0.0024284156160642727	0.0015795425955333051	0.0030535774598324196	0.0011277907456687874	0.08277520167758082	0.05937485383246499	0.004943939315177483	0.020925144342772185	0.0025063513682234647	0.5427116008074052	0.19453925705266434	0.0012132972754175914	0.005767015561681587	0.0024610735887766965	0.002504085931344165	7.340240043145342E-4	0.002009582867087434	0.0012420324975703117	0.0023585657894313063	0.0012310296468614629	0.0014103560250249875	0.006564948971417385	0.04242417448590702	0.0027405230295856763	7.866166090883555E-4	0.001349480077907124
44	44	8.429652078957611E-4	0.013196296289520536	0.0014075762617138696	0.0800392930304876	0.0014164879210967856	9.213427028841734E-4	0.001781143046261628	6.578371338896435E-4	0.02575806159633146	0.14725557376499085	0.0028837857392525795	9.433381305514828E-4	0.0014619476236389746	0.0012194398056347738	0.47386584460378256	7.077128494643856E-4	0.014626122814490473	0.001435537223682654	0.001460626200751431	4.2815411374751833E-4	0.04622114013774954	7.244740228072455E-4	0.012637983757848107	7.180560912869506E-4	8.226566575666001E-4	0.16150066264778026	0.0022214222160067353	0.0015985392875981805	4.588312305097107E-4	7.871478907775226E-4
45	45	0.0012951348873887175	0.0029714927639871306	0.0021626054149452532	0.0018492458500822362	0.002176297321637524	0.0014155543628247421	0.0027365548151170034	0.0010107034244592865	0.004968089761056816	0.13972728218866365	0.004430659158499844	0.0014493482198761828	0.0022461417780649394	0.0018735518625857795	0.4511957132187748	0.1741207930766182	0.005168283566332239	0.0022055647411327703	0.14067087987249402	6.578175762171888E-4	0.0018009478205955039	0.0011130845889674485	0.0021136993093316494	0.001103224055058161	0.0012639327549670925	0.023186721510311606	0.02071634741424737	0.0024560017196889115	7.049500127532002E-4	0.0012093769533208032
46	46	7.576381844859749E-4	0.11308300802884998	0.0012650979108764404	0.001081786370027742	0.0012731075100537112	0.021072576813699753	0.0016008513414783184	5.912492320433204E-4	0.0029062721910916513	0.2436947211929481	0.11393660265344584	8.478511116389967E-4	0.0013139656690604297	0.0010960050922354395	0.06149906714382833	6.360764043204701E-4	0.01314563048562942	0.0012902285951135659	0.051924014749201323	3.848152953187886E-4	0.0010535326091794363	6.511409702389597E-4	0.0012364884328767568	6.453726776218427E-4	0.031106127363055278	0.32735361838739646	0.001996564364635407	0.0014367311869354785	4.123871984427498E-4	7.074708342700576E-4
47	47	9.746917449866438E-4	0.31476765746674795	0.0016275321328579916	0.0013917042016836543	0.0016378363788141725	0.014087457512853339	0.0020594745875279945	7.606345053652521E-4	0.003738881660595232	0.196310848241974	0.08146726585694761	0.0010907495113290154	0.0016903998729920948	0.014432136964073791	0.1442284588689901	8.183040838848134E-4	0.003889543380312194	0.0016598624337501133	0.0016888719570495848	4.950599103532434E-4	0.0013553561030429369	8.376844534902882E-4	0.001590726408693511	8.302636194936677E-4	9.512096650940574E-4	0.1997598151615852	0.00256855428408078	0.001848336127119787	5.30530807832796E-4	9.101520964781893E-4
48	48	7.576381844859749E-4	0.21430548151952045	0.0012650979108764404	0.001081786370027742	0.021517602208187804	8.280821155656575E-4	0.08257883013401468	5.912492320433204E-4	0.05351750893642688	0.041249774211607165	0.022836376511842404	0.010970098460706044	0.07216969711252975	0.0010960050922354395	0.1424770459363647	6.360764043204701E-4	0.0030233831365623735	0.08226820738764994	0.011435025352933136	3.848152953187886E-4	0.0010535326091794363	6.511409702389597E-4	0.0012364884328767568	6.453726776218427E-4	7.393853158541413E-4	0.06417518731165323	0.16395252194970816	0.0014367311869354785	4.123871984427498E-4	7.074708342700576E-4
49	49	0.0010880406960127337	0.17693449796853125	0.016353313911669103	0.0015535484075167565	0.0018283038126934853	0.0011892048999444715	0.26395620286684773	8.490902902232447E-4	0.004173684064964586	0.04470209750007679	0.003722189496670151	0.001217595063861173	0.060033030615435065	0.016110480496125595	0.26275667793205515	9.134663852029394E-4	0.033414891847324844	0.04546242926587392	0.001885274425556767	5.52631467537591E-4	0.0015129733121112571	9.351005387114557E-4	0.0017757153251610237	9.268167203368695E-4	0.0010618278357093908	0.04855215202966556	0.0028672568587682413	0.00206328301902716	5.922273502157372E-4	0.001015995596169892
50	50	7.353092385150641E-4	0.13922203058595972	0.0012278132234381514	0.030521684303149044	0.0012355867654697556	8.036770615483656E-4	0.001553671402764457	5.738240646903909E-4	0.0028206191761559352	0.45263899138066127	0.00251549444284138	8.228634301165717E-4	0.001275240761798809	0.0010637038711651579	0.08915836026355468	6.173301004035428E-4	0.012758205354639852	0.001252203261675599	0.0012740880992119135	3.734741035548295E-4	0.0010224831277902155	6.319506867479336E-4	0.00120004691768294	6.263523959823988E-4	7.175943144137994E-4	0.22929058422090476	0.0019377220587191125	0.0013943881613267966	4.002334136128962E-4	0.02033447381150462
51	51	9.875517831164683E-4	0.1342053303046394	0.0016490057170898507	0.0014100662830197736	0.001659445916794052	0.001079372696016565	0.0020866472006738847	7.706702821040725E-4	0.030176120462407606	0.4891679544173628	0.0033784167154819163	0.0011051408102991022	0.0017127029313006748	0.0014285998320902658	0.027385815773126123	8.291007503946894E-4	0.06991063225921987	0.014875716666915166	0.0017111548561053746	5.015917080794849E-4	0.0013732386092345343	8.487368237068779E-4	0.12035730113973987	8.412180795672378E-4	9.637598817399722E-4	0.0836498502308917	0.0026024436713683015	0.0018727229891135945	5.375306069517162E-4	9.221606014489681E-4
52	52	4.8668767046540924E-4	0.23519858680629036	8.126670061816405E-4	6.949122934283403E-4	8.178121707796898E-4	5.319390759748304E-4	0.03353972917606614	3.798036019037958E-4	0.00836919251755358	0.24107294044917787	0.0016649595385575624	0.007046914706707248	0.06586682368223665	7.040460421357846E-4	0.07851910956354322	0.06543136470743109	0.0019421451106721279	8.288103242178962E-4	8.432954959540386E-4	2.471956449307323E-4	0.11771774025788925	0.058938765278805386	7.94288998728988E-4	4.1457113894925735E-4	0.026484068591832232	0.008713139911114758	0.04029620177265028	9.229198960306289E-4	2.6490714043937377E-4	4.544614293519518E-4
53	53	0.0010143175001648822	0.01587875055630619	0.0016936988878069941	0.001448283453801151	0.0017044220493122766	0.0011086270446646863	0.0021432018133108557	7.915578376338935E-4	0.0038908845990475137	0.7056991911342646	0.0034699822894843847	0.001135093554785851	0.0017591224941336412	0.0014673193195489098	0.08233426103004836	8.515719528866347E-4	0.01759922259108593	0.0017273435658799827	0.0017575324612978855	0.014066737571786872	0.055616662325036585	8.717402247034499E-4	0.028758499184295364	8.640176992718902E-4	9.898807644504058E-4	0.01815926482127089	0.016224529140847592	0.015475030764258754	5.520993540052923E-4	9.471540146082123E-4
54	54	0.001566127316398503	0.4429946583135404	0.00261510630893888	0.002236179774594489	0.04447941681358524	0.0017117432145903747	0.10792853247548699	0.0012221817644142545	0.00600760674496102	0.2526591540943406	0.005357724824916379	0.001752608056677547	0.002716121717811159	0.0022655715472238813	0.022506427147627076	0.0013148448065598622	0.027173565715662876	0.002667054391637814	0.002713666674042672	7.954585158291587E-4	0.0021777759248920838	0.0013459850377120703	0.002555967150009601	0.0013340612978298522	0.001528396488211243	0.048962159427159244	0.004127133576992008	0.00296989249519927	8.524528853471434E-4	0.0014624254978084278
55	55	0.002151304516765131	0.5222918394792315	0.0035922303093330935	0.003071719392805653	0.0036149734699081264	0.0023513292122115865	0.0332875978004782	0.0016788450865787325	0.008252324948334363	0.08838623832105723	0.0073596172512544605	0.0024074630389053146	0.0037309897212240454	0.06059609260612334	0.05965786318779371	0.030548130964632766	0.008584860070128325	0.0036635885851114013	0.0037276173601824484	0.0010926784049318764	0.03173349283980544	0.001848906957186019	0.003510994040486943	0.0018325279596442755	0.0020994757157151607	0.009772674910333954	0.005669220511327022	0.0040795809333826405	0.0011709684923918047	0.08823485391273556
56	56	6.248216082609348E-4	0.3520404294672114	0.001043321901492676	8.921455034292886E-4	0.0010499273904212246	6.829164762476795E-4	0.08479804279129362	4.8760121072697693E-4	0.0441357057874057	0.050714112337254036	0.018833081266438918	6.992198994029264E-4	0.0010836229738064248	9.038716347927133E-4	0.07576141728109238	5.245700257227542E-4	0.010841156306301503	0.0010640470904592165	0.0010826435104002792	3.1735585221014296E-4	0.19286784495836892	0.0673192546726054	0.001019727763259799	5.322366303817283E-4	0.042348681624646556	0.04457727391547548	0.0016465597733228553	0.0011848672746988312	3.40094306007078E-4	5.834487668625492E-4
57	57	0.0010724509985092462	0.3033534110976016	0.0017907697176745392	0.0015312888083869021	0.0018021074548836937	0.0011721656984442525	0.016594265117230965	8.369243291280046E-4	0.01844211270769058	0.30196973823334416	0.003668857108905248	0.0012001490815583998	0.016188173090531832	0.0015514156751967063	0.2160071493318406	9.003780286027636E-4	0.0615925758836991	0.001826342670510346	0.0018582617796941646	5.44713236683367E-4	0.0014912950822866733	0.015249932351556994	0.0017502724673037627	9.135370770623341E-4	0.0010466137221011819	0.004871795175447094	0.0028261741426007262	0.0020337198250688897	5.837417804415647E-4	0.015329668326014283
58	58	0.003434646384697377	0.1914314323505149	0.005735143838913	0.05079191452503775	0.05165924206391068	0.0037539940603571716	0.007257234897917471	0.0026803454193249985	0.059062964951964565	0.1870000625187633	0.011749932465528903	0.0038436140297340555	0.005956678962685542	0.004968585275582889	0.18702181463962725	0.0028835631139325865	0.013706083157086707	0.051736858100307814	0.005951294849200376	0.0017445061375036828	0.004776042234109347	0.0029518562094080743	0.005605446785369744	0.0029257064643332547	0.0033518995663077817	0.10737805419944454	0.009051144355221658	0.006513219209427611	0.001869499490957996	0.003207219742828936
59	59	9.875517831164683E-4	0.22656300889563324	0.0016490057170898507	0.04099192853630284	0.001659445916794052	0.001079372696016565	0.0020866472006738847	7.706702821040725E-4	0.05656402863126298	0.09334933188453218	0.05615423305319266	0.0011051408102991022	0.0017127029313006748	0.0014285998320902658	0.08016163211083688	8.291007503946894E-4	0.003940861837081423	0.0016817625824874787	0.0017111548561053746	5.015917080794849E-4	0.22567045804450525	8.487368237068779E-4	0.0016117143798906998	8.412180795672378E-4	9.637598817399722E-4	0.004486125724325583	0.14773593860007286	0.0018727229891135945	0.04011939286023478	9.221606014489681E-4
60	60	0.0011206205248782686	0.3618940032470713	0.016842990603523574	0.0016000672017463316	0.001883049766176701	0.0012248139468011095	0.0023678147528382954	0.10567702978154557	0.004298659089404081	0.09095600157665404	0.003833645159359064	0.0012540542137380935	0.03188705858145682	0.0016210980740937952	0.3155399158284556	9.408188349903343E-4	0.019443665375256054	0.0019083735153212573	0.0019417262828947302	5.691792296792687E-4	0.0015582771429030141	9.631007924105436E-4	0.001828886591290739	9.545689268939835E-4	0.001093622757810051	0.005090613626354762	0.0029531127813587576	0.01709685290328919	6.099607546648776E-4	0.0010464181371397795
61	61	5.950190691983632E-4	0.27960162940216504	9.935578707469805E-4	8.495922356422607E-4	9.998482932002063E-4	6.503429469542661E-4	0.009206858120147956	4.6434376582187167E-4	0.05792976072690964	0.07214400535039603	0.002035561480195477	6.658687347028404E-4	0.01693116224037854	0.056508048534707186	0.350384221078322	4.995492542322013E-4	0.058021735032315336	0.0010132945163507626	0.0010310039302658012	3.02218715374314E-4	8.274028491705139E-4	5.113803685744367E-4	9.710891180914207E-4	5.068501796608072E-4	5.806839879868978E-4	0.05040065429875041	0.025416861044849928	0.0011283518585043454	0.008273485380171246	5.556196162129309E-4
62	62	4.931002184157598E-4	0.17241804110891512	0.04035107384273642	7.040683881340804E-4	8.285875819473696E-4	5.389478519072304E-4	0.0010418959370028075	0.059676356682423035	0.0018915142894694883	0.10590234608090722	0.060978445704847374	5.518142787600922E-4	8.551796512791809E-4	7.133224821987368E-4	0.07296571960916934	4.1398311268106504E-4	0.0019677346199292955	0.11942282829863254	8.544066728592367E-4	2.5045266996430324E-4	0.09291697792267749	0.0201876373233104	0.19185530068914677	0.026771832965084133	0.007069170415503965	0.015415893238590442	0.0012994412695167777	9.350801960480291E-4	2.683975303619976E-4	4.604493675804206E-4
