0	0	0.008452115569155132	0.0071696575758287626	0.007511196857713141	0.4913288371159354	0.007217473748152568	0.006791418174148544	0.08673964982612645	0.010845715973816606	0.21459479245260588	0.1593491427065175
1	1	0.002493410841496989	0.0021150801575207778	0.0022158357306408852	0.14494414317709572	0.014078264986122776	0.0020034978894939975	0.001690416130629365	0.003199533367906206	0.6607603392945792	0.16649947842451415
2	2	0.0033826377578595203	0.0028693827277312275	0.00300607083395051	0.08316226552640855	0.002888519331888545	0.002718006794550324	0.0022932704610078144	0.0691825352901207	0.7018819281593923	0.12861538311709045
3	3	0.20653411142030925	0.0017237360548428785	0.011544041907524658	0.04022021621485584	0.011473424711551865	0.011370992015637148	0.0013776457699217015	0.012345730239944905	0.4995499506496527	0.20386015101575913
4	4	0.007818724525660625	0.006632372341582207	0.0069483170938630665	0.11728485313369771	0.006676605229338228	0.00628247773090263	0.005300730164142954	0.010032951488772134	0.7980233894812346	0.0349995788108058
5	5	0.003037915157913839	0.0025769656423236986	0.002699723945019656	0.07468724855983355	0.11906204303984617	0.002441016340366927	0.002059564633695851	0.0038982388120113245	0.6303535587477357	0.15918372512125337
6	6	0.004669431768587284	0.003960928666976779	0.004149614488887615	0.13717528247164465	0.09349591292930341	0.0037519676010890337	0.003165656718551122	0.005991793451811036	0.5884744110692534	0.15516500083389567
7	7	0.017856363151712806	0.0026150366172843697	0.0027396084980084523	0.22352631714386587	0.0026324769260024153	0.046797780309836716	0.002089991750111968	0.003955829704868155	0.5362511593247554	0.16153543657355385
8	8	0.1146193857595005	0.008870460967914842	0.37822008117086536	0.06127248802906321	0.03148870916800436	0.008800084477381499	0.0010661689972648303	0.02462734162024625	0.26602173980592025	0.10501354000383896
9	9	0.06127186065456447	0.0025769656423236986	0.43945431516989936	0.0601287621856709	0.0025941520465449118	0.03155798908869224	0.002059564633695851	0.0038982388120113245	0.20815745389701867	0.18830069786957868
10	10	0.008530473951038462	0.0012492746454149195	0.0013087860461699341	0.2055929760679718	0.015373082020642444	0.0011833684442583898	0.37505855136567745	0.1853909918462029	0.12914259140801812	0.07716990420460561
11	11	0.09748500390831151	0.12839073011000118	0.002911671601717887	0.26896791357406	0.002797811553435758	0.002632653598041839	0.00222125520162805	0.019905710242868108	0.35011075841983447	0.12457649179010123
12	12	0.0065850380862246625	0.005585875845606891	0.005851968891868357	0.540580147231398	0.005623129396308305	0.005291189758390499	0.0044643483602885975	0.16623604052567034	0.13563344198523847	0.1241488199190059
13	13	0.20606370948853608	0.003960928666976779	0.004149614488887615	0.3833238441293599	0.003987345053770617	0.0037519676010890337	0.003165656718551122	0.005991793451811036	0.36470299138042134	0.02090214902059648
14	14	0.1474753356314992	0.0015169263592204102	0.01015901559422067	0.37818780256638795	0.0015270431062795083	0.0014369000382369902	0.0012123591521981671	0.028004174839272714	0.19965997443509254	0.23082046827759192
15	15	0.009743194329081153	7.808416905615598E-4	8.180384614588019E-4	0.304956645023414	7.86049311767819E-4	0.12866852477204666	0.18148902874693848	0.036471922923575595	0.08954145646675453	0.2467442982744014
16	16	0.004199560914620144	0.0035623523460257653	0.0037320512820227377	0.546005096066161	0.0035861105313859626	0.0033744184027817386	0.20410108197104	0.005388857324777972	0.1871262448614011	0.0389242262997837
17	17	0.023383744192545942	0.022771191362435238	0.022934324076957616	0.23467815028369224	0.0034473518771662936	0.04193720760099369	0.002736942121635884	0.005180344345709531	0.6248593052011115	0.01807143893775193
18	18	0.02880054873555883	0.02838768463144201	0.002418093674523645	0.06689601121747053	0.0023235348436549674	0.22386249234518443	0.014884486282067394	0.0034915816598569014	0.3820394235699679	0.24689614304027352
19	19	0.17966615251775994	0.003874234374360976	0.004058790360762889	0.24360970339812332	0.20088636017252662	0.20065613451213252	0.0030963688335742066	0.00586064887979802	0.13784695090129342	0.020444656049668074
20	20	0.06207710096591937	0.0034245129757485265	0.003587645690270906	0.09925140157688525	0.5258076683177075	0.003243850827620268	0.002736942121635884	0.06322037950576967	0.1024989887605704	0.1341515092578722
21	21	0.019257994429465655	0.0015433793496498177	0.08880963205257972	0.19295883960863647	0.40264023560545253	0.0014619574859690164	0.09714550514985842	0.002334707604807862	0.0374755650264905	0.15637218368709013
22	22	0.42376436507063364	0.0037117533705949284	0.003888569287856971	0.2333929882202232	0.0037365079473532636	0.003515937690525148	0.0029665106299924925	0.005614859900429158	0.13206580583254018	0.187342702049851
23	23	0.00939221525942447	0.0013754753200377245	0.0014409985124756936	0.17973757825646072	0.2345057859267825	0.0013029113298367227	0.016640717683195663	0.0020807150819053223	0.2742904452074736	0.27923315742240756
24	24	0.10989703072660414	0.0010683170120258467	0.0011192081768064738	0.4655131221937447	0.0010754418753548428	0.10361415463458594	8.538212149231589E-4	0.013686915955051603	0.13457795974662973	0.16859402846427363
25	25	0.0025861159517646033	0.014587064976153996	0.002298220587691019	0.44777347733666817	0.002208349358077386	0.21276487099734778	0.0017532658668942735	0.015711838198298293	0.003693400762618604	0.296623395964486
26	26	0.002180719736522872	0.012300415404705736	0.012388535526432556	0.3148775958275277	0.0018621713488952334	0.04355456947047135	0.01192900720778084	0.0027982895746404756	0.07626849532770892	0.5218402005753143
27	27	0.045815289785532586	0.0015569548643328051	0.001631123154891528	0.13308432642329387	0.019159273679069094	0.001474816816580884	0.01004031832146792	0.0023552436171477595	0.5303793819028654	0.2545032714348182
28	28	0.030809278521576687	0.11406309844222715	0.08628222634046535	0.21105422224516301	0.00248559264651681	0.0023388653235358334	0.001973376508658652	0.21297380568030053	0.0878525619264911	0.25016697236506497
29	29	0.0016735286727168157	0.39439903294113393	0.0014872256779919894	0.2897634008613226	0.0014290681620816505	0.0013447086649317755	0.08935444688913312	0.0021474643253297583	0.002390075383843038	0.21601104842151542
30	30	0.05939971746045998	0.0020185985829835637	0.0021147580861611386	0.4690486334034407	0.024840079558848573	0.0019121062558138126	0.19548146292183233	0.0030535833356947605	0.014802572955950732	0.2273284874388145
31	31	0.002721005397845397	0.002308141293728581	0.01545786534338036	0.05385623954861382	0.0023235348436549674	0.2629818073517546	0.027924257950924108	0.0034915816598569014	0.22556216354368727	0.4033734030665541
32	32	0.12265631607627328	0.020215794824391765	0.0017220032639148856	0.4655109036388116	0.07594303376877184	0.010843034234426797	0.21489274202756276	0.0024864690222074952	0.0027673793378401464	0.08296232380579953
33	33	0.029087805135682463	0.008134773186951706	0.00819305066619684	0.23588717569153564	0.02887713591865515	0.0011588322418003877	0.10464876318528443	0.0018506245725980347	0.015882502496816362	0.5662793369044791
34	34	0.014271952999631334	0.002090105324197413	0.15569346726220662	0.29673644109313574	0.0021040447397552295	0.04921177787480003	0.04890239298043314	0.01496973764232478	0.0035189542895337983	0.412501125793982
35	35	0.29363772536236593	0.0016137322089351672	0.0016906051884274548	0.1561709603310102	0.15660889398939884	0.0015285988397715526	0.0012897284042878482	0.02979132022335692	0.15770131985271482	0.19996711559973138
36	36	0.002793868204771598	0.002369948467494758	0.002482845142005406	0.22935473807509038	0.0023857542243418232	0.0022449204754494685	0.02867201090181745	0.003585078879873688	0.31193594043396555	0.41417489519518996
37	37	0.011886006723483951	0.0017406872021538877	0.0018236079066256414	0.5224796634857206	0.011586253883918986	0.0016488562494352016	0.040727023959152425	0.05180296810702399	0.16027398700105416	0.19603094548143118
38	38	0.01212446976718961	0.0017756097440993657	0.001860194045440494	0.1417431077432422	0.0017874517129250343	0.01171318785513354	0.0014191043031893987	0.08293601956956004	0.05314571867370985	0.6914951365855105
39	39	0.001537858951920393	0.00130451624743866	0.0013666591793213172	0.48736755019212386	0.0013132163803288308	0.06019428394166513	0.0010425965651927006	0.0019733735611931666	0.0021963166121561563	0.4417036283686598
40	40	0.36653575609099515	0.0022212476088118785	0.0023270606556941497	0.2651594999150178	0.0022360616438356516	0.02720180147181171	0.0017752673697524481	0.0033601354622446074	0.016288617291146026	0.3128945524906907
41	41	0.35800507080823146	0.004459931239573777	0.004672387928991285	0.30563423795082956	0.004489675594649079	0.05461712763382952	0.003564469971535474	0.006746646820378677	0.007508853254823626	0.2503015987971575
42	42	0.41346885312600146	0.0013754753200377245	0.10246015797911995	0.15642546453338899	0.0013846486960650258	0.0013029113298367227	0.001099308534481165	0.0020807150819053223	0.002315785104969887	0.3180866802941938
43	43	0.004199560914620144	0.04381314749657121	0.0037320512820227377	0.14349714456070645	0.0035861105313859626	0.02349981597805446	0.22422647954631272	0.005388857324777972	0.005997666683946565	0.5420591656816018
44	44	0.01394268303449194	0.0020418842498108928	0.013674713877398175	0.33603264201805116	0.036662184679237916	0.0019341634739188222	0.013167477306722285	0.00308880813213714	0.03804445067854074	0.5414109925496909
45	45	0.003747090766108717	0.0031785364834090654	0.0033299516739541094	0.2716927745285877	0.02115677683532524	0.038924934820234416	0.0025403525839165922	0.004808249703261967	0.005351464571301937	0.6452698680339002
46	46	0.002158165651470502	0.0018307024538834606	0.0019179111936078333	0.7253208137371272	0.012185407803516488	0.0017341226948799286	0.011805631498995989	0.013111844230299246	0.13753466444892443	0.09240073628729498
47	47	0.002793868204771598	0.002369948467494758	0.002482845142005406	0.48374477579681424	0.0023857542243418232	0.0022449204754494685	0.0018941121942675722	0.003585078879873688	0.45921438332548986	0.039284313289491675
48	48	0.12626811710263067	0.0018307024538834606	0.15705535050755806	0.10477105648132638	0.13629535925467667	0.0017341226948799286	0.001463135544732641	0.013111844230299246	0.20993213612876785	0.2475381756012452
49	49	0.0031290228303953484	0.017649347589268817	0.39265324346269354	0.2718634109519014	0.0026719511761249992	0.002514222900030326	0.002121331381727786	0.0040151477599173375	0.004468761464522738	0.29891356048341783
50	50	0.00209321834468657	0.0017756097440993657	0.001860194045440494	0.8138369530509457	0.0017874517129250343	0.0016819364326305015	0.0014191043031893987	0.002686008189535725	0.10330197578622506	0.06955754839032212
51	51	0.002831782801278811	0.0024021101992953093	0.002516538954615556	0.6938691956217626	0.002418130450474041	0.002275385496624082	0.0019198165204281246	0.01720437676278887	0.1940332982532498	0.08052936493948289
52	52	0.014560565259275668	0.007759376056939214	0.0012225048583005777	0.27774131407459685	0.060506833181468746	0.0011053553607933563	0.10641197350985132	0.008357682736429574	0.3975122106349041	0.12482218432744066
53	53	0.0029107852746370873	0.0024691254544687543	0.002586746599646558	0.6713793608196664	0.00248559264651681	0.0023388653235358334	0.001973376508658652	0.003735106328253541	0.17154804166730991	0.1385729993773066
54	54	0.004567230209778498	0.003874234374360976	0.2448198085342374	0.19983497282112797	0.0039000725760474546	0.00366984691565339	0.0030963688335742066	0.00586064887979802	0.509932160805754	0.020444656049668074
55	55	0.00638358967873239	0.005414993645866692	0.005672946417203055	0.12634893528329716	0.005451107542041592	0.005129322547205045	0.06551144844583225	0.13055873842844234	0.5597698748243763	0.08975904318700313
56	56	0.035761108047251716	0.0015040370209865345	0.0015756844767600248	0.22202815956650793	0.0015140678059461024	0.1458738583345431	0.0012020577245259315	0.0022751935041806517	0.4783647871017488	0.10990104641754932
57	57	0.003082796001495941	0.0026150366172843697	0.0027396084980084523	0.38603555579625143	0.0026324769260024153	0.002477078859186115	0.016863558900328833	0.003955829704868155	0.4032890549728037	0.17630900372377073
58	58	0.010598580004088864	0.00899043426436947	0.009418709454642628	0.3113576293457811	0.05984156934386436	0.008516138743134989	0.007185342384218271	0.11518240072064305	0.21830122579209807	0.25060796994715917
59	59	0.002831782801278811	0.0024021101992953093	0.029657831047391624	0.042478185395136966	0.1381245909143544	0.002275385496624082	0.02906110861320419	0.01720437676278887	0.5875820335985027	0.14838259517142308
60	60	0.0032257641304728455	0.002736311879156326	0.04924278470831494	0.20297518543917212	0.0027545610017903717	0.002591956174991064	0.04856304125370359	0.004139285752943286	0.4219920381083557	0.26177907155109986
61	61	0.0016870588652752427	0.033770392328178814	0.0014992496427612347	0.16274882991900344	0.10654339437281103	0.0013555804040708342	0.0011437471401505445	0.0021648262064303046	0.3581418592982786	0.33094506182304
62	62	0.26193515434231174	0.001182507994168278	0.014599922315604497	0.027591653065224576	0.0011903944246463602	0.0011201241060305542	0.01430616849492916	0.10199693470803502	0.5030315304695799	0.07304561007947
63	63	0.11471372149804566	0.004824617954237551	0.005054447138411148	0.08531707495390148	0.004856794492803925	0.004570092464136232	0.003855935192322415	0.034554844755069515	0.716792562543448	0.025459909007624106
64	64	0.3941867381850622	0.0015433793496498177	0.08880963205257972	0.044731196728516866	0.0015536725180701138	0.0014619574859690164	0.03611059337569154	0.002334707604807862	0.2118610272383959	0.217407095461257
65	65	0.14247740944046153	0.002065713412623441	0.0021641173137950786	0.09488036192571267	0.30550424754701855	0.0019567355155663173	0.0016509611995269235	0.0031248550882191192	0.003477887449088273	0.44269771110798817
66	66	0.045901847846765834	0.0019305352172534966	0.0020224996667100727	0.32861444331930545	0.06738239849389138	0.0018286887235020642	0.0015429239692828604	0.0029203677333727433	0.3740712304248303	0.1737850646050859
67	67	0.003617182954177561	0.0030683398680941315	0.0032145056485435473	0.3489459114393838	0.0030888033653154517	0.0029064678367474554	0.0024522811529560412	0.039310531820982035	0.4731971543190428	0.12019882159475719
68	68	0.0021360733217819622	0.012048585956635709	0.0018982782584002625	0.05251543602538077	0.012060670369019203	0.001716371133376963	0.001448157976717308	0.0027409994997985945	0.7400875730206948	0.1733478544381945
69	69	0.04357342359166752	0.003492072988764999	0.003658424043645436	0.08148111205980925	0.023243719020248264	0.08222127289766218	0.022519294047759833	0.005282544026044936	0.4004464736986007	0.3340816636257969
70	70	0.02401688293861501	0.020372748727789335	0.021343240539554244	0.2451702822224868	0.02050861949338374	0.01929797267218535	0.016282325259521828	0.030818354150197423	0.2644904828271712	0.337699091169095
71	71	0.02714064047442172	0.023022531696136453	0.02411925059233142	0.2770583718886521	0.15324114347020232	0.021807964818735207	0.1484651559853342	0.16489181447619597	0.03876131778151254	0.12149180881647804
72	72	0.002435213719984242	0.002065713412623441	0.0021641173137950786	0.37496475336666724	0.0020794901526511094	0.03696728444568564	0.0016509611995269235	0.01479503806492556	0.061828802332620475	0.5010486259915203
73	73	0.009771887514468391	0.00143107773140622	0.12277167938065847	0.138494343971424	0.001440621933300098	0.21964595393228586	0.0011437471401505445	0.0021648262064303046	0.0024093987337800633	0.5007264634560962
74	74	0.027372808067040254	0.05176710314906747	0.002298220587691019	0.18751321012627384	0.002208349358077386	0.0020779880175047357	0.0017532658668942735	0.003318492140660469	0.17720024556954816	0.5444903171172425
75	75	0.016402428847666843	0.0024021101992953093	0.07036976918655573	0.5445920891114943	0.02955942254325011	0.029416677589400152	0.0019198165204281246	0.0036337307164008353	0.26188652848518995	0.039817426800318786
76	76	0.005257692416782609	0.004459931239573777	0.004672387928991285	0.28043799663715463	0.10527464084934876	0.1805983342022041	0.003564469971535474	0.1579240947024282	0.1082938185095233	0.14951663354245778
77	77	0.09211669136376924	0.0914236955283517	0.06972088622625593	0.1560602422441326	0.0039000725760474546	0.00366984691565339	0.06875846469906725	0.0277480141682957	0.4004953343632656	0.08610675191516111
78	78	0.15881049289935292	0.10015790490918208	0.003587645690270906	0.27337150705706564	0.0034473518771662936	0.003243850827620268	0.002736942121635884	0.005180344345709531	0.005765596827136845	0.4436983634448596
79	79	0.15777878722926228	0.11331106081684938	0.004058790360762889	0.22172233810962563	0.0039000725760474546	0.00366984691565339	0.0030963688335742066	0.0277480141682957	0.028410124458805013	0.436304596531124
80	80	0.05790010887035791	0.0024351568509874974	0.0025511598418368835	0.6483856232306402	0.00245139749824168	0.002306688753233397	0.0019462280930038162	0.003683721192842479	0.0040998917840470986	0.2742400238848091
81	81	0.27304079116847535	0.047639544071277705	0.00278068919657798	0.1369075267828614	0.0026719511761249992	0.0624946158640481	0.1370772155507678	0.01901024600092178	0.019463859705527182	0.29891356048341783
82	82	0.21996211954348735	0.0024021101992953093	0.002516538954615556	0.21889658399818143	0.002418130450474041	0.0836992617749523	0.0019198165204281246	0.057916314901952974	0.03118554569659337	0.3790835779600197
83	83	0.001306730071420629	0.0011084570578180906	0.0011612603644645869	0.3327112819813607	0.026164622813753795	0.0010499797693418879	0.18248950759595148	0.0016767900406844411	0.001866226392141646	0.45046514391306286
84	84	0.0031290228303953484	0.047639544071277705	0.00278068919657798	0.061932035577839155	0.03266214765813388	0.002514222900030326	0.19705760851478557	0.07899063896493956	0.1244295473925583	0.4488645428934623
85	85	0.018767088323710372	0.0015040370209865345	0.0015756844767600248	0.553411544175564	0.010011077667716773	0.0014246906844417118	0.01819607744806727	0.0022751935041806517	0.26593954055748203	0.12689506614109064
86	86	0.23718863581632488	0.05704966226422818	0.0033299516739541094	0.11007939718613033	0.02115677683532524	0.003010850966355007	0.0025403525839165922	0.004808249703261967	0.023308506498241646	0.537527616472262
87	87	0.004199560914620144	0.04381314749657121	0.0037320512820227377	0.68688287909307	0.0035861105313859626	0.0033744184027817386	0.0028471062183127492	0.08589044762586887	0.005997666683946565	0.15967661175142003
88	88	0.00252356512009984	0.002140659061436569	0.1473656658905532	0.3039136564701001	0.0021549356320378276	0.14715076012344988	0.0017108593235879504	0.015331813263370235	0.003604067842640508	0.374104017272724
89	89	0.08152542766250125	0.011689599851463917	0.0018417192961313253	0.34889948911926777	0.07129107299307277	0.0016652320710489935	0.0014050102917021303	0.032454206155382456	0.002959771350623437	0.446268471208806
90	90	0.004037065805859232	0.0034245129757485265	0.11966771601039118	0.1766381151236321	0.0034473518771662936	0.17736395630780066	0.002736942121635884	0.005180344345709531	0.005765596827136845	0.5017383986049198
91	91	0.027716305836713976	0.32849182933515675	0.0023270606556941497	0.27770836844295416	0.0022360616438356516	0.00210406441593903	0.0017752673697524481	0.015909003990180946	0.016288617291146026	0.32544342101862705
92	92	0.002721005397845397	0.14574562965115245	0.01545786534338036	0.28857212958803474	0.0023235348436549674	0.36729998070260833	0.0018447146132106794	0.0034915816598569014	0.0038860451731231155	0.16865751302713322
93	93	0.10922285557655322	0.08758948923568304	0.003888569287856971	0.4221178939166715	0.0037365079473532636	0.003515937690525148	0.0029665106299924925	0.06852316179924525	0.00624920203490802	0.29218987188121115
94	94	0.13123889898515723	0.004459931239573777	0.029868629242666204	0.507204168460229	0.004489675594649079	0.0042246450064796805	0.003564469971535474	0.08233537076140345	0.1082938185095233	0.12432039222878287
95	95	0.004469406673297194	0.025209823056757025	0.003971856878391893	0.4311590552547972	0.003816538601537942	0.0035912440453917584	0.0030300490433209774	0.005735122165977118	0.24198731263691578	0.2770295916436132
96	96	0.10099385389659395	0.0012581543691028991	0.008425992321883072	0.3492123821271387	0.008374448854194185	0.001191779713025154	0.0010055431860541482	0.001903240816480574	0.009226164129654237	0.5184084405858732
97	97	0.42491222675418355	0.0017406872021538877	0.0018236079066256414	0.41430612966815644	0.0017522962641404237	0.0016488562494352016	0.001391193480038179	0.022301095247688307	0.012764622704375735	0.1173592845232027
98	98	0.06407015404868951	0.0026946559794012036	0.002823020668843677	0.4739059544286132	0.01793600152200268	0.03299924632252457	0.0021536252032244396	0.004076271856868117	0.004536791092656029	0.3948042788771767
99	99	0.001403402206199648	0.028092347026587958	0.18283490185602586	0.06140457757801942	0.0011984003884553897	0.061656901213104666	9.51441169517185E-4	0.0018008392811162733	0.2844740943092707	0.37618309497170294
100	100	0.015969009301775108	0.0023386365807581025	0.08172236466310993	0.47735351377700735	0.0023542335110948148	0.2664563371478829	0.001869087081989026	0.003537712624713193	0.0171494416452827	0.13124966366638702
101	101	0.05711436698683095	0.0024021101992953093	0.002516538954615556	0.23246723004456946	0.002418130450474041	0.05655796968217622	0.0019198165204281246	0.11219889908750512	0.0854681298821455	0.4469368081919598
102	102	0.05467292455160319	0.12228993357845408	0.0031597332847381403	0.1385306774885234	0.0030361728584363994	0.0028569441677456058	0.019449621504403266	0.12383634013613014	0.005077911748779536	0.5270897406811862
103	103	0.07695718181428579	0.039807444283287786	0.0033908411506641785	0.25837539031848644	0.003258243320296267	0.09449287308483491	0.002586803930554329	0.023181563945910418	0.07859089222583569	0.4193587659258442
104	104	0.0021144287106985462	0.0017936018148560445	0.0018790432002156014	0.25464124372916175	0.001805563777132818	0.2144898175930369	0.0014334839410118086	0.03311191641569155	0.24620928292080033	0.24252161789739476
105	105	0.005536700500570445	0.11082988979011281	0.11105362084271161	0.16265329332704437	0.004727927604312779	0.004448832732672884	0.030286945668653503	0.03363798995866457	0.35284049905126386	0.18398430052399314
106	106	0.0031290228303953484	0.0026542493482643727	0.017775787437582423	0.4068192951209414	0.04765724589913833	0.002514222900030326	0.002121331381727786	0.03400534424192623	0.049454056187536066	0.43386944465245786
107	107	0.004888199643371207	0.004146502413331658	0.027769563382205854	0.04989995117968831	0.02759969145042069	0.05077882132652797	0.003313971123158517	0.006272515386418833	0.1709599016404624	0.6543708824544145
108	108	0.08319448805419527	0.0015991531623216354	0.0016753316432192157	0.4528941166793399	0.0919534734167778	0.0015147889191322878	0.03741553857329378	0.0024190780122670306	0.15627658848748704	0.17105744305196616
109	109	0.06281097619977435	0.0013544256370508097	0.016722516195007576	0.07751374594936783	0.2309170101919909	0.0012829721349608958	0.0010824851892574908	0.0020488727127823355	0.025235700481701106	0.5810312953081067
110	110	0.00275695546764469	0.0023386365807581025	0.01566209549245784	0.38486913693809444	0.1212627180182686	0.0022152604652744884	0.001869087081989026	0.13565825096601739	0.2285423029913694	0.10482555599812617
111	111	0.10344137000136289	0.002539987272230386	0.0026609840450578176	0.2888591915677822	0.016906505293753746	0.002405988785418031	0.0020300107498546875	0.0038423007291998336	0.13342259105236406	0.44389107050297644
112	112	0.09188236492156435	0.020762740999698985	0.26787533200995406	0.05521674205319302	0.0031432907054001064	0.02059801350124125	0.0024955400663154085	0.004723430857318105	0.12873898667846298	0.40456355820685175
113	113	0.002463968685391637	0.14378591709507377	0.0021896711770905456	0.07238473912258148	0.1437998565106316	0.00197984061784124	0.013478440037714054	0.0031617533280850828	0.03894290723225289	0.5778129061933377
114	114	0.0038866772176151085	0.17093073456006166	0.022079975699663135	0.18868397706819995	0.021944908105180367	0.003123011046972572	0.03988693932125412	0.07949127367960168	0.21043656210499978	0.2595359411964516
115	115	0.005846980103342949	0.39724347995604903	0.005196074074000245	0.05968741929374296	0.004992883149380132	0.00469814765461111	0.031984242004312984	0.007502818079870787	0.008350453411792079	0.4744975022728977
116	116	0.0017581297543084	0.3806352195861063	0.001562408674841778	0.04322368043044432	0.0015013111502964471	0.0014126870684891635	0.0685952818324897	0.002256024045616655	0.12046676561196021	0.3785884918454471
117	117	0.0036809910553943113	0.5146904346502512	0.0032712104114439684	0.03757646727995901	0.0031432907054001064	0.02059801350124125	0.020135814839549415	0.004723430857318105	0.12873898667846298	0.26344136002097973
118	118	0.001788263492701964	0.06150572076931339	0.17298574327875876	0.1039533138345343	0.0015270431062795083	0.0014369000382369902	0.01835201469793902	0.053713658157883995	0.16538066334361085	0.4193566792807413
119	119	0.0024071221638844254	0.19814641905013866	0.00213915300679066	0.2783548376650136	0.0020555020674153735	0.0019341634739188222	0.0016319164361147695	0.14151553857942734	0.06111557241975577	0.3106997751375407
120	120	0.004888199643371207	0.004146502413331658	0.004344028367898245	0.7760915366232243	0.004174156436113076	0.003927751297912752	0.003313971123158517	0.14682572547226452	0.00698115654030912	0.04530697208241661
121	121	0.024088851822586976	0.012837033229342924	0.0020224996667100727	0.3831469333797526	0.0019434104213548163	0.0018286887235020642	0.3505508603561446	0.0029203677333727433	0.15594127018304177	0.0647200844841916
122	122	0.7861777036712769	0.0032969431771341364	0.0034539988793378545	0.1328060466072241	0.003318931284855085	0.021748987867297852	0.0026349856806035603	0.004987366398300554	0.0055508170814216615	0.03602421935254823
123	123	0.24532824838325298	0.26652261783633313	0.1134956168032513	0.1341728769556349	0.0039000725760474546	0.00366984691565339	0.0030963688335742066	0.00586064887979802	0.006522759170307329	0.21743094364614723
124	124	0.1468957732007708	0.00282361062300988	0.002958118294304408	0.19349896549435713	0.002842441961982099	0.002674649423492382	0.0022566884412301255	0.00427134469309388	0.2121285950899827	0.42964981277777664
125	125	0.0019743850289077715	0.001674807267398319	0.0017545896650026898	0.2566992857818533	0.001685976960240703	0.0015864518484608675	0.029723853862646823	0.011995292822881538	0.0028197479569680474	0.6900856088056401
126	126	0.029705467600460767	0.0043503195386854635	0.004557554681437517	0.05235273272686399	0.05353331977853678	0.004120815933802359	0.7653636631461104	0.00658083452562565	0.007324308217519278	0.07211098385095778
127	127	0.004037065805859232	0.0034245129757485265	0.06162768085033104	0.021864688030138416	0.17756745735734672	0.02259052921430698	0.5831372937222372	0.024527022732396243	0.02511227521382356	0.07611147409781206
128	128	0.00252356512009984	0.002140659061436569	0.002242633130751563	0.12250986552034804	0.09890362413857226	0.02621489949028187	0.48545430185626004	0.06370615751663744	0.01569765390595731	0.18060664025965517
129	129	0.0034959808661516596	0.10348747251368243	0.0031067961957704803	0.035687837501207534	0.0029853058585207525	0.10333102437945148	0.1866603433348126	0.0044860266301314155	0.004992838154969119	0.5517663745653024
130	130	0.0034383755009528534	0.06882705282475847	0.01953320104980074	0.29874134593782703	0.002936115190495293	0.002762793016216709	0.39779339543044817	0.004412107689435165	0.004910568178013514	0.19664504518205203
131	131	0.03802266049566891	0.010633518674026909	0.0016753316432192157	0.7600625440773191	0.010644183811430336	0.08282407852447975	0.0012780765264726833	0.0024190780122670306	0.020761105811907925	0.07167942242320813
132	132	0.04296071626609642	0.002369948467494758	0.002482845142005406	0.6444121680421135	0.0291636529318917	0.0825786165980991	0.0018941121942675722	0.05714087629497345	0.01737905465091691	0.11961800941214132
133	133	0.003747090766108717	0.0031785364834090654	0.0033299516739541094	0.7924469904098391	0.03911381876226495	0.003010850966355007	0.0025403525839165922	0.022765291630201672	0.04126554842518135	0.08860156829876938
134	134	0.0029943223566842015	0.002539987272230386	0.0026609840450578176	0.26016003509787405	0.05995523999861604	0.04545472349028032	0.045078745454716976	0.0038423007291998336	0.3773654210465837	0.19994824050875679
135	135	0.22748564783937572	0.005585875845606891	0.005851968891868357	0.44590845733719037	0.005623129396308305	0.005291189758390499	0.2569221880781755	0.008449890701991028	0.009404522126295022	0.029477130024798324
136	136	0.005257692416782609	0.004459931239573777	0.029868629242666204	0.4568116858328791	0.004489675594649079	0.0042246450064796805	0.003564469971535474	0.30910154258447775	0.15868630113687315	0.023535426974083198
137	137	0.004888199643371207	0.0744231074562545	0.19174830848235916	0.3544319063656873	0.004174156436113076	0.003927751297912752	0.02673950613746613	0.006272515386418833	0.00698115654030912	0.326413392254108
138	138	0.0047763119798480205	0.004051591709868456	0.004244596425706257	0.6667699536698134	0.07274663268783407	0.003837847663101196	0.04901679646978167	0.09768630156589911	0.02971070245398132	0.0671592653741665
139	139	0.3050618142927692	0.002965528038143251	0.0868750832587198	0.4880365876411339	0.053246278096290345	0.002809079903912299	0.01912376920891395	0.0044860266301314155	0.004992838154969119	0.032402994775016736
140	140	0.0033826377578595203	0.0028693827277312275	0.10026899585982972	0.5856873781601177	0.002888519331888545	0.06755995681180313	0.099556195486887	0.0043405852728678924	0.004830965473924748	0.12861538311709045
141	141	0.12944638425468666	0.0031785364834090654	0.0033299516739541094	0.5051343195788038	0.02115677683532524	0.12871014445493295	0.0025403525839165922	0.004808249703261967	0.005351464571301937	0.19634381986040764
142	142	0.004469406673297194	0.0037912538171633115	0.08964613383676676	0.3240662090568286	0.025235107841131657	0.13210265948295405	0.0458671875225084	0.005735122165977118	0.2848244511161032	0.08426246848726972
143	143	0.002951962933621515	0.016650635904609554	0.0026233402193434475	0.3979454678236344	0.016667336051119933	0.21457066378285142	0.0020012930388230276	0.046227687614023676	0.00421589068456895	0.29614572194740424
144	144	0.1422152063720424	0.003492072988764999	0.003658424043645436	0.33794974728878396	0.0035153624641732846	0.0033078466733622793	0.002790937491684857	0.025010900582119914	0.025607699133176152	0.45245180296224674
145	145	0.13714177239438932	0.005767894622625445	0.038628197776975536	0.5907807821987255	0.005806362100368149	0.16839130264365715	0.004609821559332861	0.008725234947732988	0.009710973551852293	0.030437658204340735
146	146	0.30433546529072025	0.002539987272230386	0.0026609840450578176	0.044916361573562574	0.0025569270587996492	0.002405988785418031	0.059428323689671075	0.0038423007291998336	0.061674699877593574	0.5156389616777469
147	147	0.0032257641304728455	0.03365372773747208	0.0801602005666307	0.18751647751001424	0.0027545610017903717	0.07988549582078046	0.0021869174662299596	0.004139285752943286	0.08190046366688239	0.5245771063467837
148	148	0.008452115569155132	0.0071696575758287626	0.007511196857713141	0.329309816899594	0.007217473748152568	0.006791418174148544	0.005730139717955778	0.051350471027901946	0.012071017182179162	0.564396693247371
149	149	0.017098543701095644	0.0025040551371354226	0.0026233402193434475	0.4969715331959533	0.10154682065596471	0.002371952270739478	0.07273419687619367	0.0037879453116012834	0.04665563298699134	0.25370597964498187
150	150	0.003082796001495941	0.0026150366172843697	0.0027396084980084523	0.3121677200451671	0.0026324769260024153	0.15021275036135479	0.002089991750111968	0.003955829704868155	0.00440274191694831	0.5161010481787586
151	151	0.0036809910553943113	0.0031224662264649804	0.0032712104114439684	0.8137485573022553	0.0031432907054001064	0.0029577387280072475	0.0024955400663154085	0.004723430857318105	0.040537612812292956	0.12231916183510765
152	152	0.0034959808661516596	0.036472842863322974	0.07012142584612995	0.06919515232638726	0.0029853058585207525	0.1368383392046312	0.002370111796324088	0.0044860266301314155	0.004992838154969119	0.6690419764534316
153	153	0.00252356512009984	0.002140659061436569	0.002242633130751563	0.18297779583693205	0.038435693821988234	0.1834315183134003	0.0017108593235879504	0.0032382272000534332	0.11244634241249174	0.47085270577925836
154	154	0.21844834969510538	0.012050807728157911	0.08070552857702887	0.28118347413365835	0.01213117746588615	0.0114150604478096	0.00963125662086924	0.018229550922390723	0.020289045272697946	0.33591574913639577
155	155	0.10878359539194697	0.030422710508640476	0.004793157481550888	0.1842966133250869	0.004605722489929154	0.4178938605799542	0.0036566026133701625	0.00692103078210394	0.0077029383482710235	0.23092376847914634
156	156	0.17677982399183895	0.0019305352172534966	0.07836798575133608	0.6012768936215411	0.0019434104213548163	0.0018286887235020642	0.0015429239692828604	0.013826865745462172	0.003250298013789761	0.11925257454463875
157	157	0.021397644402333695	8.999399375570651E-4	0.25006774689607314	0.3616386658477921	9.059418536430406E-4	0.026273375000964626	0.02105598027798016	0.1945602916318119	0.016767708831296236	0.10643270532054804
158	158	0.004888199643371207	0.12127417748486971	0.004344028367898245	0.2841553013227644	0.004174156436113076	0.003927751297912752	0.3781225313520803	0.006272515386418833	0.00698115654030912	0.18586018216826228
159	159	0.0036809910553943113	0.056043290546166996	0.16203368337055002	0.46094306183757516	0.0031432907054001064	0.0029577387280072475	0.0024955400663154085	0.004723430857318105	0.07581816235876096	0.2281608104745117
160	160	0.004285814638146771	0.003635518603309673	0.0038087029429966566	0.5161418610749908	0.0036597647520529982	0.003443724732156181	0.1877543146240491	0.005499537707624111	0.25258582779344163	0.01918493313123204
161	161	0.0070286473689506876	0.03964529734074734	0.006246194056349534	0.13911641509593592	0.6122981348590026	0.005647637338913546	0.004765094741405149	0.009019128101128473	0.04372119147868085	0.13251225961888582
162	162	0.001609007562640039	0.03220801465068964	0.10938089592516423	0.2940134551708012	0.20956520292273298	0.001292864858963152	0.0010908320012591255	0.009775457464228855	0.025430287576047227	0.3156339818674736
163	163	0.002435213719984242	0.0487464453194492	0.14220631303427236	0.2699331065763093	0.11878131991971552	0.0019567355155663173	0.15336333989671067	0.061475769971751325	0.003477887449088273	0.19762386859715295
164	164	0.0031290228303953484	0.0026542493482643727	0.00278068919657798	0.31684870567491474	0.4525248984062583	0.002514222900030326	0.002121331381727786	0.0040151477599173375	0.004468761464522738	0.20894297103739118
165	165	0.005128474144662744	0.0043503195386854635	0.004557554681437517	0.2735456738290462	0.274726260880719	0.02869780938960038	0.003476866016371658	0.0557348214372217	0.007324308217519278	0.34245791186473606
166	166	0.0025861159517646033	0.0021937189185161723	0.25016514174044746	0.23708659435682516	0.22528857839555821	0.051651372248056035	0.026539957982169918	0.003318492140660469	0.003693400762618604	0.1974766275033834
167	167	0.00287074060593292	0.0024351568509874974	0.0025511598418368835	0.05681991438807158	0.4426863436136416	0.002306688753233397	0.0019462280930038162	0.003683721192842479	0.07288660211457833	0.4118134445458716
168	168	0.0065850380862246625	0.005585875845606891	0.321424268539227	0.19345061761930343	0.16340927921998763	0.005291189758390499	0.0044643483602885975	0.008449890701991028	0.009404522126295022	0.2819349697426852
169	169	0.024824562683531212	0.003635518603309673	0.044886199033765534	0.3107543806211464	0.0036597647520529982	0.003443724732156181	0.002905582215589122	0.005499537707624111	0.23204707974805722	0.3683436499027676
170	170	0.30942015482937013	0.12127417748486971	0.004344028367898245	0.04989995117968831	0.004174156436113076	0.003927751297912752	0.02673950613746613	0.1234001904579569	0.030406691554616734	0.326413392254108
171	171	0.07583034702872712	0.03169393839064901	0.13372610131248358	0.26394757142394815	0.0025941520465449118	0.002441016340366927	0.30778777849111166	0.0038982388120113245	0.033455617407066776	0.1446252387470907
172	172	0.004669431768587284	0.003960928666976779	0.004149614488887615	0.22668385034717745	0.003987345053770617	0.07088339350773863	0.20455993443849996	0.005991793451811036	0.006668719878290131	0.46844498839826054
173	173	0.006799615103724591	0.005767894622625445	0.3318980516809712	0.06941215303606658	0.005806362100368149	0.07063468467565859	0.004609821559332861	0.008725234947732988	0.07488205219718465	0.421464130076335
174	174	0.10675853967523477	0.00855587149207104	0.2989802074587743	0.48965231539467247	0.008612932658705335	0.00810450157938177	0.006838030762267571	0.012942675592251082	0.014404882059847628	0.045150043326794016
175	175	0.00237967132051459	0.05903864472292895	0.3556390441538225	0.24096844884365914	0.0020320611028704183	0.09314418007972643	0.2068854721498214	0.0030535833356947605	0.003398563727961653	0.03346033056300018
176	176	0.0025544576738233222	0.014408495505188279	0.22261944974531722	0.12400958612280041	0.0021813155594877444	0.13671049418734632	0.0017318030326075023	0.1379358125164191	0.22399755063896748	0.13385103501804269
177	177	0.0015845709860384139	0.0013441405623875523	0.4114668827635065	0.32751656630374293	0.024134144497990572	0.0012732296553163995	0.023855304681909707	0.002033314229355839	0.002263029112930626	0.20452881720682153
178	178	0.057618216546927836	0.0031785364834090654	0.039244035527833517	0.36147798416328625	0.0031997349083855357	0.09279606060105354	0.0025403525839165922	0.22029275282653843	0.1669648419137593	0.05268748444488997
179	179	0.00275695546764469	0.015550690414888522	0.01566209549245784	0.23953654476265981	0.0023542335110948148	0.17397196030896994	0.001869087081989026	0.09602208946362613	0.00393738781115228	0.448338955685517
180	180	0.046713374280401815	0.0025769656423236986	0.07549215581583295	0.17659665317897216	0.0025941520465449118	0.16258436645615615	0.002059564633695851	0.1494831025536379	0.25183291301950667	0.13006675237292803
181	181	0.05187358701001404	0.026543977725293662	0.0015493547122217663	0.15147786288283183	0.0014887676589855317	0.16014634786383336	0.21005758158427018	0.06907737020660461	0.0024899210747371214	0.32529522928120796
182	182	0.0341431799887886	0.3273691783914718	0.0028666609208413073	0.03292939821843546	0.0027545610017903717	0.09534420374993834	0.0021869174662299596	0.004139285752943286	0.004606924021093003	0.49365969048846803
183	183	0.0020724292854686754	0.07127934863423835	0.011773344093260396	0.060882370002524694	0.0017696994131692772	0.3194772255791793	0.0014050102917021303	0.032454206155382456	0.002959771350623437	0.49592659519445137
184	184	0.0029107852746370873	0.04431686532487815	0.044434486470055955	0.629531620949257	0.00248559264651681	0.0023388653235358334	0.04382111637906805	0.045582846198662944	0.0041570821856723094	0.18042073924771598
185	185	0.00638358967873239	0.3113333571458216	0.06685661911719404	0.24871628068327914	0.005451107542041592	0.005129322547205045	0.0043277757458412775	0.06937506572845135	0.009116820524457492	0.2733100612869761
186	186	0.016445630286951198	0.013950298811153712	0.014614845895535657	0.08906928768941691	0.014043336712178656	0.5648967644528351	0.011149369471233492	0.02110295743631177	0.023487076595356756	0.23124043264902672
187	187	0.0022513019778619514	0.001909707001636475	0.12067780555332315	0.4976903526706972	0.0019224432973538716	0.17443023391746382	0.001526277625395587	0.046044179034621074	0.014004060764984705	0.13954363815666224
