0	0	0.008322385890249953	0.005076308304961679	0.007189558100115762	0.0064348589176771295	0.0071017297599754855	0.007380192121041847	0.0038564334641006033	0.23035138931834903	0.4347661455889371	0.004109428038347903	0.004464885883137529	0.0028425186309140897	0.00518916502281769	0.11908636458064208	0.005851539412333022	0.005837905747503631	0.0034336640141179433	0.12679283198794078	0.007730376539298835	0.0041823186775379086
1	1	0.0025378065947039108	0.0015479561826344326	0.0021923650501301994	0.21401523008081613	0.002165582905712813	0.0022504964900635395	0.0011759707379943927	0.12914636180699166	0.12079572947148576	0.0012531182420174034	0.0013615106278719435	8.667901996173661E-4	0.0015823704151163899	9.717178292053002E-4	0.0017843531296939882	0.001780195715585788	0.0010470525272367904	0.5098927658591424	0.002357280811018458	0.0012753453229612582
2	2	0.00342565335136621	0.0020895056762307643	0.0029593597467473284	0.0026487111157311822	0.002923207920610673	0.018940013672085688	0.001587381839154332	0.11071922687006333	0.11534932718414785	0.017593704562034046	0.04954438844150434	0.0011700350840159477	0.002135959661763995	0.01721385675596509	0.0024086056406005035	0.0024029937631617365	0.0014133618402877748	0.6405712134735358	0.0031819709694303104	0.0017215224315630638
3	3	0.0020736531003979104	0.0012648419087958557	0.011417472049736819	0.12674239623475633	0.0017695074620625384	0.2809952332895906	9.608909409835469E-4	0.14403039201097081	0.050572326041272556	0.0010239285110013444	0.001112496413478963	7.082581425164839E-4	0.0012929619318239902	7.939949771777591E-4	0.001458002909802649	0.001454605868171069	8.555512953253073E-4	0.368505251877585	0.0019261446764611459	0.0010420903580893796
4	4	0.007725466157849595	0.004712212162949159	0.006673889978763	0.005973321287263488	0.006592361090484854	0.006850850852317859	0.0035798323473334045	0.07038034591475	0.04495976121013729	0.0038146809889659516	0.004144643764866738	0.002638640141874535	0.04067927027609699	0.0029580556769655915	0.005431840135442718	0.005419184339660607	0.0031873858636585605	0.7273576998004335	0.007175918436052474	0.039744639574133725
5	5	0.04601053312182712	0.0018802095872459345	0.00266293441134903	0.0023834020123966585	0.01693974093683366	0.002733543186913377	0.08728440431082074	0.07101032123258506	0.03224863430752666	0.0015220876139943806	0.0016537453478207497	0.0439808496710076	0.044850022065367624	0.0011802874002933502	0.0021673467887012125	0.0021622970269882637	0.001271791942269482	0.6336455158184839	0.002863247700697021	0.0015490855168781706
6	6	0.004694844136395721	0.024657540118778923	0.004055790627198505	0.09080557191110247	0.004006244694919636	0.004163331544808551	0.0021755004244088452	0.0645647310109993	0.20167355083864752	0.002318220325781887	0.024312623046941994	0.0016035283755079278	0.024721205119064466	0.0017976404357196276	0.003300984340447961	0.00329329328499512	0.001937006716057294	0.5291981750692722	0.004360878412304452	0.002359339566647688
7	7	0.16281500546216415	0.0019075047154120536	0.002701592408068538	0.0024180020186092867	0.0026685894927805437	0.017290293010662407	0.0014491170700279743	0.26076305114037157	0.01819972309108912	0.0015441838615541505	0.030711886468933237	0.0010681222192150072	0.0019499124472800835	0.0011974217113203732	0.060267077485673545	0.002193687237359073	0.0012902546308443928	0.42508818817501925	0.002904813658817863	0.001571573694797422
8	8	0.001609001692488565	0.35949956397426697	0.0013899873550544653	0.053527973627127336	0.00884213505212431	0.09852550635718604	7.455804203908467E-4	0.08188043768182976	0.1438081817191584	7.944929201862753E-4	8.632150728738706E-4	5.495560225619009E-4	0.045818010495711985	6.160814756630647E-4	0.023538686355540357	0.0011286667491982821	0.008132972551000867	0.15895769134034324	0.008963673964792824	8.08585172500686E-4
9	9	0.01739185873996814	0.2594482790239767	0.016972271602278516	0.01669273920332615	0.0026304037459041756	0.14582691509620826	0.0014283811652438122	0.2284130303328094	0.10379532026217411	0.0015220876139943806	0.0016537453478207497	0.0010528380982191357	0.0019220104925791622	0.0011802874002933502	0.059404695552419166	0.0021622970269882637	0.001271791942269482	0.11850937694502237	0.002863247700697021	0.01585842270780766
10	10	0.03650096770822941	9.196060326029516E-4	0.015299760383573072	0.022161704504303888	0.05027716347020717	0.008335632216061428	6.986178271427084E-4	0.020733653546040825	0.23972993830924616	0.0637324141918984	0.02880349391840186	0.02151092886176835	0.04993069001659229	5.772757573823858E-4	0.06404800891797466	0.1200348411037871	0.1615912736962032	0.09295596786702338	0.0014004076334140627	7.576540381467027E-4
11	11	0.0803801401478337	0.00202509868703435	0.03369217204569101	0.0025670671603421464	0.002833102867007147	0.0029441902415136946	0.001538452331028073	0.09189439806269775	0.1426178275643109	0.017051395654936016	0.0017811830953731386	0.03195800158308093	0.032894152471027	0.0012712404408905973	0.002334362703987659	0.048564971353609904	0.06301785972528653	0.3125859091090494	0.1263800165857357	0.0016684581695644654
12	12	0.00655082757096278	0.0344052515801353	0.09688770092533676	0.005065092122507795	0.005590008409448683	0.03621871538987696	0.0030355274311192745	0.18131726310889695	0.4942665369260499	0.0032346679004677135	0.0035144606282587767	0.0022374412414813104	0.004084564901223161	0.002508290411112617	0.004605941880175811	0.004595210367766338	0.002702751493349823	0.0998028678963489	0.0060848372612582295	0.003292042554223002
13	13	0.004694844136395721	0.0028636591230415133	0.06943743361441074	0.02542392892389024	0.004006244694919636	0.004163331544808551	0.0021755004244088452	0.0645647310109993	0.33243683681307196	0.002318220325781887	0.08969426603415422	0.0016035283755079278	0.002927324123327056	0.0017976404357196276	0.003300984340447961	0.00329329328499512	0.001937006716057294	0.37664100809911033	0.004360878412304452	0.002359339566647688
14	14	0.001827385283482305	0.0011146288111650363	0.027027296460403392	0.018378699794629246	0.0015593600947837998	0.07796645783653867	8.467751738455467E-4	0.2965829654146663	0.27360420107418965	9.023263784973298E-4	9.80375923787928E-4	0.11090163491034397	0.026588060775007336	6.996998370533083E-4	0.0012848499395277271	0.001281856331829441	0.009236829532278534	0.1296351024382131	0.0016973950150811013	0.01788409897467634
15	15	9.453049528046162E-4	5.765965969284512E-4	0.09735679096103916	7.309086703856807E-4	8.066557360011023E-4	0.014002852268970172	0.05748449381592825	0.2280213458762854	0.31267460854258344	4.6677271747221994E-4	0.031224471057971576	0.004711058837922429	0.18489335575580185	3.6195416884535724E-4	0.00944102995768332	6.631032602786427E-4	3.900155125725834E-4	0.053895568160254696	8.780610904145812E-4	4.7505205985649113E-4
16	16	0.27936674960178326	0.0025822706290950822	0.04296200815349723	0.022925726183022025	0.003612583608649357	0.003754234811273774	0.001961731689478535	0.03856810640874614	0.29977097232854766	0.0020904276667817	0.021923619297152072	0.001445962682386847	0.23846816231802032	0.0016210009290149676	0.002976623453837666	0.0029696881358583674	0.0017466728183493222	0.02519358247565788	0.003932370354607089	0.0021275064542407565
17	17	0.00407341542002425	0.0024846135229625874	0.003518949639487604	0.0976953301178465	0.0034759618088630144	0.0036122560026702203	0.0018875423161245815	0.01820037185198255	0.19388837121358182	0.002011371229312656	0.058912813163891124	0.0013912788202283081	0.002539851564172209	0.0015596974165240397	0.0028640525910966974	0.0028573795551091992	0.0016806166076336936	0.572606270610074	0.0037836547611502114	0.02095620178726492
18	18	0.041284502217866136	0.001687081448701663	0.05374754878505653	0.014978123092754387	0.002360218452460129	0.015292299067582293	0.0012816631623964246	0.16643268723061766	0.0802943155818409	0.0013657444331138888	0.0014838787739997463	9.446944830196266E-4	0.0017245887204467884	0.129454405407025	0.0019447249843443457	0.0019401939153805084	0.013980693476278224	0.35028770454707625	0.02824821608996734	0.09126671613007221
19	19	0.06858182303393563	0.0028025800274424028	0.003969284512886435	0.28083012260075985	0.003920795347703152	0.004074531686127722	0.06611621450089981	0.06318762737948774	0.2613591633232474	0.0022687749152723274	0.0024650197050994985	0.0015693266570996594	0.0028648871144876893	0.0017592984937116949	0.003230577518463072	0.0032230505058278565	0.0018956922252946773	0.21930434826109835	0.004267865068887259	0.0023090171222678625
20	20	0.041891723475023526	0.0024846135229625874	0.02242810366698724	0.38133264053034105	0.0034759618088630144	0.15488548822266734	0.0018875423161245815	0.15056445004448002	0.06152429302108433	0.002011371229312656	0.0021853510813922097	0.0013912788202283081	0.002539851564172209	0.0015596974165240397	0.0028640525910966974	0.0028573795551091992	0.0016806166076336936	0.15660488200508188	0.0037836547611502114	0.0020470477597652804
21	21	0.0018589233450462285	0.11331458754502056	0.001605890134045443	0.320720910235002	0.0015862724241727615	0.053424188724437896	8.61389304650328E-4	0.060081547799384426	0.12299906573391173	9.178992438000268E-4	9.972958128335986E-4	0.02652277587934539	0.18237408605720923	7.117756574819388E-4	0.001307024615475653	0.0013039793423816016	7.669577305189442E-4	0.0024331248427016078	0.0017266896301618968	0.10448561594241876
22	22	0.024863132668460172	0.0026879185894475616	0.024263297376193094	0.08523290457351386	0.003760384573256367	0.49486161030919373	0.0020419916550363892	0.10151525860650884	0.16884059437944457	0.0021759529470414506	0.002364168810101055	0.0015051210860099033	0.002747676518171613	0.0016873206400283402	0.003098405498326746	0.003091186436966466	0.0018181341201131847	0.06713713778494787	0.004093254695169171	0.0022145487320697223
23	23	0.0016585534850405044	0.04720655873719035	0.0014327942491609283	0.22455779128688635	0.001415291095432424	0.009169937077849532	7.685417674761031E-4	0.20758850474855625	0.17133444089497868	8.189606062980068E-4	8.89799168104123E-4	5.664804833333117E-4	0.0010341394699238205	6.350546946594554E-4	0.001166142884163392	0.016561729282637872	6.842887955658642E-4	0.30243777971271707	0.009239724707859266	8.334868521666399E-4
24	24	0.007283005515941093	7.873555667496498E-4	0.06702900374463283	0.09088062863204308	0.001101506473632232	0.12098810572171298	5.981481370608295E-4	0.06568926694109992	0.4089876694319532	6.37388599701046E-4	6.92521522294891E-4	4.4088592204934976E-4	8.048600916348253E-4	4.942565240009528E-4	9.075969885146997E-4	0.11475672055207388	5.325749173314089E-4	0.11554079840611829	0.0011990120843012467	6.486942271535977E-4
25	25	0.02705544935826352	0.0016046686497739812	0.0999713473199864	0.0020341192359854057	0.002244923361699874	0.002332947924847168	0.0012190547752454187	0.21936422479247913	0.43052963670124245	0.0012990287321977087	0.0014113922896460667	8.98546790187664E-4	0.05048967401466559	0.013219651227665101	0.001849726471244845	0.1239687424875968	0.001085413388293748	0.003443405255034732	0.014655977077288974	0.0013220701466555077
26	26	0.002223476662097524	0.0013562280329872018	0.05352869602432138	0.022362339481678546	0.022540506148549983	0.0535796273680635	0.0010303162962444741	0.44344083486826064	0.26065772801573783	0.0010979083953004908	0.0011928754195014656	7.594305191759214E-4	0.10460212955081334	8.513619280093849E-4	0.0015633451142789505	0.0015597026329080103	0.011238940732660982	0.002910284772168589	0.012386885582787955	0.001117382454453915
27	27	0.14114548889374615	0.08818772579436492	0.0016198684425964205	0.010154227359382007	0.001600079972348636	0.019071617997284136	8.688871808920745E-4	0.21728370439711153	0.0283213091769115	9.258890051022048E-4	0.0010059766735555386	6.404435660149929E-4	0.0011691629091574022	7.179712368359844E-4	0.00131840147929187	0.09706371920637519	7.736336366568967E-4	0.376743462715928	0.010446118471863422	9.423118845810801E-4
28	28	0.016675991580416306	0.07040456745539118	0.043714374796956536	0.0022852986840408737	0.0025221335669538616	0.043782077241210436	0.0013695874973093693	0.06808746188099588	0.27788754403786614	0.015179786743908887	0.13878917398989948	0.0010095021770787443	0.2213684961815199	0.0011317055321137812	0.029518836227376135	0.0020732946118950336	0.04238049321199303	0.017588957631747025	0.002745393420183525	0.0014853235311438908
29	29	0.00965504791344029	0.001043793761413827	0.0014783215363196366	0.025154520614021104	0.0729544046361486	0.0015175198256673092	0.016680549520471252	0.12680293606854615	0.19266620984090763	8.449832223968878E-4	9.180726918592468E-4	5.844804994902881E-4	0.11228010986199663	6.552336683412512E-4	0.0012031972776930162	0.001200393914808178	0.04836879380427074	0.0022398424271148367	0.2875660946470718	0.09618549426802137
30	30	0.013674162815803186	0.0014782946669610606	0.002093703683603996	0.024375050797117773	0.35083558709314216	0.04715147201933723	0.0011230494053912918	0.15708617427264346	0.3291203509719765	0.0011967250979244488	0.001300239582213823	8.27782687806917E-4	0.046513413123011715	9.279883376675761E-4	0.012954616454205339	0.0017000828977075085	9.999328045629768E-4	0.0031722235150668126	0.002251197863706711	0.0012179519101495153
31	31	0.028444966943825315	0.001687081448701663	0.015228942962934066	0.0021385878187135643	0.32334860030348067	0.0024527637935414705	0.12967701590280464	0.26914896942294425	0.06745478030780007	0.0013657444331138888	0.0014838787739997463	9.446944830196266E-4	0.0017245887204467884	0.001059052666616771	0.0019447249843443457	0.07897740555962543	0.03965976402435987	0.016459787422014895	0.015408680815926515	0.0013899692117864664
32	32	0.011162479243866104	0.0195748576593394	0.0017091301475528659	0.047449964076170775	0.0016882512476465062	0.0384906436191699	0.010100815394324945	0.008839798069240182	0.3696917404831324	9.769094639385898E-4	0.0010614103067239531	0.00985978355560565	0.2308348087996289	0.06504587613274655	0.0013910510604332022	0.0013878100117822193	8.162641710902751E-4	0.02095764400335704	0.047757939641979746	0.11120282291227082
33	33	0.0014766502199039988	0.05573862062096158	0.0012756513203727043	0.014851225594622475	0.09722643758926033	0.04243791990582167	6.842512949899113E-4	0.5207033529256101	0.1251242274743431	7.291404047504265E-4	7.922096869967751E-4	5.043512541683452E-4	0.08317760769993168	5.654045305008962E-4	0.014747726563551373	0.0010358261344177045	0.007463979535866128	0.008787512342723292	0.001371609339825205	0.021306295561382367
34	34	0.0025082575095787566	0.19947033036466236	0.03709749658333319	0.001939381736943075	0.025427473461075996	0.0022242927153166676	0.001162278260595129	0.26736527312798347	0.2591118718211326	0.001238527493580336	0.0013456578069652014	8.566976821467308E-4	0.001563946001611682	0.09410882611856067	0.05998134100554838	0.0017594679127464956	0.0010348611158335754	0.003283031371203297	0.03726049213884917	0.0012604957723332498
35	35	0.07408992978115203	0.0011849939747407452	0.001678302915793845	0.12775970062408046	0.0016578006043451918	0.2993299373105892	9.0023106249893E-4	0.05377234636213922	0.2908765021045781	9.592891472555479E-4	0.0010422658655802276	6.635466658770908E-4	0.019248134785694624	0.07289105492161521	0.0013659609562711493	0.0013627783657534157	0.03687513332245588	0.011561237269019546	0.0018045495015723805	9.763044589872514E-4
36	36	0.016016726314770805	0.0017315459390271864	0.002452382594549572	0.0021949521498184146	0.015600356378520185	0.09476293479989703	0.001315442503239045	0.11810743529771744	0.31961332359939126	0.01457967213651621	0.0015229876821331017	9.695927229553024E-4	0.1599052296829729	0.001086964915361632	0.001995979892824745	0.0019913294036205498	0.0011712344133665844	0.1750287872871979	0.0685265192339119	0.0014266030522082302
37	37	0.13816880809849505	0.010996778565445989	0.011528445800253502	0.0016189300739472754	0.21561884903351178	0.011576406937170882	9.702304577429425E-4	0.14543031598014874	0.24545672788906064	0.01075352357546833	0.001123309481284368	7.151421587038364E-4	0.0013055290600135537	8.017123247766835E-4	0.0014721741773529614	0.030627672652813583	8.638669483514817E-4	0.1679744915664919	0.0019448661147842257	0.0010522191041822694
38	38	0.021959980288578953	0.031039448971753026	0.0018446618641919314	0.0016510248170472732	0.001822127295669641	0.0018935738144847114	9.894649495781145E-4	0.5646313455067606	0.1908488358627695	0.0010543770674666885	0.0011455787131701596	7.293196109810773E-4	0.0013314107336355372	8.17606001420217E-4	0.0015013595342630295	0.07088418189575778	8.809928194598733E-4	0.0027948939426155283	0.0019834224300460074	0.1001963938803504
39	39	0.12576608731059283	9.599147502461039E-4	0.015970388565038695	0.0012168126165216409	0.045175509659070794	0.0013955723039346857	7.292400585509341E-4	0.2261945675562184	0.33059767852676725	7.770805774797877E-4	8.442965950669677E-4	5.37511789620192E-4	9.812556187722454E-4	6.025792511412291E-4	0.0011065086389758373	0.18373973787257927	6.49295617312972E-4	0.009365281530697099	0.05259981718160432	7.908639798087921E-4
40	40	0.03975326198916204	0.0016245076778052703	0.01466410219090719	0.0020592676979731086	0.014635995581868627	0.0023617909007993066	0.013597443856346205	0.12316975419735939	0.2504026485038761	0.0013150890368812647	0.0014288417806680156	0.06272624340866294	0.11293048148518388	0.0010197724534539206	0.0018725952269336987	0.014231549734943123	0.0010988326986535093	0.015849294687392563	0.014837173575458999	0.3104213533156709
41	41	0.07864655547762842	0.0032138729456007245	0.029010980955505354	0.0040739879735173425	0.004496192069391072	0.004672489999862425	0.026900738935426702	0.17029746884316513	0.32417413771823184	0.0026017292096759442	0.0028267739236769282	0.026258817039481887	0.027744507604111113	0.002017484523835715	0.003704681252128052	0.003696049611984812	0.12446981317413855	0.03135572709110344	0.004894196042954217	0.12494379560858043
42	42	0.0016585534850405044	0.016409951882600977	0.009131945962808271	0.024379846732055434	0.01681359452272711	0.401826674473864	7.685417674761031E-4	0.24608426331679298	0.17133444089497868	8.189606062980068E-4	0.03168640602269349	5.664804833333117E-4	0.0010341394699238205	6.350546946594554E-4	0.001166142884163392	0.001163425855343189	6.842887955658642E-4	0.002170862880470752	0.001540572994211924	0.07012585227499273
43	43	0.004233519982894343	0.022234644173301434	0.18052862296294167	0.022925726183022025	0.003612583608649357	0.003754234811273774	0.001961731689478535	0.23509184185080964	0.0835948633422778	0.0020904276667817	0.0022712457529457195	0.08005545685921227	0.0026396797875441074	0.0016210009290149676	0.002976623453837666	0.06192680876847742	0.0017466728183493222	0.1824125708293087	0.02358474389881344	0.08073700063106616
44	44	0.05934406996920078	0.0014951155591029653	0.002117527055646195	0.04740956153794439	0.0020916591394391417	0.002173674136094868	0.0011358281113829402	0.5116095299381596	0.17356517161522234	0.0012103421285784785	0.0013150344605691747	8.372016782286034E-4	0.01290693369049894	9.385475259577839E-4	0.0017234429223954252	0.02447658473281223	0.0010113106186284788	0.08285836948831282	0.025033970603799492	0.046746125088025475
45	45	0.0565254813678688	0.00230990046801131	0.03843050438723591	0.09082558984572148	0.1262880400005544	0.003358249383266456	0.0017548141145945838	0.31577206022218746	0.28573152938031776	0.001869935626203121	0.0020316815629570642	0.0012934468754511336	0.002361254280611506	0.054188522988196874	0.0026626581395624493	0.00265645433812286	0.0015624390081769284	0.004956738832828602	0.0035175957237618626	0.001903103454369521
46	46	0.3801975137558396	0.0013423726332032575	0.001901197771811273	0.0017016260618313488	0.0018779725551496414	0.0019516087944039218	0.001019790452624403	0.04048157703775034	0.4010206133982911	0.001086692022114684	0.0011806888509985057	7.516720794479542E-4	0.0013722163228339632	8.426643052007646E-4	0.09349252977309297	0.0015437685104762444	0.01112412227056498	0.05396119514763022	0.0020442111249564065	0.0011059671317784764
47	47	0.09508432028258224	0.0017315459390271864	0.002452382594549572	0.0021949521498184146	0.028778288706488755	0.0025174085041170325	0.001315442503239045	0.22353089392146602	0.2800795266154856	0.001401739808547638	0.0015229876821331017	9.695927229553024E-4	0.0017700417473500397	0.001086964915361632	0.001995979892824745	0.0019913294036205498	0.0011712344133665844	0.3463419075507893	0.002636857594069039	0.0014266030522082302
48	48	0.0022007613389259657	0.011558501076903626	0.001901197771811273	0.17537580960473761	0.032526357886250745	0.0019516087944039218	0.001019790452624403	0.1528589899184544	0.11496901697468077	0.001086692022114684	0.0011806888509985057	0.03140005741054906	0.12396575764723838	0.06213943496740298	0.0015473737797896453	0.0015437685104762444	9.079938268646126E-4	0.2787160209090383	0.0020442111249564065	0.0011059671317784764
49	49	0.017904254777495115	0.22289935140909264	0.13531963778083525	0.002453621404426294	0.00270790026175386	0.002814078379748426	0.0014704638925757175	0.2646043298712847	0.15104607013275123	0.016297847598469632	0.0017024677170609437	0.001083856638431009	0.04617138592491182	0.07486964329755957	0.002231200797814407	0.002226002260865248	0.0013092612640665847	0.033615381455543616	0.01767852071965527	0.0015947244156587076
50	50	0.002135317311169085	0.0013024545056382283	0.0018446618641919314	0.0016510248170472732	0.051383784739194305	0.021718236791894576	9.894649495781145E-4	0.11857642851503862	0.5972544268996718	0.0010543770674666885	0.0011455787131701596	7.293196109810773E-4	0.0013314107336355372	8.17606001420217E-4	0.0015013595342630295	0.00149786147482325	8.809928194598733E-4	0.16139219776189445	0.0019834224300460074	0.03081007345941587
51	51	0.016230612224304188	0.0017546688463422797	0.0024851314891395568	0.0022242633416137826	0.0024547728814640797	0.002551025748801646	0.0013330088030380671	0.13303854050953234	0.5776056864794705	0.001420458514729429	0.0015433255214143266	9.825405761776547E-4	0.0017936787241956064	0.0011014801461887076	0.042084361747910165	0.0020179214357439407	0.0011868749714217398	0.20407392430756308	0.002672069951059702	0.0014456537798892832
52	52	0.0014090399934046638	8.594556314581588E-4	0.0012172440729812525	0.07303923666600173	0.0012023741011433712	0.001249519788518919	6.529220171330747E-4	0.13711347347795727	0.2175085833531942	6.95755824400587E-4	7.559374028425077E-4	4.8125891850894824E-4	0.24289142114422171	5.395167963200819E-4	0.007531595908301128	0.02061106374158456	5.813440981479494E-4	0.27656157567929357	0.01439058464892328	7.080967356630499E-4
53	53	0.0029556417267861596	0.001802818187240443	0.002553325236066092	0.0022852986840408737	0.016242483420584007	0.0026210276803200006	0.0013695874973093693	0.05436711202736573	0.7855404886221816	0.0014594368902787404	0.04274672501448845	0.0010095021770787443	0.0018428985234375597	0.0011317055321137812	0.002078136520115845	0.0020732946118950336	0.0012194436511025867	0.07247035704626761	0.002745393420183525	0.0014853235311438908
54	54	0.04725278456435771	0.0028025800274424028	0.003969284512886435	0.003552622496246847	0.025249833817281072	0.004074531686127722	0.023458137561743968	0.06318762737948774	0.368004355671137	0.0022687749152723274	0.06645213511383327	0.0015693266570996594	0.0028648871144876893	0.0017592984937116949	0.003230577518463072	0.0032230505058278565	0.0018956922252946773	0.3686076175481438	0.004267865068887259	0.0023090171222678625
55	55	0.006357499075878094	0.0038778092945047156	0.005492128048400919	0.004915610758985077	0.06444917972471421	0.005637754029682126	0.0029459427269442075	0.17596621498100898	0.125534843013389	0.003139206148418536	0.00341074161307551	0.0021714097144154222	0.003964020927675534	0.002434265563845193	0.09300622706075595	0.004459596188431857	0.0026229876966177386	0.48051441477024154	0.005905261105755577	0.0031948875572599023
56	56	0.0018120141777172825	0.001105253077705856	0.03521148534917845	0.0014010472170128188	0.001546243490880215	0.03525299166157836	0.09336648028075568	0.10903459340037193	0.16195288380575165	8.947364332767895E-4	9.721294624914306E-4	6.188951254562838E-4	0.0011298251145595314	6.93814291024055E-4	0.0012740423859750204	0.009682603757416858	0.16056667003518155	0.38089056686073874	0.0016831173263322271	9.106067465952216E-4
57	57	0.0031272707202622055	0.04545870509956713	0.002701592408068538	0.01693506881332765	0.0171856562874989	0.0027732262159440454	0.0014491170700279743	0.26076305114037157	0.3230581257801746	0.0015441838615541505	0.0016777528794965184	0.0010681222192150072	0.0019499124472800835	0.0011974217113203732	0.0747841442803919	0.002193687237359073	0.0012902546308443928	0.2363663198436806	0.002904813658817863	0.001571573694797422
58	58	0.010314870808647398	0.006291641007885415	0.1046759116701776	0.007975445897729062	0.00880197409229645	0.009147103880478406	0.004779712631559743	0.23761789753687187	0.15579435649656218	0.2445059823643099	0.00553383629012833	0.003523053705476701	0.006431517057845622	0.003949530232772282	0.007252472291706107	0.007235574554300259	0.004255726803947141	0.15714864687425165	0.009581126897574252	0.005183618905479628
59	59	0.002876702984053761	0.0017546688463422797	0.01583904072938998	0.22924072042587104	0.0024547728814640797	0.002551025748801646	0.0013330088030380671	0.18645417747053405	0.09686495383045511	0.001420458514729429	0.0015433255214143266	0.01433644981642808	0.015147587964446034	0.0011014801461887076	0.002022634027158891	0.0020179214357439407	0.0011868749714217398	0.4177364721515699	0.002672069951059702	0.0014456537798892832
60	60	0.0032696687177800475	0.0019943615551383386	0.048358880068437464	0.0025281039817086613	0.0027901017742427777	0.0028995030544843635	0.001515101561745917	0.31817097961412427	0.12527507034589064	0.001614497150474095	0.0017541481364923906	0.01629484925925268	0.13864151813772482	0.0012519454379589525	0.0022989315347389763	0.002293575190057389	0.1075956415389996	0.21677290654504275	0.0030370822358547303	0.0016431341598511498
61	61	0.0017249570137837086	0.001052151838456646	0.001490159052265202	0.041370748505609296	0.0014719551245295942	0.0015296712181030643	7.993118848146501E-4	0.36003297819958285	0.14616454923913416	8.517493433814741E-4	0.016940229583537157	5.891606702532825E-4	0.04111255711082157	6.60480388223565E-4	0.0012128317628915543	0.0012100059523510232	0.032741296703254735	0.2825168742403366	0.057654072234976664	0.008874259933693214
62	62	0.0014277170684440918	8.708478682980914E-4	0.0012333788590758873	0.0011039091470825065	0.0012183117831237507	0.14707303350730333	0.13984093903971165	0.05939987264614936	0.054701981032744554	7.049781912619064E-4	0.00739354617412596	0.03362558152546277	0.04728332940631758	5.466681871514761E-4	0.03414178329567482	0.0010015009865672632	5.890499172841417E-4	0.46579993165362116	0.0013261570271076723	7.174826834921082E-4
63	63	0.005686247314708414	0.05626049787876168	0.004912245836691856	0.05718872385570166	0.031248299446265698	0.005042496008202524	0.02903095966039121	0.0781987681955329	0.19146852722056562	0.02920381750877996	0.0030506210236194383	0.0019421430519077306	0.0035454827576722366	0.002177245464056959	0.003998048241102382	0.0039887330770318735	0.0023460415122979437	0.482571785639948	0.005281758550726459	0.002857557756035574
64	64	0.07089321370295866	0.04428029718710813	0.001605890134045443	0.0014373173296569719	0.0015862724241727615	0.5366642212298249	8.61389304650328E-4	0.1032279792730797	0.06259406167073833	9.178992438000268E-4	9.972958128335986E-4	6.349169951282258E-4	0.0011590738676890931	7.117756574819388E-4	0.04445345608917093	0.01856255193185971	7.669577305189442E-4	0.08872598779009216	0.018985262219640007	9.341804055500949E-4
65	65	0.0024793886172594488	0.0015123236527360287	0.059689603170488485	0.31267466383709824	0.002115733175790898	0.15182272343909708	0.0011489009714523452	0.252778480719533	0.04895787748012514	0.001224272610774193	0.0013301699034387255	8.468374851607172E-4	0.03607456831157849	0.02396843151732704	0.0017432789591480722	0.0017392172448950569	0.0010229503395259801	0.09532157214850127	0.0023030183713448763	0.0012459880447249537
66	66	0.002319229048157664	0.001414632995096257	0.01276960588499431	0.06638962121219559	0.0019790644376148038	0.0020566645399316503	0.011840752118908716	0.2364499018640757	0.37954342133509367	0.0119112550219654	0.0012442457215319825	7.921348355726526E-4	0.0014460831803896396	0.011654091212509097	0.012396735430703189	0.012392936088552735	9.568714342464608E-4	0.229123000246455	0.0021542516845010073	0.0011655017075045703
67	67	0.003658356823989966	0.0022314450895494034	0.0031603880526430246	0.053775883301023786	0.003121780445193781	0.03720901776849126	0.13755453517885335	0.05031068496014004	0.37792119861443196	0.0018064235791323334	0.0019626758425187693	0.0012495151712330482	0.002281054678595898	0.03536560359733796	0.0025722214064880155	0.002566228316114373	0.0015093710316958018	0.25952461471602273	0.0033981211803321538	0.01882088024621239
68	68	0.0021785054474594196	0.0013287974675986064	0.0018819713111690112	0.0016844178328976073	0.011971795597326	0.012044687166942616	0.0010094775008150508	0.1209747113972791	0.05312946883471751	0.0010757025071345867	0.0011687487635120505	7.440705590455686E-4	0.011471153984035956	8.341425972865237E-4	0.0015317254755905245	0.02175378592671292	8.988114536078855E-4	0.6601843734143278	0.09303887007135402	0.0010947826911873663
69	69	0.004151924805685554	0.002532500973953874	0.04213397552752781	0.08030466945418345	0.0035429561116916636	0.10004988482271472	0.0019239220545917606	0.3269287830058575	0.0434364862015838	0.0020501375969101993	0.02150107219477932	0.0014180937738229647	0.002588803651158927	0.001589758403033512	0.0029192531994911464	0.002912451550067047	0.0017130081424496348	0.35235923737256847	0.0038565794153340473	0.002086501742594649
70	70	0.021793881457566815	0.013293358767466868	0.018827338582050088	0.01685100334176046	0.018597341985055645	0.019326553027118033	0.010098865262192025	0.4008843101572537	0.2280025953057321	0.010761383659351765	0.011692223232842707	0.00744372045468877	0.013588897326130132	0.008344805795721118	0.015323461081763889	0.015287758522540813	0.008991756387608693	0.12969489979601773	0.020243583047165635	0.010952262809973023
71	71	0.13680327011268742	0.014789610695339704	0.020946475072900633	0.018747690753703774	0.020690590898682342	0.02150187927323817	0.011235556664432891	0.1083373376637997	0.36622208390900074	0.011972645713475397	0.013008257190797347	0.008281558451518588	0.12767476292439373	0.009284066668611214	0.017048213914086837	0.017008492805150183	0.01000383565705928	0.03173653526254387	0.02252212684420086	0.012185009524377302
72	72	0.025498470357520137	0.0015123236527360287	0.0021418988198367616	0.01342660121370929	0.03664435578618193	0.025217773867663284	0.0011489009714523452	0.3103261850701847	0.3021677766229927	0.001224272610774193	0.0013301699034387255	8.468374851607172E-4	0.0015459457011874555	9.493497770663547E-4	0.0017432789591480722	0.22042049377737158	0.0010229503395259801	0.049283408667979894	0.0023030183713448763	0.0012459880447249537
73	73	0.04976937355540585	0.16920760973413412	0.001490159052265202	0.0093411374778612	0.009479357881466617	0.025551879488914134	7.993118848146501E-4	0.33601076992877177	0.20221636853769334	8.517493433814741E-4	9.254240696631092E-4	5.891606702532825E-4	0.009082946083073471	6.60480388223565E-4	0.0012128317628915543	0.17737286660496554	7.116856755066402E-4	0.0022577777475408204	0.0016022529364175004	8.668571767561894E-4
74	74	0.06369244708195293	0.0016046686497739812	0.0022726867234813155	0.0020341192359854057	0.026669588510826146	0.05118227822309971	0.0012190547752454187	0.36591221568723675	0.1618583200608534	0.0012990287321977087	0.0014113922896460667	8.98546790187664E-4	0.0016403437164130424	0.0010073186531019632	0.11176071964231307	0.001845416741965426	0.001085413388293748	0.08892973327697669	0.06350530737554153	0.05017140044490805
75	75	0.002876702984053761	0.0017546688463422797	0.0024851314891395568	0.0022242633416137826	0.0024547728814640797	0.002551025748801646	0.0013330088030380671	0.01285335734727851	0.6176674142002218	0.001420458514729429	0.02825114400191518	9.825405761776547E-4	0.0017936787241956064	0.0011014801461887076	0.002022634027158891	0.06878746763699607	0.0011868749714217398	0.23078174278806393	0.016025979191310127	0.0014456537798892832
76	76	0.005269004412001614	0.0032138729456007245	0.004551797266963087	0.0040739879735173425	0.05341455944647561	0.004672489999862425	0.0024415552468844332	0.12137910146608061	0.22633740296406277	0.0026017292096759442	0.0028267739236769282	0.2708506539249046	0.0032853239155688427	0.002017484523835715	0.052623048629212583	0.12599196805469615	0.002173894731427221	0.03135572709110344	0.07827174710858102	0.0026478771658690957
77	77	0.08991086150351356	0.1947639262536437	0.025298322982464358	0.003552622496246847	0.025249833817281072	0.06806164709486148	0.002129099092166046	0.1058457043186436	0.1760430094449357	0.0022687749152723274	0.0024650197050994985	0.0015693266570996594	0.0028648871144876893	0.0017592984937116949	0.003230577518463072	0.0032230505058278565	0.0018956922252946773	0.2832914636698321	0.004267865068887259	0.0023090171222678625
78	78	0.00407341542002425	0.0024846135229625874	0.02242810366698724	0.0031495599803482957	0.0980217319463612	0.24943125836016553	0.0018875423161245815	0.37747429837447566	0.11825175510358324	0.002011371229312656	0.0021853510813922097	0.0013912788202283081	0.002539851564172209	0.05828715949902295	0.0028640525910966974	0.0028573795551091992	0.0016806166076336936	0.005331649785084781	0.04160196281614949	0.0020470477597652804
79	79	0.11123989997309149	0.0028025800274424028	0.025298322982464358	0.003552622496246847	0.06790791075643691	0.06806164709486148	0.002129099092166046	0.25514897360568906	0.21870108638409155	0.0022687749152723274	0.0024650197050994985	0.0015693266570996594	0.0028648871144876893	0.0017592984937116949	0.003230577518463072	0.02455208897540578	0.0018956922252946773	0.006013963565319122	0.19622921129508855	0.0023090171222678625
80	80	0.1517967851182392	0.0017784176745596059	0.0025187668733638066	0.0022543679668370524	0.137834494615236	0.1108627507828842	0.0013510506102665516	0.13483917055515654	0.2876610831908437	0.0014396839231741443	0.001564213891757191	9.958389187160986E-4	0.0018179555374454638	0.0011163882941456062	0.00205000967023687	0.0020452332955478245	0.0012029389084264321	0.11209344532105443	0.043312184654686635	0.001465220197422647
81	81	0.0031733382840946445	0.0019356040080855562	0.0027413893402310004	0.002453621404426294	0.00270790026175386	0.12066141032695221	0.0014704638925757175	0.22041158039108327	0.3572789010403578	0.0015669311050691614	0.0017024677170609437	0.001083856638431009	0.09036413540511325	0.0012150608305572185	0.002231200797814407	0.14953516719486998	0.0013092612640665847	0.033615381455543616	0.0029476042262547983	0.0015947244156587076
82	82	0.002876702984053761	0.0017546688463422797	0.0024851314891395568	0.0022242633416137826	0.04251650060221536	0.30969093827456146	0.0013330088030380671	0.40011672531454084	0.19034231851220812	0.001420458514729429	0.0015433255214143266	9.825405761776547E-4	0.0017936787241956064	0.014455389386439135	0.002022634027158891	0.0020179214357439407	0.014540784211672165	0.003765285703806678	0.002672069951059702	0.0014456537798892832
83	83	0.051064107548858574	0.01324800215038599	0.007372357982399964	0.019682218707466326	0.026005152017683063	0.00740302878371388	6.204553834786183E-4	0.3727055076207189	0.3061432047902131	6.611592740147479E-4	0.006933989847444203	4.5732825513696186E-4	0.16865719778475496	0.0067283307842039165	9.414447737311258E-4	9.392512753034505E-4	5.524366859816003E-4	0.0017525704105910667	0.007459369392086997	6.728865318325316E-4
84	84	0.03263517127089559	0.0019356040080855562	0.07639597180723337	0.002453621404426294	0.00270790026175386	0.002814078379748426	0.01620138038597619	0.3087970793514861	0.1657769866261517	0.0015669311050691614	0.0017024677170609437	0.001083856638431009	0.23767330033911796	0.0012150608305572185	0.002231200797814407	0.002226002260865248	0.0013092612640665847	0.09253904742914551	0.047140353706456216	0.0015947244156587076
85	85	0.26256943792563	0.001105253077705856	0.00156536615589939	0.06028175580525118	0.00995777328919998	0.07731064065317719	8.396524992382675E-4	0.08380000400541263	0.26289124138558884	8.947364332767895E-4	9.721294624914306E-4	6.188951254562838E-4	0.0011298251145595314	6.93814291024055E-4	0.0012740423859750204	0.0012710739590970927	7.476038671060089E-4	0.19583691129770395	0.0016831173263322271	0.03455672593987428
86	86	0.0037869809924801663	0.00230990046801131	0.0032715041369768163	0.07324608972059193	0.0032315391246476033	0.003358249383266456	0.03691381436485367	0.12239755884576248	0.02203902750337461	0.001869935626203121	0.0020316815629570642	0.0012934468754511336	0.002361254280611506	0.0014500226128082454	0.0026626581395624493	0.09055395496377057	0.0015624390081769284	0.14559273983386495	0.0035175957237618626	0.4765496068328672
87	87	0.0631906406155134	0.0025822706290950822	0.0036572610650845256	0.0032733526388156716	0.003612583608649357	0.003754234811273774	0.001961731689478535	0.0975252270413652	0.45698996068219844	0.0020904276667817	0.0022712457529457195	0.001445962682386847	0.0026396797875441074	0.0016210009290149676	0.002976623453837666	0.16018867648950919	0.0017466728183493222	0.0055412089314515285	0.04323711744301979	0.13969412126368522
88	88	0.18138549290057843	0.001566409619335345	0.12143012239070235	0.0019856211053736173	0.03795488571112177	0.0022773250237073895	0.0011899896758811054	0.24989755833231744	0.2056838902140579	0.0012680568678113662	0.0013777414168767688	0.06048293424678891	0.0016012341094640242	9.833018350405758E-4	0.001805624692739684	0.00180141771742365	0.09642883205122631	0.0033613064700404034	0.002385382337870706	0.025132873281642244
89	89	0.002114359083051722	0.0012896708605570632	0.09997697186487964	0.07034011074334158	0.060694492300676285	0.0018749883088301409	9.797533099923147E-4	0.402048800700304	0.1595305219802206	0.020674111399450783	0.001134334810509215	7.221613087009169E-4	0.0013183428819736399	0.03025470579460564	0.0800069559748773	0.0014831599022216736	0.02050242892504112	0.0027674619424594947	0.00196395505649709	0.0403227128518098
90	90	0.00407341542002425	0.0024846135229625874	0.02242810366698724	0.0031495599803482957	0.0034759618088630144	0.0036122560026702203	0.0018875423161245815	0.28292852823697745	0.19388837121358182	0.002011371229312656	0.0021853510813922097	0.020300432847727944	0.002539851564172209	0.0015596974165240397	0.0028640525910966974	0.11631230372010702	0.039498924662632974	0.15660488200508188	0.0037836547611502114	0.13441112595226273
91	91	0.02738994446932169	0.013987825197645621	0.027027419710747545	0.0020592676979731086	0.002272678062028277	0.0023617909007993066	0.0012341263365058554	0.32098283451480497	0.26276596602371644	0.0013150890368812647	0.0014288417806680156	9.096558094611874E-4	0.0016606238066207318	0.0010197724534539206	0.0018725952269336987	0.07604813733414487	0.0010988326986535093	0.0034859771675522133	0.24974020645242567	0.0013384153196621116
92	92	0.002765896395743671	0.001687081448701663	0.002389407688893246	0.04065719364083603	0.002360218452460129	0.0024527637935414705	0.10399794535472298	0.02519779921616863	0.3242454857886165	0.0013657444331138888	0.014323414048040568	9.446944830196266E-4	0.01456412399448761	0.001059052666616771	0.0019447249843443457	0.22021229357407446	0.0011411582022374028	0.016459787422014895	0.22084124520057968	0.0013899692117864664
93	93	0.14760157746442895	0.0026879185894475616	0.0038068899101983	0.0034072747095346767	0.003760384573256367	0.04482064605730823	0.04295480658702598	0.12197166607250363	0.3324918541074029	0.0021759529470414506	0.002364168810101055	0.042417936017999494	0.002747676518171613	0.0016873206400283402	0.02355481296432154	0.003091186436966466	0.0018181341201131847	0.026224322852958285	0.08591888455914835	0.10449658606204369
