0	0	0.0072619933262644595	0.08348415178896182	0.009149588695602699	0.004457490071223079	0.006266018157884605	0.008310860665344397	0.043809956094101626	0.009835570937827665	0.011262244727355531	0.005424934114419516	0.47955768250339254	0.088291015394217	0.07422145339799593	0.007793764911542315	0.16087327521386682
1	1	0.00219294915968116	0.0015484033598239153	0.05008660539796086	0.0013460559197462124	0.0018921883615869801	0.0025096821345702365	0.03689138780673177	0.0029701083509792447	0.0034009298826610454	0.001638200997034171	0.09749135998378272	0.5945455537567245	0.19987679015918122	0.002353531523046846	0.001256253206489106
2	2	0.0029645667806168343	0.0020932291764560926	0.08370399921523745	0.0018196831636135373	0.002557979392575678	0.0033927463631378556	0.0018907862461555126	0.004015179518993461	0.00459759119760439	0.018208394984375875	0.11580118848612651	0.7077814923489617	0.030299457086665222	0.01917542383920198	0.001698282200277942
3	3	0.001790473427509836	0.010923786462286039	0.22442584500321894	0.0010990119609513953	0.0015449117761386871	0.002049075854589124	0.0011419552269752277	0.07970151313588358	0.01243631560517749	0.2814649019665029	0.031300781780031796	0.19564065832819688	0.11489523780466122	0.021240712303583167	0.020344819364293592
4	4	0.006734315375956842	0.6587216477053325	0.044816233831173086	0.004133595636372439	0.005810710714102682	0.007706968906683558	0.004295113530039426	0.009120889213485212	0.010443896658637227	0.0050307423291286206	0.0813967869214229	0.11820700999232304	0.03249682133921393	0.007227446862360414	0.003857820983768133
5	5	0.0026660818494557564	0.2320177086367759	0.0033590711606836287	0.0016364698835560892	0.0023004313731158016	0.0030511505282019014	0.0017004140115969735	0.061144723144509146	0.004134686566446717	0.16020961949542198	0.07537493819539053	0.36323351276578486	0.0847825901702761	0.0028613101439294015	0.0015272920748551058
6	6	0.004071614936830467	0.0028748966752216755	0.005129941646205593	0.002499201299060028	0.003513196994249728	0.004659688174120024	0.002596856165472705	0.04944709811112228	0.028280725979609837	0.0030416225654883336	0.2688757942107628	0.5547267787132928	0.06358035280621131	0.004369765738177056	0.002332465984175345
7	7	0.0027049889282876652	0.4251172401459971	0.0034080912785308688	0.03084706142727816	0.002334002384748278	0.0030956770509540086	0.01631858373577883	0.003663609878845389	0.077161800409735	0.031207420533657337	0.10566162138278752	0.06207385380091851	0.23195340239365678	0.0029030662585644894	0.0015495803902599264
8	8	0.00138819318908918	9.801791293615229E-4	0.06166319398120082	8.520879983357864E-4	0.008687075187538622	0.0015886933039960384	8.853828512476437E-4	0.06928359676834268	0.017131418668312463	0.5702216432722264	0.13660725008955274	0.046834680806803614	0.08159151822861739	0.0014898459529610526	7.952405724139883E-4
9	9	0.01704953400522414	0.0018824741444817897	0.07527633193952554	0.0016364698835560892	0.0023004313731158016	0.0030511505282019014	0.0017004140115969735	0.21936269685796136	0.004134686566446717	0.10267581087234845	0.0897583903511589	0.0899479218061856	0.04163223370297096	0.06039511876700294	0.28919633519022275
10	10	0.10654571500797234	9.18283650723045E-4	0.0016385776864522017	0.2814521003202364	0.0011221660205718914	0.043586444796629695	8.29473483546691E-4	0.0017614285853076324	0.002016928140002378	0.08516768408043131	0.30338953414368297	0.05790989705855593	0.08345559518755563	0.029461148409282625	7.450234290492206E-4
11	11	0.033868732638396994	0.2035027096053604	0.003619366052969095	0.0017632801628542363	0.0024786921207545685	0.17376589114995314	0.0018321793302868141	0.0038907247908369414	0.004455084004596965	0.00214597869112526	0.20519997559846434	0.23640024960729197	0.10685043276342375	0.018581061333140934	0.0016456421505444665
12	12	0.03644524757036043	0.09626261104484095	0.007180382761198135	0.06499054456121482	0.004917424188024157	0.0680145794885809	0.0036348213156894853	0.007718725546915644	0.03958455111245926	0.03500356655770778	0.5300766564742114	0.007796308698211234	0.08899346244577509	0.006116364033124772	0.0032647542016859964
13	13	0.004071614936830467	0.04680744034605303	0.09299502898786832	0.002499201299060028	0.003513196994249728	0.004659688174120024	0.002596856165472705	0.005514554440290928	0.05024699781502552	0.0030416225654883336	0.3787071533878412	0.29113151668830467	0.10751289647704267	0.004369765738177056	0.002332465984175345
14	14	0.001577184603655839	0.25637989621434104	0.0019871390363713163	9.680929732963772E-4	0.0013608753025289718	0.0018049812077220245	0.0095147964386795	0.027662750363750332	0.010954848699413626	0.009687081571043747	0.37643600643415587	0.05321084850883888	0.16927943378472327	0.02721930393194736	0.0519567609295318
15	15	8.146714265640876E-4	0.11924384845925425	0.02300209828149268	0.013685456701932247	7.029400499581825E-4	9.323363999418964E-4	5.195934659170554E-4	0.11098173753037001	0.01005369958250398	0.04895506088467186	0.3438770250582776	0.0011144732315663908	0.25445389200126056	0.07119647412251937	4.6669280376978266E-4
16	16	0.0036686789422219084	0.16092991956091401	0.004622271306164353	0.002251874826201653	0.003165523270900099	0.0041985551548796626	0.002339865551644018	0.1435159098462518	0.04527444408516519	0.022533058012928157	0.3808143404526368	0.024811206167155146	0.03749585973282624	0.16227685308427725	0.002101640005833706
17	17	0.0035289845060850296	0.1738408895432416	0.004446266375246295	0.002166128869945652	0.003044987787863598	0.004038684311944771	0.0022507691210157618	0.004779621226386957	0.06258929532479958	0.002636260813828982	0.23304230054960062	0.4617586887255097	0.01702931517174527	0.022826193043989154	0.002021614628797078
18	18	0.002390959802097121	0.4402601598753433	0.06750831140216726	0.001467596994339801	0.04076056656785492	0.01563546677736733	0.10471834124832981	0.10643169071726781	0.0037080142069393454	0.09208034498026602	0.028899217616658594	0.003270840992210614	0.08893276137903837	0.002566041825334237	0.0013696856147854231
19	19	0.025478225152658917	0.02430722930417604	0.2844433162990181	0.002445483151387716	0.003437683895320879	0.0045595322492897805	0.0025410390117952147	0.005396023912205029	0.1781317386341663	0.002976245546759274	0.30608479604693933	0.13441501703738956	0.019225496649799577	0.004275841442721109	0.002282331666373214
20	20	0.0035289845060850296	0.0024917547412649874	0.5946488418042768	0.002166128869945652	0.041122573299413955	0.004038684311944771	0.0022507691210157618	0.08093479224948766	0.005472917057474052	0.002636260813828982	0.11880954401494956	0.02386645534268059	0.11222327895062116	0.003787400288213977	0.002021614628797078
21	21	0.0016044894057571058	0.0011329021357874957	0.279019447775387	0.009641037539188062	0.001384435278155112	0.010492414291678688	0.09624136593667496	0.331108118513479	0.002488318501303414	0.0011986033203908013	0.08864272972454573	0.028163500613001605	0.1462415080857461	0.0017219808212029354	9.191480577019969E-4
22	22	0.003819888790191271	0.0026971572098579053	0.3757606527533855	0.0023446890668257624	0.0032959948384792418	0.004371604608554624	0.0024363064558237	0.04639004884120962	0.00592406526054269	0.023461790216012718	0.2934690735471231	0.19069955458211185	0.018433090317347103	0.004099606524191175	0.022796476988343754
23	23	0.001431063685940657	0.2866710467690831	0.23341973789781875	8.784023731194598E-4	0.001234794723476571	0.017078869070622657	9.12725445228866E-4	0.0019382183055322022	0.002219361644578328	0.0551129457611827	0.17942876961321633	0.0019576999004053447	0.1999195963444169	0.01697696909327843	8.197993720996496E-4
24	24	0.0011130960135940387	0.09086286055319853	0.08547421541208257	6.832303757383995E-4	9.604360014245514E-4	0.0012738631750972588	0.07277146542708351	0.01952295063213575	0.013736498620498618	0.09691356817647906	0.373761536632143	0.013532975431970802	0.15549951264679607	0.07325614254131381	6.376483604440061E-4
25	25	0.0022736471154121743	0.0506704848354687	0.0028646316528172663	0.0013955891980457166	0.014228094185129301	0.002602035492102663	0.013716396562832746	0.02761195587748113	0.15072138625846987	0.0016984848713563596	0.43226836645939215	0.02764290786964061	0.24403084802571925	0.02697268974581107	0.0013024818503209322
26	26	0.0019203195798432999	0.0013559043428974576	0.02313962706488701	0.05297911959843128	0.0016569496577090708	0.06435816399940983	0.011584851803059192	0.002600861581976118	0.04441844829185666	0.0014345382502077351	0.2096921149540592	0.044067328928289656	0.5272706778456692	0.012421019519942077	0.0011000745817621718
27	27	0.010350267817418725	0.044801636283833914	0.002039192749795396	0.009725220845940487	0.01012829222814305	0.01058403162303951	0.0010322710529875653	0.028387384550689752	0.002510045922116942	0.29808919422814895	0.15927088456362687	0.31655777437655835	0.1038596131531584	0.0017370167588915805	9.271738456504316E-4
28	28	0.057709696497061105	0.015593079367135304	0.030797070885367903	0.001568776613467399	0.0022052730546978467	0.016713412957086716	0.0016300756655594055	0.29301951334007126	0.031540602631251365	0.0019092605103588343	0.22393024213682863	0.03107328965776758	0.06748704784314974	0.22335854384911594	0.0014641149910808423
29	29	0.0014766664335909892	0.0010426485525291086	0.0018604933798403828	9.063938330037133E-4	0.0012741430996025787	0.2805203323510041	0.04077472314072055	0.18523137964186626	0.002290084555107643	0.0011031155980594507	0.30464524345088617	0.07371932708492725	0.10272472771094827	0.0015847977984983716	8.459233694151063E-4
30	30	0.013390188443407206	0.012774766647592011	0.013934441293002092	0.0012852339610022444	0.13736262978561103	0.0023962813604938636	0.0013354537455461763	0.24005879903361774	0.0032472577996666492	0.001564178371380754	0.4093833769306746	0.0028644075590509347	0.15695630959414847	0.0022471864633078925	0.0011994890114982587
31	31	0.002390959802097121	0.0016882152394765856	0.003012437191010387	0.001467596994339801	0.3761391124658706	0.04143381646183008	0.0015249425104788181	0.003238291979416814	0.0037080142069393454	0.04048364561134052	0.05469756730112134	0.15806093909898708	0.2953195588547403	0.002566041825334237	0.014268860457016795
32	32	0.0017079816358889224	0.05649311335133713	0.0021519338790228445	0.0471209918960819	0.0014737336517656415	0.057241806720259206	0.14852170809004875	0.2787489589358496	0.0026488191752587114	0.001275915224243548	0.3523669729592739	0.011551047438370172	0.008241962393134045	0.029476620016251398	9.784346332141743E-4
33	33	0.0012737221774856752	8.993531338354431E-4	0.035963312023117276	7.818244529507952E-4	0.08355946554996957	0.0014576889660800293	8.123737978714263E-4	0.19413279378560355	0.008847051706629548	0.007823212706712195	0.1322142598407196	0.0017424561915067613	0.5215241256080863	0.00823869536904045	7.29664690391323E-4
34	34	0.013859885911048541	0.0015302985327940236	0.0027306519368742385	0.0013303170559385684	0.0018700638016154736	0.002480337480505697	0.0013822984367233204	0.03801311406874728	0.003361164244802077	0.0016190462041287405	0.1898920584981472	0.0029648844853066925	0.46646900875352143	0.27125530622193755	0.0012415643679090742
35	35	0.0016770747486768722	0.09166196228935909	0.21021195390139372	0.010077187515232369	0.001447065613422233	0.0019192987290709309	0.001069630102214516	0.2737048399281983	0.12022203887695546	0.0012528268214766708	0.2012262003873526	0.020389805636030416	0.06237950479471618	0.0017998813470398742	9.607293088607449E-4
36	36	0.01569504079507166	0.09441827480512244	0.0030922111351737902	0.0015064612073531763	0.002117674549712162	0.002808753130575884	0.01480609004104881	0.28138010603604474	0.0038062080943286687	0.0018334203027349516	0.413646689995698	0.13576510507006984	0.025084013314868193	0.002633994537479087	0.001405956984718504
37	37	0.001807937314128635	0.17684462042907445	0.031539215378766854	0.0011097314834999385	0.001559980508061761	0.0020690620927806794	0.010906875122895024	0.012202433682398425	0.27590971759212896	0.0013505852142105437	0.3242195281908445	0.04148839033862079	0.11601590085122271	0.001940326542323054	0.001035695259043589
38	38	0.02173958670016463	0.0013019510671107007	0.02221886986901676	0.11055804619340713	0.0015910173798788264	0.0021102274885169197	0.0011760351893375408	0.022393049011522885	0.022755298647154764	0.0013774560244257039	0.22124386008047653	0.0423138300451951	0.5261855405272392	0.0019789306568399425	0.0010563011197132312
39	39	0.001357688887764224	9.586405713643504E-4	0.0017105902390057587	8.333641281562565E-4	0.02314558707327972	0.0015537831923207088	0.05946353766937324	0.009163541503792134	0.19254780203368416	0.0010142356833849015	0.3313723629929623	0.009182024220623707	0.3288384615620295	0.03808061436878267	7.777658734762539E-4
40	40	0.002301882642097001	0.0016253194020519675	0.027737417482150462	0.34913387585290084	0.001986181725137809	0.002634349144504615	0.13807279057526836	0.06521067451415971	0.1029187135046869	0.0017195776850053512	0.16442721470721525	0.015567588689315707	0.1228753153752726	0.0024704418415780007	0.0013186568586553158
41	41	0.004573981546986915	0.0032296090239305225	0.030439415902779973	0.2495728443633309	0.22603542102649385	0.00523461281427792	0.0029172631413661412	0.006194954739354743	0.007093548182462063	0.0034169059951117665	0.22802081470413574	0.00625722202789757	0.21948423574895545	0.004908918982067714	0.0026202518008487507
42	42	0.001431063685940657	0.0010104492434994167	0.0635674907204447	8.784023731194598E-4	0.008955351413357212	0.0247994257605033	0.016353838824990148	0.2721577024513546	0.033101588404100886	0.0010690489320182124	0.14082598616381312	0.0019576999004053447	0.23852237979382007	0.040138639162920355	0.15523093316971245
43	43	0.0036686789422219084	0.0025903905592948497	0.004622271306164353	0.3783082562050472	0.003165523270900099	0.0041985551548796626	0.101302071177656	0.04455370422023981	0.005689561834760394	0.0027406168877257588	0.12351260582500562	0.044603647292357544	0.2552127121100526	0.023729765207860472	0.002101640005833706
44	44	0.013543176613731127	0.001495330007358997	0.002668254391779263	0.0012999182645848956	0.013252724746926464	0.0024236598176733647	0.04705228532771657	0.002868304382155227	0.15181447286524707	0.0015820497245815834	0.16270208881519987	0.014322527916646373	0.5814891520284592	0.0022728614526369207	0.0012131936453029547
45	45	0.0032792524731633486	0.002315423285004593	0.004131621995570796	0.002012840646285529	0.14436145828892752	0.0037528828747857936	0.0020914912473783457	0.004441386665310515	0.128926078769845	0.020141197248532184	0.2165508346979807	0.022177522336291663	0.4404200751642121	0.0035193812102517663	0.0018785530964601778
46	46	0.022408330122983728	0.0013420011023285272	0.0023946555726417854	0.001166626587726264	0.011893810150070789	0.002175141360756591	0.0012122118567563073	0.0025741927358660516	0.4028477593904035	0.001419828709300631	0.2895727681868516	0.10513857276051372	0.07069469639475118	0.08407061048770459	0.0010887945813446486
47	47	0.01569504079507166	0.0017329217610438086	0.0030922111351737902	0.0015064612073531763	0.015358439270294824	0.01604951785115855	0.0015653253204661475	0.00332404690380883	0.12297309057957263	0.0018334203027349516	0.33420210167220205	0.44030269364347113	0.038324778035450854	0.002633994537479087	0.001405956984718504
48	48	0.0019006289097546298	0.0013420011023285272	0.1356947134586309	0.001166626587726264	0.0016399595434562408	0.002175141360756591	0.0012122118567563073	0.09485884819539699	0.023455286945665232	0.001419828709300631	0.10500345726778977	0.26920018246634647	0.15272550124766757	0.0020398056347882016	0.2061658067136356
49	49	0.002745048393934611	0.016747705954892313	0.0034585633207881317	0.0016849404028968656	0.002368567734489247	0.003141522402548565	0.016560253392069832	0.04814629072704098	0.1375424257692426	0.00205063623841811	0.07760746470646229	0.1074215596905686	0.1909600857754809	0.017755534048676285	0.37180940144249053
50	50	0.001843907455025856	0.0013019510671107007	0.002323190623877988	0.0011318103451438853	0.051330215492725755	0.0021102274885169197	0.0011760351893375408	0.0024973697663841156	0.002859619402015993	0.0013774560244257039	0.6390531242283908	0.13184438664831957	0.13821979524703323	0.021874609901978714	0.0010563011197132312
51	51	0.00248720861861914	0.05542991510779869	0.0031337037694896047	0.0015266755592377068	0.0021460904281402618	0.002846442202064153	0.001586329536629976	0.01678708547349029	0.017275716512634612	0.0018580219340088445	0.4997077916170371	0.1912606005647963	0.14618651707806424	0.05634307887077085	0.0014248227272181382
52	52	0.001215265571046576	0.11231569932416652	0.06709445381273635	7.459431554759992E-4	0.05349923846375062	0.0013907893299529698	0.02044408246845402	0.021314935512049733	0.0018846916617722025	9.078410511072943E-4	0.2966109744072895	0.32292269017739916	0.09109663174417354	0.0013042554213830897	0.007252507899242403
53	53	0.01634427280738653	0.0018046048039104428	0.017008596322143042	0.001568776613467399	0.029782222181147566	0.0029249383938618556	0.0016300756655594055	0.003461547512349233	0.003963653504801643	0.015697735073583696	0.7616807501025982	0.07243871334744216	0.06748704784314974	0.002742950837518198	0.0014641149910808423
54	54	0.003984099132271742	0.0028131032837888687	0.005019678033984818	0.002445483151387716	0.003437683895320879	0.0045595322492897805	0.0025410390117952147	0.005396023912205029	0.006178730471068895	0.04596449758753362	0.30608479604693933	0.30636802520048695	0.019225496649799577	0.004275841442721109	0.28170596993140645
55	55	0.12484534324331416	0.0039039627625524977	0.006966198588444805	0.03322286220177183	0.09425796565536505	0.006327618405787797	0.003526397959651399	0.007488483107068292	0.008574706025870826	0.004130368000961373	0.03699976740523752	0.5444870941052918	0.11616794437915445	0.00593391855434441	0.003167369605183735
56	56	0.0015638777620370114	0.0011042269586605856	0.0019703733740827735	9.599250899439186E-4	0.0013493934810150214	0.0017897524266393009	9.974336157517064E-4	0.018992271698817148	0.027736593042911685	0.0686649505256126	0.07796198514011626	0.5505499585655297	0.10035452333775377	0.1451088517161459	8.958832649825982E-4
57	57	0.0027049889282876652	0.0019099457579108126	0.06178151119412899	0.0016603514694791017	0.002334002384748278	0.0030956770509540086	0.0017252287568793026	0.003663609878845389	0.018788380494136888	0.0020207105758582797	0.3537486560240795	0.32475424342111003	0.21736004741475726	0.0029030662585644894	0.0015495803902599264
58	58	0.05775375237912449	0.006376710681194727	0.011378549347949183	0.005543393526288378	0.007792502941569559	0.010335496091753207	0.005759998469029961	0.060954287488207894	0.2576190841101097	0.0067465197162318285	0.15788049380007357	0.2072451560028652	0.18974806287615759	0.009692428982618592	0.005173563586826105
59	59	0.01590564368077827	0.27012487610234476	0.13731805439108088	0.0015266755592377068	0.0021460904281402618	0.002846442202064153	0.001586329536629976	0.0033686504113311596	0.0038572814504754826	0.0018580219340088445	0.08373630469010412	0.40595556155934237	0.052257471642950346	0.01608777368429346	0.0014248227272181382
60	60	0.002828835531554355	0.0019973916960687238	0.01882563372435726	0.0017363698544615544	0.002440863549444582	0.003237411120015058	0.0018042175169304467	0.18696940219490854	0.0043870927193749125	0.00211322782736642	0.23259132450450368	0.24805393074346507	0.273096285462997	0.003035981736118383	0.016882031818433903
61	61	0.05770243512264795	0.0010510216028342728	0.03399766859965935	0.008944231286473201	0.001284375180434679	0.04988686778418721	9.493739211183068E-4	0.01807716039333762	0.002308475213337095	0.0011119742325173976	0.1625416600479104	0.30719753399694444	0.352496981401894	0.0015975246100957722	8.527166066082581E-4
62	62	0.0012314126683356783	0.040730142521909526	0.0015514912949695227	7.558544184876206E-4	0.007705969544295451	0.014696156391242011	7.853889991124793E-4	0.14118013486423492	0.061700728446210246	0.10721500582936676	0.054744586853422005	0.4932994252235669	0.025872583471525573	0.04782569221511112	7.054272582100901E-4
63	63	0.0049396627315165895	0.05678655084585946	0.006223619364247298	0.0030320184268541736	0.0042621928964826535	0.03230248056127292	0.05644923349999866	0.0066902296686310245	0.007660663960091251	0.0036900811749596423	0.1130037964105406	0.6196929929422328	0.07713536375274262	0.005301377781842548	0.0028297359827277914
64	64	0.0016044894057571058	0.0011329021357874957	0.0626148332016104	0.08754669878574764	0.001384435278155112	0.001836229708727624	0.018335704690115397	0.11470350393970241	0.037113056833107665	0.2522279562259716	0.08864272972454573	0.14069390019136543	0.15489769266869716	0.0017219808212029354	0.03554388638950625
65	65	0.036814584472139256	0.0015126121967296217	0.49966908535024385	0.0013149419941324405	0.0018484506482676388	0.0024516711246978136	0.0013663226031396937	0.014458896334991414	0.003322317785024923	0.013157775864211562	0.02589320841367018	0.002930618005743699	0.3917331702305378	0.0022991299163501846	0.0012272150601198718
66	66	0.002003338582449132	0.12030215963799397	0.13221966638379565	0.0012296708960428924	0.0017285826866043478	0.0022926856410108703	0.0012777195854901128	0.013521268688183229	0.013914839780681091	0.0663443580280445	0.3484531008088369	0.002740573869541599	0.21501859714456115	0.07780580540588646	0.0011476328608780758
67	67	0.0031671879016198024	0.002236296435059525	0.055251153119960636	0.001944054199844634	0.0027328112281797766	0.003624632544914034	0.0020200170097456347	0.0042896075333953955	0.05617255008680329	0.0023659875356994123	0.44836718019689337	0.22646252942406253	0.1007179858000622	0.08883365121568447	0.0018143557680752932
68	68	0.0018813379514598068	0.2753723406388171	0.0023703503542242344	0.0011547855888158745	0.02192286695406962	0.0021530641624879837	0.0011999081775619321	0.0025480652554012617	0.0029176683965779866	0.0014054177654933798	0.18513590619664555	0.3882651766288184	0.10042648998929789	0.0020191020638658146	0.011227519876463147
69	69	0.003597476108151988	0.021948418895712578	0.14039068481877862	0.021616473178680498	0.003104085834767881	0.004117068322498182	0.04111105957580011	0.004872385565392699	0.005579137092331	0.041504033008354244	0.1405237391170407	0.41249573119708743	0.1532179492442986	0.0038609073021896242	0.0020608507389158837
70	70	0.019461464211458335	0.013741402275142704	0.0245200435953349	0.011945657286724925	0.01679234373391359	0.022272330769025368	0.012412427037118976	0.026358411968447196	0.030181764545198254	0.014538317012142352	0.3402223317270702	0.13161751367994118	0.30390073223702224	0.02088656241942914	0.011148697502030628
71	71	0.02174451100179102	0.015353422009015748	0.027396518161734038	0.013347016106932008	0.018762272925639183	0.024885123553933765	0.013868543154561389	0.02945054764688188	0.2683447265389785	0.01624382373202566	0.2628230532597888	0.14705771586070204	0.1049293728738348	0.023336789122550765	0.012456564051630483
72	72	0.0021422593955872818	0.0015126121967296217	0.0026990925863321653	0.0013149419941324405	0.0018484506482676388	0.0024516711246978136	0.0013663226031396937	0.002901454642807422	0.07266696793812888	0.013157775864211562	0.37261645917918995	0.1531773600041356	0.3686182868461698	0.0022991299163501846	0.0012272150601198718
73	73	0.0014885248899254976	0.0010510216028342728	0.04202822720433399	9.136726817985653E-4	0.14583443006457814	0.0017035161561393876	9.493739211183068E-4	0.0020160431839883496	0.05049182684138492	0.0011119742325173976	0.0742055153964894	0.002036307019308199	0.5532609465187599	0.057811434842818234	0.06509718544400535
74	74	0.0022736471154121743	0.0997355868844664	0.015130907165066694	0.0013955891980457166	0.0019618186728798735	0.002602035492102663	0.2099768047588236	0.0030794048529822773	0.10165628420947215	0.09982868896935178	0.23600795826340132	0.0031103568451417555	0.2194982970012204	0.0024401387213122162	0.0013024818503209322
75	75	0.00248720861861914	0.06884835016995781	0.0031337037694896047	0.0015266755592377068	0.0021460904281402618	0.002846442202064153	0.001586329536629976	0.0033686504113311596	0.0038572814504754826	0.0018580219340088445	0.5399630968035145	0.31202651612422844	0.038839036580791214	0.01608777368429346	0.0014248227272181382
76	76	0.02925051004737178	0.0032296090239305225	0.0057628874023951115	0.027484087859867154	0.22603542102649385	0.029911141314662784	0.12629990564329044	0.006194954739354743	0.03177007668284692	0.0034169059951117665	0.15399122920298114	0.20366945003097645	0.14545465024780088	0.004908918982067714	0.0026202518008487507
77	77	0.003984099132271742	0.17476611144688625	0.005019678033984818	0.002445483151387716	0.046425935936095224	0.0045595322492897805	0.0025410390117952147	0.1128666540141409	0.006178730471068895	0.002976245546759274	0.1771200399246163	0.2633797731597126	0.19117850481289697	0.004275841442721109	0.002282331666373214
78	78	0.0035289845060850296	0.05960813300859052	0.02348505913102147	0.002166128869945652	0.022083780543638777	0.02307747706771995	0.0022507691210157618	0.11901237776103801	0.024511709813249228	0.002636260813828982	0.21400350779382546	0.004827662586905413	0.3406887920199233	0.003787400288213977	0.1543319566749985
79	79	0.003984099132271742	0.0028131032837888687	0.005019678033984818	0.002445483151387716	0.003437683895320879	0.17651254041238718	0.0025410390117952147	0.19884315809568961	0.006178730471068895	0.002976245546759274	0.28459067002655214	0.09142676499661521	0.1696843787925098	0.04726409348349545	0.002282331666373214
80	80	0.04332385210115851	0.0017800604851894069	0.0031763250813297353	0.001547439779430598	0.002175279271790848	0.016486094857497205	0.0016079051068929328	0.11222197418170876	0.08551537432056701	0.001883292775824276	0.4793024097531276	0.017049725389696915	0.2161794827397747	0.016306582502691565	0.0014442016533198739
81	81	0.002745048393934611	0.0019382310516790915	0.0034585633207881317	0.0905417898221762	0.002368567734489247	0.003141522402548565	0.0017507784888566083	0.24066946446881285	0.004257151640323608	0.016860111141631332	0.4774632870932193	0.0037552353680760553	0.14653166106584123	0.002946059145463065	0.0015725288621599922
82	82	0.00248720861861914	0.0017561748591621775	0.0031337037694896047	0.0015266755592377068	0.0021460904281402618	0.002846442202064153	0.001586329536629976	0.2046451763437181	0.017275716512634612	0.122623937493441	0.28501283062249105	0.0034025096945684927	0.34746304301045117	0.002669338622134332	0.0014248227272181382
83	83	0.0011547007704413715	0.013274484023788825	0.0014548398272170699	7.087678256134786E-4	9.963347072133467E-4	0.0013214770080545498	7.364625244574332E-4	0.1697627079944472	0.11392329345459297	8.625972677306441E-4	0.30051762314133545	0.0015796345092812232	0.3918063392155779	0.0012392556621400985	6.614820681083738E-4
84	84	0.017554523297147837	0.1500329800838113	0.0034585633207881317	0.12016073962860264	0.002368567734489247	0.062379422015401455	0.0017507784888566083	0.0629557656302542	0.1375424257692426	0.00205063623841811	0.06279798980324906	0.0037552353680760553	0.3242453599043999	0.047374483855102734	0.0015725288621599922
85	85	0.0015638777620370114	0.18672011170393538	0.06102997306576112	0.00939701076018368	0.0013493934810150214	0.0017897524266393009	9.974336157517064E-4	0.0021181003583376256	0.15429287809650813	0.001168265163694488	0.3479487265877887	0.08651024670234271	0.1425399516889526	0.0016783953220699385	8.958832649825982E-4
86	86	0.0032792524731633486	0.002315423285004593	0.05720610400825767	0.002012840646285529	0.002829506255095841	0.0037528828747857936	0.4797618293615603	0.004441386665310515	0.022777114744471232	0.0024497032443032253	0.12809336467683588	0.022177522336291663	0.06889870107540393	0.09197685123139657	0.10802751712183394
87	87	0.0036686789422219084	0.0025903905592948497	0.004622271306164353	0.04183675707660645	0.08233528777170968	0.0041985551548796626	0.1606793945532632	0.00496882196983502	0.005689561834760394	0.022533058012928157	0.5787387517046608	0.005018765041952748	0.057288300858028635	0.023729765207860472	0.002101640005833706
88	88	0.0022192043709480993	0.0015669417090415172	0.0027960377149098183	0.01333472977177126	0.0019148426967187321	0.0145122875690814	0.025360513972055215	0.014978226265126012	0.23092025197992813	0.001657814453682248	0.21838416215025824	0.015008437108235415	0.45369354715123533	0.0023817093159921154	0.0012712937710163462
89	89	0.0018257452342439271	0.0012891270380827357	0.13034842053474513	0.0011206621775307303	0.1197736042446684	0.002089442054062454	0.030714015952188294	0.012322625882941082	0.0028314525659906054	0.0013638882825280135	0.2092147853268058	0.012347480422501094	0.44220385056082245	0.03150900301587908	0.001045896707010121
90	90	0.0035289845060850296	0.021530547497040167	0.004446266375246295	0.021204921625720827	0.003044987787863598	0.004038684311944771	0.15456111116721719	0.004779621226386957	0.04355050256902441	0.002636260813828982	0.1568871295264999	0.02386645534268059	0.5501155123334502	0.003787400288213977	0.002021614628797078
91	91	0.002301882642097001	0.0016253194020519675	0.002900206383357919	0.0014129204698052444	0.01440478727453408	0.31309948787941144	0.026305340630701935	0.0031176467671783607	0.0035698691095167336	0.0017195776850053512	0.3134504812999705	0.0031489831399194356	0.28431718751742413	0.027307652940370544	0.0013186568586553158
92	92	0.002390959802097121	0.14357913850402168	0.003012437191010387	0.001467596994339801	0.0020630420411608006	0.11882886551521832	0.014424117352710191	0.003238291979416814	0.0037080142069393454	0.0017861210846464018	0.4674711622525253	0.003270840992210614	0.14052946074796385	0.09286026572095385	0.0013696856147854231
93	93	0.04503631855980844	0.0026971572098579053	0.004812784826830993	0.0023446890668257624	0.0032959948384792418	0.10741267903259755	0.08486916599505803	0.025781833956401042	0.15018156945420277	0.0028535753312041346	0.2522526437775059	0.046442050388451776	0.10086594985658144	0.16896532560265987	0.002188262103535169
94	94	0.004573981546986915	0.0032296090239305225	0.0057628874023951115	0.002807559359482296	0.0039466645230300775	0.029911141314662784	0.0029172631413661412	0.15425412574166392	0.2538588331863107	0.0034169059951117665	0.27737387170490546	0.00625722202789757	0.21948423574895545	0.029585447482452572	0.0026202518008487507
95	95	0.0039002663165507295	0.15004685932324202	0.004914054722508149	0.0023940256621102773	0.0033653486669704734	0.004463591256322879	0.0024875708504509798	0.005282481587267918	0.1743835173366539	0.0029136198348534343	0.1733931066394417	0.11054482658351449	0.35549055420485787	0.004185869829109297	0.0022343071861459364
96	96	0.0013097222659165639	9.247721717708464E-4	0.008716078182612686	8.039216967149099E-4	0.036459707325265725	0.06509219053468827	8.353344788419334E-4	0.008839797136390293	0.023228946897774324	0.03630801529668051	0.34792879565898766	0.00179170443267739	0.4232095627494755	0.0014056288654312205	0.04314582230677209
97	97	0.001807937314128635	0.0012765531746093102	0.002277870836355993	0.020617294511773847	0.011313762022198715	0.0020690620927806794	0.28401275751872973	0.09023268579549405	0.09058786882352687	0.0013505852142105437	0.41200356181807707	0.02198082731034689	0.05749321176640099	0.001940326542323054	0.001035695259043589
98	98	0.0027863122147514896	0.0019673667197405054	0.0035105527638406354	0.0017102685825478622	0.002404172263285373	0.003188746057256221	0.0919696501336475	0.12403049169712893	0.15464206850496104	0.017113553888447076	0.30425545173124025	0.0038116844127252794	0.2539589845971711	0.03305452917210127	0.0015961672611554036
99	99	0.0012396482016185629	8.752940905683998E-4	0.008249741892172225	7.609094779169535E-4	0.0010696316826177205	0.001418693603095918	0.22817837180297934	0.0551819624391681	0.008610379823486352	0.007613930050192858	0.08855008386668188	0.12876545682571178	0.1798667276806603	0.1819030328038306	0.10771613575929896
100	100	0.002422204238067548	0.02784575214952955	0.0030518029305961814	0.0014867751671722438	0.015157739211696797	0.0027720490809017566	0.014612607937395635	0.0032806091301759745	0.4872627710473501	0.0018094616467987708	0.23836067106392575	0.016381321362848145	0.15543360078305343	0.002599574187291461	0.02752306006319658
101	101	0.00248720861861914	0.0017561748591621775	0.04338900895596699	0.0015266755592377068	0.0021460904281402618	0.002846442202064153	0.001586329536629976	0.05704239065996767	0.16487850219638503	0.015276456996167974	0.29843126568465017	0.12416842525400064	0.2803708676996555	0.002669338622134332	0.0014248227272181382
102	102	0.053513531519768905	0.002198726988977308	0.0039233900983663	0.0019113943796629567	0.002686900407735597	0.12116269369715041	0.001986081025703886	0.07141694530332404	0.004829307733791431	0.002326239298497894	0.08803781522764222	0.004259934514307846	0.4686226526291932	0.17134051231370317	0.0017838748621747972
103	103	0.003338312203495738	0.0023571243360632787	0.004206033003229011	0.38026161074156656	0.002880466002101403	0.03984071261153489	0.0021291592555825324	0.0045213765718217615	0.05920757317882732	0.07453430242569259	0.20244082126945143	0.022576942173385944	0.19621041447628104	0.0035827656879384873	0.0019123860630280089
104	104	0.0018624346562941857	0.061601793565378024	0.0023465335634360257	0.0011431825417283197	0.11213273165912768	0.05237039792085061	0.0614746125108716	0.04271363666389074	0.002888352267143016	0.0013912964180600202	0.21341907923048847	0.0025478168281112996	0.24008653380657347	0.20295468375285028	0.001066914615196178
105	105	0.004811440862110487	0.003397274927052637	0.0060620690413347045	0.0029533144561793108	0.00415155652905021	0.03146398516813723	0.029026329748344168	0.1363046483192488	0.05937704381097188	0.029551911676971937	0.13602810344565636	0.34403107793212095	0.17896357843578894	0.03112138286492815	0.0027562827821041784
106	106	0.002745048393934611	0.031557180858105535	0.033077513127214575	0.10535126472538943	0.04679699244412892	0.003141522402548565	0.0017507784888566083	0.0037178660174013137	0.004257151640323608	0.00205063623841811	0.31455906315787385	0.0037552353680760553	0.4427211591301057	0.002946059145463065	0.0015725288621599922
107	107	0.004258710941237846	0.003007001918316384	0.02834131974919163	0.0026140428507583956	0.0036746329675718553	0.004873806908992539	0.002716185085353038	0.0746949072199679	0.006604611528603406	0.02615703968935633	0.051474480729173794	0.09772853322328165	0.5489906155421215	0.004570562159865601	0.1402935494862082
108	108	0.0016620370020508945	0.046006798406864564	0.12762718310117116	0.0010201762934500167	0.0014340902788028448	0.0019020890441656514	0.09072656492395945	0.14571748756589256	0.22674388060952258	0.0012415931586226695	0.3070217059459333	0.020206977332670975	0.016986906535332857	0.010750395018637867	9.521147829225321E-4
109	109	0.0014093024864608357	0.04661401706026951	0.16144188523474096	8.6504511344416E-4	0.06204126208051301	0.047231784490695934	8.98846258244341E-4	0.009511900658882019	0.009788768844876948	0.001052792641475806	0.03984352087212936	0.0095310860105646	0.48579946592667983	0.04713143403609885	0.07683888828492373
110	110	0.028557679993889543	0.0017102763937075602	0.12066144383179515	0.0014867751671722438	0.015157739211696797	0.0027720490809017566	0.0015448700594846388	0.06861929851973096	0.29124670287868515	0.05408041315844276	0.29063162257556974	0.05558453499658113	0.024756222003943465	0.04180278782102445	0.0013875843073745844
111	111	0.0026282781366255507	0.001855781598646108	0.0033114412045513247	0.0016132655556222474	0.002267812401934321	0.0030078867332837445	0.001676302987773758	0.11699572929286947	0.2309480902521332	0.0019634052366855155	0.10266516304618828	0.017774995233828906	0.5089654742948693	0.002820738191113571	0.0015056358338745607
112	112	0.0032222461251599317	0.0022751720915876804	0.004059798101794518	0.001977849533128912	0.0027803182710732996	0.02107158898876052	0.01943907890373416	0.1955875841397196	0.004997212583778499	0.2283984160904403	0.05633081242956898	0.00440804345766111	0.34584410621162637	0.10776187664114427	0.001845896430821865
113	113	0.0021673079306244823	0.0015302985327940236	0.08457869779984264	0.0013303170559385684	0.0018700638016154736	0.1661764292064425	0.10661550026053983	0.014627958107899169	0.003361164244802077	0.025004202164976855	0.08465885667433068	0.08481293034827508	0.32615807298843275	0.08417405853515264	0.01293414234833313
114	114	0.0033995382959222595	0.002400355017816019	0.004283173471138225	0.002086673385668195	0.002933294996792624	0.20563530857886592	0.0021682089589735373	0.0046043005774290225	0.005272165716570283	0.002539560482398692	0.16947280698251588	0.2614166464581066	0.3098515985254064	0.021988908500264668	0.0019474600521317048
115	115	0.032453909320562885	0.003583302931598982	0.006394015860887527	0.0031150320701133563	0.004378887490907509	0.25221891865593987	0.0032367501729298584	0.0068734014904493915	0.007870405305816286	0.031170115466138435	0.08871872420752573	0.17121650931788338	0.38041629215208655	0.005446524222928211	0.0029072113342320247
116	116	0.0015507935837143552	0.07639345982562365	0.018686881891137125	9.518938797316457E-4	0.0013381037847474352	0.30296866398185773	0.06792106314906736	0.01046687609823678	0.002405044465992084	0.0011584908769177418	0.06894321961956408	0.07741996217861524	0.36724280577135404	0.0016643530329454545	8.883878604951992E-4
117	117	0.0032222461251599317	0.0022751720915876804	0.02144374412911136	0.001977849533128912	0.0027803182710732996	0.45567023967168163	0.002055132876417315	0.004364177839234313	0.004997212583778499	0.0024071177353213154	0.03894686640225214	0.021791989484977955	0.3284601601843095	0.0034582004772431966	0.10614957259472294
118	118	0.010086060387844228	0.12023788366732682	0.0019871390363713163	0.017985844541673155	0.0013608753025289718	0.06136711169704075	0.06056805114380983	0.07871600506888067	0.002445972915225237	0.009687081571043747	0.09564310555593902	0.061719724293027266	0.45858121044712846	0.018710428147758973	9.035062244014683E-4
119	119	0.23062565072825333	0.012920723381807536	0.03694443451512488	0.0012999182645848956	0.0018273313724779267	0.15095377368550436	0.0013507118299224221	0.002868304382155227	0.014709752371864624	0.04728362322237573	0.2541052358107882	0.014322527916646373	0.2273019574205546	0.0022728614526369207	0.0012131936453029547
120	120	0.004258710941237846	0.003007001918316384	0.02834131974919163	0.0026140428507583956	0.0726015847950781	0.004873806908992539	0.002716185085353038	0.005767955392461657	0.1904098164019534	0.0031813890801875803	0.579914444740055	0.028801581395775412	0.020550651531240194	0.050521863378203094	0.0024396458311957124
121	121	0.002003338582449132	0.0014145226204788633	0.002524062364688243	0.0012296708960428924	0.0017285826866043478	0.13198828966011827	0.0012777195854901128	0.19725670771525203	0.013914839780681091	0.0014965560184908037	0.4133009028183906	0.1864760128966104	0.04209112511908461	0.002150036394740466	0.0011476328608780758
122	122	0.0033995382959222595	0.002400355017816019	0.004283173471138225	0.002086673385668195	0.002933294996792624	0.022230975208223657	0.0021682089589735373	0.4264342673299062	0.005272165716570283	0.03922042715652714	0.059430206960130516	0.004650579739207458	0.16312813182889258	0.0036484751632004445	0.2587135267710309
123	123	0.003984099132271742	0.0028131032837888687	0.13398443415630787	0.1958926173348723	0.003437683895320879	0.24099491847354867	0.0025410390117952147	0.09137252799375371	0.006178730471068895	0.002976245546759274	0.026661157781906062	0.026944386935453705	0.25566088287405847	0.004275841442721109	0.002282331666373214
124	124	0.050143891940546095	0.01780227535526805	0.0036763421053684527	0.0017910377152772956	0.002517711686636316	0.0033393377573945108	0.0018610214932511839	0.1771139482385373	0.004525215927142138	0.0021797606829337857	0.09823624864526712	0.20863766623790914	0.4233724277971643	0.003131566571666406	0.0016715478456379752
