0	0	0.008449184452488726	0.07116618618248398	0.008294758703759009	0.006896301987156221	0.009504550439346294	0.4149812737747027	0.216140339504002	0.00806402753681696	0.20674062838083743	0.049762749038406724
1	1	0.0024941505491294963	0.17630403324988522	0.002448564958217168	0.013981609003277225	0.014751548912374587	0.13444594046613237	0.6491505423314834	0.0023804544476743084	0.0012993398061063963	0.0027438162757198493
2	2	0.019587880976019347	0.2715656251511645	0.01952604410264574	0.002761493832691959	0.003805917645376726	0.036534892866136384	0.5564816915224448	0.019433652166256213	0.0017625549971265603	0.0685402467401378
3	3	0.021504879809945414	0.0073856553925265135	0.0019956170637060776	0.0016591655542435814	0.36252070954087096	0.012214903325233709	0.5874837306551084	0.0019401059788966184	0.0010589813759756068	0.0022362513034932313
4	4	0.007816547535237662	0.02839983195073325	0.007673684491780851	0.006379937922184032	0.008792892465299561	0.04696958946691673	0.8738362305607226	0.007460229436514289	0.00407206828890176	0.008598987881709234
5	5	0.00303863767076982	0.05470139768419475	0.01753680954797205	0.002480163988017236	0.003418186118569416	0.07647399263565209	0.5871118374320073	0.2212057569624813	0.001582993008719402	0.03245022495161659
6	6	0.004669719356452601	0.06169818813572136	0.004584370893292297	0.02617732527001751	0.005253002039495324	0.22935303372863264	0.6562376373144782	0.004456849734005875	0.0024327129111360556	0.005137160616768136
7	7	0.003083514239898205	0.0850465586747129	0.0030271568484963912	0.0025167926560972272	0.0034686681049935506	0.2695958296782925	0.5810140376357322	0.04724889491819006	0.0016063716747146631	0.0033921755688723423
8	8	0.0015732519741692293	0.08860296064957986	0.01661483770737648	0.0012841027174598993	0.5593723450821744	0.10741087251393609	0.1909490855848796	0.001501535126069523	0.008354763264359997	0.02433624537999494
9	9	0.017592346730296048	0.17113107016040457	0.0466442276670245	0.017033873047543464	0.39636833072577754	0.10558141075470455	0.12139314752716807	0.1047760844862715	0.016136702068245627	0.0033428068325641416
10	10	0.05792625461598089	0.019466293870353736	0.0014464073211228755	0.2834671456602703	0.00871398092713716	0.2346649410116803	0.12942569388619765	0.015519403115279122	7.67541249772302E-4	0.24860233834220563
11	11	0.0032771080568499366	0.09038607930977591	0.08169658762319748	0.08115418098041376	0.003686443229718319	0.23943437434634646	0.49192513215881306	0.0031277207593424683	0.0017072253111037152	0.003605148224438898
12	12	0.03811887356574848	0.0239219179787141	0.03799853630411637	0.005373987844313058	0.007406482288889689	0.4810507967819978	0.01075479473061984	0.25856228179983043	0.003430009155681484	0.13338231955008875
13	13	0.004669719356452601	0.016966473290475268	0.02695022831591535	0.00381146784739446	0.07235057430736447	0.5201091802227322	0.32074977597513243	0.004456849734005875	0.0024327129111360556	0.027503018039391185
14	14	0.0017889302748608628	0.2721130509554545	0.06173343923756868	0.010028313505758312	0.002012380973039408	0.3620447310740134	0.19999009550868724	0.08738910348462395	9.319518893062984E-4	0.001968003096687316
15	15	0.00533184458514105	0.19301483746364892	9.041106584638023E-4	0.16836595244303412	0.05396679759758007	0.34076248064693887	0.02355882692295741	0.13320601714085786	4.797695743070798E-4	0.08040936296707081
16	16	0.004200032694387473	0.01525996255641819	0.08458834613718559	0.1442419908025321	0.004724648019602757	0.5281447064731442	0.06720936855360647	0.004008573785259935	0.12288564353402764	0.024736727443835614
17	17	0.023375832950702405	0.01466976083556905	0.02330203791264061	0.00329551821386044	0.06255664351889434	0.1596295557007146	0.6834337147040289	0.0038535362392984537	0.021441644921252417	0.004441755003038814
18	18	0.06790144049133229	0.15328423668715346	0.08088763409996837	0.028293391770042545	0.1073492236451939	0.13367840501969772	0.3042724425862124	0.09384924735463279	0.027489784519701438	0.002994193826065093
19	19	0.004567561917829426	0.14785472023419377	0.004484080586229144	0.0037280860072960017	0.005138084376896256	0.2899652838014873	0.5106219940626785	0.004359349152407693	0.024256062693912842	0.005024777167069018
20	20	0.004037590190699445	0.03400800359557201	0.003963795152637651	0.00329551821386044	0.10123312903890026	0.1596295557007146	0.664095471944026	0.0038535362392984537	0.0021034021612494577	0.023779997763041773
21	21	0.0192552390365689	0.11122374803021075	0.0017868541431859232	0.11481386964231652	0.2025513304021806	0.20272339765306324	0.3342403356599219	0.001737150112443512	9.482005809795182E-4	0.010719874739129213
22	22	0.0043760940684441745	0.07877821835887577	0.004296112194828891	0.0035718081892868207	0.15163937038480785	0.21493164232507417	0.5311362544096492	0.004176609384026497	0.002279747395513127	0.00481414328949347
23	23	0.02493017447906032	0.2933594343042294	0.01713118322092846	0.0013240092569505593	0.0018247624289488545	0.14959563690426628	0.4921183278327805	0.00931754221569203	8.450640390549612E-4	0.009553865318088706
24	24	0.0012599516316239617	0.13733902508931428	0.025375332166899356	0.0010283840990510846	0.07383255497823606	0.5144776242639266	0.15292312731202298	0.09172154913056242	6.563779036149583E-4	0.0013860734247482327
25	25	0.002586857256154634	0.26958637988464274	0.027319345018368454	0.00211141666233289	0.002909974969627814	0.49874988166445816	0.016615396373705148	0.16353742550900485	0.001347635814048999	0.015235686847656289
26	26	0.012629559498884172	0.5616761329825828	0.03348592758154851	0.0017805116698678446	0.0024539184922036787	0.36834431326048755	0.003563282627288785	0.00208199918770654	0.011584551055699086	0.002399803643731101
27	27	0.0018361270325239823	0.18255566203617477	0.0018025681377744577	0.0982351215873677	0.0020654729568048463	0.10776973467659093	0.5394468589569773	0.05451776763420615	0.009750762708008263	0.0020199242735715545
28	28	0.1144704033098836	0.09424756973433085	0.05863774661416442	0.07210071097414048	0.22639295928338252	0.3103373673820643	0.0047558301461092705	0.04461337788256972	0.0015167691576276744	0.07292726551572715
29	29	0.3384527876597099	0.11834230591480337	0.001643574556952414	0.0975889369431692	0.001883290139627709	0.41098702025335654	0.02679030068746877	0.0015978560630184034	8.721687529608716E-4	0.0018417590289328577
30	30	0.0023804065325307147	0.19106596469297074	0.002336899841070228	0.1843601525227133	0.0026777370149521874	0.6071598884732763	0.0038882847234500964	0.002271895463412748	0.0012400843098714935	0.002618686425752127
31	31	0.0027217457092753605	0.28364362625126727	0.0026720003615000568	0.0022215138572197757	0.0030617119939028267	0.25100185562740013	0.004445846588750563	0.44581959917774017	0.001417906606878665	0.002994193826065093
32	32	0.04835891906608363	0.12773613883868418	0.02047118401399416	0.2244006004175218	0.002180529329649561	0.4944211986502248	0.031018606835962304	0.029702352039482623	0.010293925176418611	0.0114165456319783
33	33	0.0014427917961439718	0.5511577173391393	0.0014164218897188613	0.001177619921396034	0.029264304817638708	0.291993027996222	0.09219095130288295	0.02210799518379513	0.007661953771206268	0.0015872159818566614
34	34	0.049684073174818426	0.3394905719666695	0.19129712274677	0.0020117169068568433	0.14443066482961703	0.26271208307229715	0.004025986477110917	0.0023523535604135283	0.0012840013057454623	0.0027114259597011466
35	35	0.0019030711646965566	0.12540754587911196	0.02009800023528847	0.0015533041713784365	0.36673500897466055	0.21196237028851375	0.2036354058632761	0.06562030973739547	9.914141385757678E-4	0.0020935695471029215
36	36	0.05633424098827884	0.11723290171890044	0.0027435293230611566	0.13613006998627994	0.043298399447348895	0.4584947593633616	0.16518376502048157	0.016052122596748587	0.0014558637077241587	0.003074347847814872
37	37	0.0020527557447505775	0.30241159843593024	0.002015237526912528	0.0016754781010254727	0.0023091602065679682	0.4252696580292064	0.1508297466736907	0.06094984645384663	0.0010693930453792846	0.05141712578269015
38	38	0.0020939298500710747	0.6394338021547672	0.002055659093088194	0.0017090847841246307	0.03244242654596315	0.1931041081943597	0.0034203382223756593	0.12234627497728186	0.0010908428949252195	0.0023035332830433483
39	39	0.008907073074102953	0.3150708933270524	0.001510355295136456	0.023361513870492862	0.031205037186046922	0.5397838158002183	0.009881625671544558	0.06778573429710964	8.014754722959313E-4	0.001692476006000047
40	40	0.0026193102054373986	0.2353324702327849	0.015116755992884805	0.01468322397920256	0.14094498966978597	0.3042817552485477	0.04191447966314904	0.24086096819639824	0.0013645423351262313	0.0028815044766830923
41	41	0.0052576822098471115	0.11983045763244178	0.005161587549302756	0.0042913685309502875	0.1821879528901612	0.23304886470893008	0.03377011766526547	0.10574575142116797	0.3049222385439138	0.005783978848019493
42	42	0.001622144513046598	0.2545127176942065	0.0015924965769193145	0.05570941251098257	0.35921455524115925	0.22728907012431201	0.002649698546492331	0.0015481988936874571	0.0785384972591007	0.01732320864009328
43	43	0.024316302055034017	0.43770161912999556	0.024239538055245965	0.003428105278006307	0.004724648019602757	0.1258193192602133	0.06720936855360647	0.28563634483431155	0.022304296730794922	0.004620458083189071
44	44	0.002407858716797065	0.5969090903060427	0.0023638502817501486	0.0019653164097450724	0.0027086181812347983	0.25665259666530094	0.08466105573779754	0.04842834145563907	0.0012543856581979952	0.0026488865874947135
45	45	0.0037476948588184593	0.6598083630005375	0.003679198237891562	0.02100867736227072	0.004215809823683851	0.27381671833694643	0.024071461778114978	0.0035768558150245607	0.0019523797843328538	0.004122841002379202
46	46	0.0021588840860746247	0.13192488158110352	0.033139680254167754	0.0017621010283958224	0.002428544767152564	0.6747381428002063	0.05522686147259005	0.043420809931340676	0.0011246811187020874	0.05407541296026658
47	47	0.0027946063447090138	0.07707817573622305	0.0027435293230611566	0.002280983377355363	0.003143673464671523	0.5120343940069314	0.3659573949338684	0.029437031257641043	0.0014558637077241587	0.003074347847814872
48	48	0.012498968783968618	0.26634598265372544	0.08484010374363772	0.012102185726289816	0.21957032342292646	0.02331280683288472	0.2723686401283639	0.10546131811870464	0.0011246811187020874	0.0023749894707966062
49	49	0.01811976634553507	0.16127155982336894	0.003072534020876488	0.002554519453853812	0.363281386766686	0.21367695875219583	0.005112280332127303	0.2278375188879607	0.0016304512345254598	0.003443024382870444
50	50	0.01212291294408744	0.09786871507788344	0.002055659093088194	0.0017090847841246307	0.0023554772639140594	0.7948430938353416	0.07362321988049021	0.012027460943101847	0.0010908428949252195	0.0023035332830433483
51	51	0.02996550927106425	0.010291381634938822	0.002780749399786125	0.1244103829374722	0.003186322094875617	0.6546458555982706	0.07245926503840888	0.08410236842068648	0.0014756146753726947	0.016682550929124344
52	52	0.001376220867666935	0.051140574908643446	0.014534026806395976	0.15272731409285104	0.0015481210909732781	0.31147776327853177	0.39114528785226543	0.07381976090762607	7.169489251472966E-4	0.001513981269898786
53	53	0.0029115175334588133	0.08030270901227775	0.002858303725952026	0.07210071097414048	0.0032751877305328986	0.7426280497657104	0.08842499447842786	0.0027787957164104294	0.0015167691576276744	0.0032029619054616382
54	54	0.004567561917829426	0.12597815103908466	0.026360649781338237	0.025604655202405093	0.005138084376896256	0.2899652838014873	0.5106219940626785	0.004359349152407693	0.0023794934988037525	0.005024777167069018
55	55	0.006382801221331549	0.17604435599977097	0.00626614276001618	0.005209701006506777	0.03775081037000706	0.09949571565676346	0.1327090117839996	0.46465308756209694	0.0033251512039781084	0.0681632224355293
56	56	0.052746026304627526	0.05741678957969935	0.0017413141161143097	0.0014477368695222247	0.001995285027381673	0.18906137709355916	0.3681987487829924	0.32451740346630875	9.240346017406443E-4	0.0019512841580539397
57	57	0.003083514239898205	0.09981520633549683	0.04733309983084817	0.0025167926560972272	0.033005963426561404	0.4172823062861318	0.2413351414377018	0.15062942854367756	0.0016063716747146631	0.0033921755688723423
58	58	0.010592450040510478	0.13995165994602923	0.1118650039765621	0.008645655053927571	0.01191552584186194	0.4187815042853048	0.16950150878817308	0.010109592149319741	0.005518188140901189	0.1131189117774098
59	59	0.0028325193575905734	0.11882334128883353	0.002780749399786125	0.0023119283268406552	0.03031931200834929	0.09841956237206025	0.7236510229617771	0.0027033986802654612	0.0014756146753726947	0.016682550929124344
60	60	0.003226465851970097	0.28988249558591533	0.0031674957338784526	0.09535340096722812	0.003629475436750044	0.3439075694862868	0.25252343013496964	0.003079387084421232	0.0016808430092445361	0.003549436709335633
61	61	0.0016877063638853858	0.30521607674225887	0.0016568601537754692	0.0013775214420334633	0.001898513442635224	0.1798918755814376	0.34225770619066986	0.16327787465935784	8.792188027225268E-4	0.0018566466212237695
62	62	0.0013946059002499591	0.01174655183662671	0.15499843569583768	0.0011382901504015208	0.101761836686774	0.08853460619300789	0.6368339075354565	0.0013310326512413282	7.265266968980932E-4	0.001534206653506262
63	63	0.00568733663962269	0.07514335213694416	0.005583389184836922	0.004642056424499472	0.006397727290817273	0.19761389507692018	0.44512659437968977	0.25058616140152457	0.002962845562457454	0.006256641902687471
64	64	0.0018201204862812606	0.19839934078164895	0.06280976906919267	0.06250851399145357	0.44664299010620756	0.054524889975618294	0.09886623523103868	0.010454709387587333	0.05325355623184244	0.010719874739129213
65	65	0.037437290478203766	0.32386258410035473	0.014058542590659877	0.0019882459783794153	0.10774423694063599	0.09630740950469507	0.27232261385073525	0.14233026439228075	0.0012690207174184682	0.002679791446636672
66	66	0.03498803437395417	0.17182875508009482	0.024042608602831736	0.023665802432143772	0.0025609468013145288	0.43892883184076226	0.2545064787677905	0.013076622772825845	0.0011859977021613686	0.03521592162612103
67	67	0.02094553402089822	0.13443862012213928	0.10751799695548843	0.0029528953689254294	0.004069709103275099	0.42027693543726624	0.3004807292968986	0.0034528983232901063	0.0018847192149684456	0.003979962156850065
68	68	0.11471366673288454	0.007763589038161374	0.0020977353987885338	0.02221259035851712	0.0024036904047796278	0.1868224025335279	0.6584830877488814	0.0020393837391701804	0.0011131708379544132	0.002350683207334847
69	69	0.004117209793173699	0.23187447610435616	0.12235946882477389	0.02308008934453049	0.08350981944007345	0.06417945987598751	0.40111697065772045	0.06308828101284501	0.0021448803787040027	0.004529344567835315
70	70	0.023968280768318743	0.08708386188398551	0.02353021248797466	0.019563131000482244	0.026962097322872147	0.48841714702711075	0.268745675531405	0.0228756842997967	0.012486391928939652	0.026367517749114642
71	71	0.027076601361218644	0.09837731108126935	0.28595123010828366	0.022100170829837635	0.030458670278877848	0.422072650638701	0.04422838452045632	0.025842311788561837	0.01410568659337147	0.029786982799422282
72	72	0.0024359514765353103	0.347196810101467	0.014058542590659877	0.0019882459783794153	0.0027402199356306254	0.44632079952137965	0.06231457984072451	0.11899603839116843	0.0012690207174184682	0.002679791446636672
73	73	0.017854416619719263	0.4992165998122654	0.009740215281692407	0.0013775214420334633	0.23631581215222644	0.20414194096518842	0.002756790818158445	0.01777748235685295	0.008962573930639465	0.0018566466212237695
74	74	0.002586857256154634	0.52977394129807	0.002539577264708724	0.00211141666233289	0.05246951047694728	0.17661290086688164	0.16529400289566354	0.06441835449436593	0.001347635814048999	0.0028458029708264237
75	75	0.08423148909801159	0.037424371548412494	0.002780749399786125	0.0023119283268406552	0.003186322094875617	0.5732468858578496	0.2895231843461983	0.0027033986802654612	0.0014756146753726947	0.0031160559723875073
76	76	0.0052576822098471115	0.11983045763244178	0.005161587549302756	0.0042913685309502875	0.0059144058268045295	0.40932241177228673	0.03377011766526547	0.1812915573054637	0.1790125620700876	0.056147849437549975
77	77	0.004567561917829426	0.23536099701463015	0.026360649781338237	0.0037280860072960017	0.20202720713287808	0.2462121454112691	0.24810316372136945	0.004359349152407693	0.0023794934988037525	0.02690134636217811
78	78	0.1200670467507172	0.4014346160356282	0.003963795152637651	0.00329551821386044	0.0818948862788973	0.1983060412207205	0.045271703623931216	0.0038535362392984537	0.13747110148127017	0.004441755003038814
79	79	0.13582697708848399	0.21348442781952107	0.004484080586229144	0.0037280860072960017	0.1582740687426599	0.3774715605819236	0.029337471770278536	0.026235918347516783	0.0023794934988037525	0.0487779155572872
80	80	0.002871475211566688	0.037939071774301836	0.0028189932575984093	0.016096800445642906	0.22327935971011575	0.5811307938417076	0.07345580281686696	0.002740578727754077	0.0014959089161392354	0.05817121529830659
81	81	0.06308985674831917	0.35614195156876666	0.003072534020876488	0.13746479066220613	0.003520663544413155	0.423537380631855	0.005112280332127303	0.002987066874040173	0.0016304512345254598	0.003443024382870444
82	82	0.0028325193575905734	0.3358872605966229	0.002780749399786125	0.0023119283268406552	0.26094972627287555	0.38331595646353384	0.004626790254724693	0.0027033986802654612	0.0014756146753726947	0.0031160559723875073
83	83	0.007568594541785538	0.4493027099661329	0.0012833920579547878	0.13881582133277864	0.0077318842014539755	0.3772727145098524	0.014658008964558523	0.0012476925810017247	6.81036613770556E-4	0.0014381452307109346
84	84	0.07807988688258054	0.2212316803604144	0.018062564155137857	0.16744485093072886	0.003520663544413155	0.28862710942350267	0.11004249127195688	0.09292724767960837	0.0016304512345254598	0.01843305451713181
85	85	0.010269114907691881	0.099893700976635	0.01023669639550144	0.0014477368695222247	0.001995285027381673	0.4524182277545602	0.24926339687157256	0.027179023687759235	0.1368501510719347	0.01044666643744107
86	86	0.07554679238703145	0.46236084479795164	0.003679198237891562	0.0030589029802174724	0.004215809823683851	0.07636920013436069	0.18561943121659422	0.16512482525350378	0.0199021541663861	0.004122841002379202
87	87	0.08466511013697364	0.156073848080944	0.004123268694599419	0.04366064399929939	0.004724648019602757	0.5482609758337907	0.04709309919295993	0.004008573785259935	0.1027693741733811	0.004620458083189071
88	88	0.014614594866381734	0.23888704659695284	0.08711019402558748	0.002060361385706475	0.07538134598416121	0.2811549025698663	0.004123337159688176	0.2442150211409852	0.03758591714683181	0.014867279123838732
89	89	0.002073138380303455	0.43449658140512	0.00203524762902457	0.041409719780582666	0.0023320887849163875	0.34012771945637094	0.053033382793007906	0.0019786341605401805	0.001080011478070309	0.12143347613206362
90	90	0.004037590190699445	0.47878758707564	0.08131676619264948	0.00329551821386044	0.023880157998888422	0.1596295557007146	0.045271703623931216	0.17789772107932508	0.021441644921252417	0.004441755003038814
91	91	0.46679611029962786	0.1976965134683911	0.015116755992884805	0.0021379050577379505	0.002946481533675274	0.3042817552485477	0.0042785228987552186	0.002499908688570681	0.0013645423351262313	0.0028815044766830923
92	92	0.14611707422980058	0.1402482977307421	0.08088763409996837	0.0022215138572197757	0.0030617119939028267	0.550828451624862	0.06962554137080748	0.00259767465975311	0.001417906606878665	0.002994193826065093
93	93	0.19301181214603882	0.07877821835887577	0.21389135450326738	0.0035718081892868207	0.004922700768900901	0.4874054573260442	0.007148148638552987	0.004176609384026497	0.002279747395513127	0.00481414328949347
94	94	0.0052576822098471115	0.4975594870539204	0.030343522844068	0.02947330382571553	0.0059144058268045295	0.3589585411827563	0.03377011766526547	0.030199945536872257	0.0027390150067308962	0.005783978848019493
95	95	0.0044697784992047615	0.29454702620007783	0.004388084355198665	0.02505650484047486	0.02643631763989236	0.24094117903613396	0.3926493278960031	0.0042660232006702875	0.0023285527533701876	0.004917205578974016
96	96	0.0014838061227548953	0.5383984515690919	0.01567021578460277	0.03674491915949992	0.0016691445446880638	0.3429341184093815	0.016637258327868405	0.001416166672709889	0.04341358354617706	0.001632335863225498
97	97	0.07087519915986694	0.056617157667657576	0.02167879278837434	0.0016754781010254727	0.28743071149776434	0.4940921014443228	0.0033530822127270854	0.021622735930922996	0.0010693930453792846	0.041585348151959245
98	98	0.03361366635132582	0.4376525268052194	0.0031192923065492305	0.017811545187209205	0.049228693546936146	0.44520098697669996	0.005190079784496121	0.0030325245077949046	0.0016552636870748605	0.0034954208466943175
99	99	0.014852887509385205	0.3009769694108709	0.12914290791165314	0.014594848176625055	0.0015793518880573767	0.09585440471162386	0.08298676503565641	0.23669579697271695	0.06797593043539502	0.0553401379480161
100	100	0.0027576948510135836	0.06285199881207644	0.00270729246075562	0.0022508558770324505	0.04272650902662867	0.5845200978520801	0.0045045678604037995	0.28000248808673417	0.0014366344863453384	0.016241860686929833
101	101	0.0028325193575905734	0.2544882908562019	0.002780749399786125	0.0023119283268406552	0.09815178679203347	0.31548348167984963	0.04532627512493521	0.21976731798805485	0.0014756146753726947	0.05738203579933486
102	102	0.03762135890979381	0.4217026672173157	0.0034911995074473176	0.0710329255466517	0.038065554255925345	0.25982530170394236	0.039874045783621234	0.10558957496422959	0.0018526175815193609	0.02094475452955353
103	103	0.11348334152768132	0.45253395276830827	0.022024303905978905	0.021392670979787403	0.02257072360203328	0.20571007015615272	0.02451143653367445	0.11330937991213726	0.001988065104413917	0.022476055509832445
104	104	0.022376307649224384	0.11912134724355827	0.012207066652186873	0.001726398808589505	0.05303225229570714	0.2051909478352611	0.04397731838100439	0.417372607528566	0.0011018937689049695	0.1238938598369974
105	105	0.005536522934432856	0.04663328445142226	0.005435331901817015	0.1636237033188732	0.006228075832030707	0.21889113416862924	0.0090436558851565	0.5356332814055674	0.002884278432446822	0.00609073166962399
106	106	0.003129736211273703	0.4310921022400735	0.018062564155137857	0.002554519453853812	0.003520663544413155	0.43852741076611634	0.005112280332127303	0.06294718741108564	0.0316105115030482	0.003443024382870444
107	107	0.05171472241821118	0.6030901661963172	0.004799040190630454	0.14446895655158865	0.028912149488605817	0.14644012180879454	0.007984952684966469	0.004665547682538067	0.0025466279462443946	0.005377715032103168
108	108	0.001885881625713509	0.11524227342867807	0.00185141336623781	0.0015392739117109282	0.11954427485909536	0.417795903185084	0.1205033335952007	0.07406011819474134	9.824591650048713E-4	0.1465950686685334
109	109	0.039849649900393774	0.495433320872317	0.009218595039310032	0.0013037506836159386	0.20070893554498168	0.1473066844933561	0.10206520253313212	0.0015245100103509586	8.321337731087277E-4	0.0017572171494336054
110	110	0.015965814042939928	0.023227641236297416	0.00270729246075562	0.04187521345281148	0.029518389834702327	0.35998207158933226	0.09696140220388819	0.0026319850562809763	0.0014366344863453384	0.4256935556366464
111	111	0.017339985624421843	0.4125401350711473	0.002940308099815736	0.002444586191810688	0.10378371159163062	0.3192409073619529	0.13399670749093676	0.0028585190154952734	0.0015602850737067525	0.0032948544790821037
112	112	0.003681610776026252	0.2778753020001712	0.19758019649110029	0.0030049645446155538	0.33917343642252556	0.07502256207161168	0.023647003402233243	0.056413568140967346	0.001917952961400327	0.021683403189348548
113	113	0.17953732878766124	0.3749050962247175	0.014224501456529785	0.0020117169068568433	0.12082098199091834	0.0384200961046596	0.11026955925125503	0.014157194979762875	0.09572273266054024	0.049930791637098536
114	114	0.3576322443121303	0.2561595650087361	0.0038161980249829235	0.003172805257269844	0.004372791049189477	0.172303697017959	0.19253121495653916	0.0037100447473490347	0.0020250792143392026	0.004276360411504918
115	115	0.31387487791777585	0.46928355348461276	0.005739738437022685	0.004772045939209579	0.006576880103650782	0.09113730812489985	0.09355786018030443	0.005580078994859985	0.0030458128557441493	0.006431843961919863
116	116	0.22077807772320326	0.5286669692233413	0.0017266456016671252	0.001435541396580389	0.0019784771080180435	0.12007820857320875	0.12080636641627565	0.0016786163619030476	9.162507017653907E-4	0.0019348468940370105
117	117	0.46214640508937166	0.2426087793606831	0.0036143219739156783	0.0030049645446155538	0.10994103926585282	0.07502256207161168	0.023647003402233243	0.056413568140967346	0.001917952961400327	0.021683403189348548
118	118	0.1645842016467975	0.4777491832147429	0.010324406172746586	0.061437346570580406	0.002012380973039408	0.08786322139496225	0.08003568502410234	0.0017073817099204562	0.11231819019642084	0.001968003096687316
119	119	0.3022544526371563	0.08947639290235776	0.01389641158637935	0.0019653164097450724	0.0027086181812347983	0.26818515796993014	0.10772617834705595	0.002298096237122265	0.0012543856581979952	0.21023499007082033
120	120	0.028301553813959053	0.041174119694266265	0.21551755762889957	0.003989944926075925	0.005498980884353693	0.6147034938938369	0.031398121289218595	0.004665547682538067	0.0025466279462443946	0.05220405224060742
121	121	0.0022765844671350567	0.040982955452818375	0.0022349753316189985	0.3943955680427603	0.013464763436920898	0.36260211539151765	0.14546831241172678	0.0021728061372194743	0.012089814337767738	0.024312104990514657
122	122	0.05974171875051381	0.05135982868512475	0.0038161980249829235	0.003172805257269844	0.7863354206484329	0.07921290777995381	0.006349636480528824	0.0037100447473490347	0.0020250792143392026	0.004276360411504918
123	123	0.26708639225913855	0.19160785862441196	0.17949663414710187	0.0037280860072960017	0.28953348391331446	0.04932302265528726	0.007460902575169446	0.004359349152407693	0.0023794934988037525	0.005024777167069018
124	124	0.003329365359543814	0.2831813591943352	0.003268514547097543	0.0027174585990045563	0.2269915245999745	0.24325243415959633	0.2286846621173141	0.0031775959076828595	0.0017344490059899775	0.003662636509461116
125	125	0.05873359879780567	0.6126002405156524	0.0019389829308874545	0.020531585432954632	0.0022217838668772386	0.2672815812804834	0.003226204896204455	0.030264305860190622	0.0010289282696005434	0.002172788149343479
126	126	0.05425529936145921	0.04319687093921834	0.005034801503616694	0.8147775575249823	0.005769128018339488	0.03081734203765915	0.00837722756793497	0.029458132744203128	0.002671735535354865	0.005641904767231833
127	127	0.004037590190699445	0.053346246355574965	0.003963795152637651	0.2933691596139048	0.004541915238885466	0.08227658466070276	0.06460994638393418	0.04253002175930437	0.4468829856413175	0.004441755003038814
128	128	0.014614594866381734	0.03335212823316717	0.0024781688169698496	0.401039908797761	0.0028396100910603886	0.19652287736124865	0.01621362647520498	0.3288470463496028	0.0013150492002813902	0.002776989808321926
129	129	0.0034966393118462283	0.5486189219867731	0.02018006235480663	0.13683263810807883	0.03742805781447711	0.08800061012733888	0.12294291754333733	0.03683190690323558	0.0018215911814401032	0.0038466546686662766
130	130	0.08579643363630253	0.2266242788399496	0.03631914473342727	0.33223653628254934	0.0038686067334887738	0.30068032179627463	0.005617521204982547	0.0032822753087640654	0.0017915868826828387	0.003783294581578325
131	131	0.001885881625713509	0.04298206875771492	0.00185141336623781	0.0015392739117109282	0.065349121355873	0.7700644009560293	0.02114555217262637	0.02889749027538937	0.010014984748875265	0.056269812829829464
132	132	0.0027946063447090138	0.1306178103797929	0.0027435293230611566	0.029050800699140275	0.003143673464671523	0.6592683892767485	0.004564861089772096	0.1365163005447807	0.028225681029509075	0.003074347847814872
133	133	0.0037476948588184593	0.08541558277483345	0.003679198237891562	0.02100867736227072	0.004215809823683851	0.8482094985626504	0.00612168739606173	0.0035768558150245607	0.0019523797843328538	0.022072615384432448
134	134	0.07471973370308103	0.11129645765818653	0.002940308099815736	0.016789523211475487	0.0033691524539770454	0.3335858443816177	0.4352403849038975	0.0028585190154952734	0.01590522209337155	0.0032948544790821037
135	135	0.006584081530448896	0.05545671001401368	0.3218116646218126	0.005373987844313058	0.07047606635948885	0.4179812127113986	0.01075479473061984	0.06935352958803295	0.003430009155681484	0.03877794344419
136	136	0.0052576822098471115	0.01910271645338082	0.1562531993178942	0.0042913685309502875	0.0059144058268045295	0.434504347067052	0.1093159235495612	0.005018010242107013	0.05310288559626138	0.20723946120614142
137	137	0.12195422823096755	0.3455453115495439	0.004799040190630454	0.003989944926075925	0.028912149488605817	0.2869191334343073	0.007984952684966469	0.004665547682538067	0.1898519767802614	0.005377715032103168
138	138	0.004776551015435722	0.06310969047486813	0.004689249989987392	0.0038986648291007217	0.005373177767346198	0.646395660517586	0.0078022766658909426	0.11894647678788223	0.1397535657732623	0.005254686178640231
139	139	0.0034966393118462283	0.012704326098074589	0.003432731233284804	0.0028539891359042244	0.20490136902969536	0.7578938549882119	0.005711599692684559	0.0033372446601919324	0.0018215911814401032	0.0038466546686662766
140	140	0.0033833162759228015	0.04470171934981292	0.03573060880274228	0.1972162702338505	0.003805917645376726	0.6847174808699982	0.021731056419258786	0.0032290874661596684	0.0017625549971265603	0.0037219879397516146
141	141	0.0037476948588184593	0.3367124241235789	0.003679198237891562	0.0030589029802174724	0.004215809823683851	0.4533144621574789	0.00612168739606173	0.0933257277252908	0.0917012516945991	0.004122841002379202
142	142	0.02587800905716773	0.25173056508415187	0.004388084355198665	0.08928119651436375	0.0050280870819293935	0.34798233182594873	0.07152586952655861	0.19694009822233696	0.0023285527533701876	0.004917205578974016
143	143	0.01709476233535504	0.4349901034719936	0.017040795974461922	0.002410014682967058	0.0033215056644106153	0.45614687930327874	0.01896515734592309	0.0028180936397180006	0.043964429165220545	0.003248258416671357
144	144	0.004117209793173699	0.5671074190563625	0.004041959547595158	0.08223884398311984	0.004631479921954298	0.30081447843034503	0.02644485794665445	0.003929526374255644	0.0021448803787040027	0.004529344567835315
145	145	0.0067984698637608455	0.057262470100046196	0.006674214226446827	0.005548973571912699	0.1053324967751517	0.7246458987452593	0.043666604043313066	0.03905017675566496	0.0035416957960626135	0.007479000122381711
146	146	0.0029950486047570462	0.21171101679584012	0.017285245119480534	0.002444586191810688	0.6058565072798986	0.14710166312597536	0.004892274313953592	0.0028585190154952734	0.0015602850737067525	0.0032948544790821037
147	147	0.003226465851970097	0.3980557471263698	0.0031674957338784526	0.002633471075410016	0.14270937027447722	0.3130009261890141	0.09799021364860613	0.033986030381693934	0.0016808430092445361	0.003549436709335633
148	148	0.008449184452488726	0.5163119528006685	0.008294758703759009	0.12829969288302473	0.009504550439346294	0.2531100859135446	0.013801354677554464	0.00806402753681696	0.0044016435543899005	0.049762749038406724
149	149	0.01709476233535504	0.29356940429826966	0.0028987260570895253	0.002410014682967058	0.0033215056644106153	0.4702889492206511	0.16038585651964704	0.04524430339183518	0.001538219413103359	0.003248258416671357
150	150	0.003083514239898205	0.38041951189039147	0.0030271568484963912	0.0025167926560972272	0.15115514471283284	0.37297636330378	0.06411136950829467	0.0029429519358382746	0.016375019335498592	0.0033921755688723423
151	151	0.003681610776026252	0.01337638220401037	0.05651410593314784	0.0030049645446155538	0.00414147134738849	0.8508860601403502	0.00601374208248919	0.056413568140967346	0.001917952961400327	0.0040501418696044945
152	152	0.07048596379793352	0.4983769286222075	0.003432731233284804	0.0028539891359042244	0.20490136902969536	0.20523192797799167	0.005711599692684559	0.0033372446601919324	0.0018215911814401032	0.0038466546686662766
153	153	0.002524305550864927	0.3718802290676377	0.0024781688169698496	0.002060361385706475	0.0028396100910603886	0.40205779572503436	0.04039420510623859	0.15958299593236758	0.0013150492002813902	0.014867279123838732
154	154	0.014192628563674007	0.32347127648891816	0.013933229883870947	0.011584153845499896	0.2878706474218382	0.2892123644115414	0.02318300679971062	0.013545656175557955	0.00739371857584962	0.015613317833539206
155	155	0.005393501003119929	0.20042331034952182	0.23778694055313926	0.004402225078017927	0.21272675968272184	0.161571748131545	0.008810036130277423	0.13430986915032508	0.002809770464767822	0.031765839456563826
156	156	0.0022765844671350567	0.06279058872403112	0.3293494743998101	0.023665802432143772	0.013464763436920898	0.5152555482900069	0.0037186961488439793	0.013076622772825845	0.0011859977021613686	0.03521592162612103
157	157	0.046813790493694246	0.10552835071846077	0.2958907731100314	8.663194153652025E-4	0.0011939698399604083	0.3164774868283487	0.133907328397981	0.026431008241967185	5.529382671737531E-4	0.07233803468701729
158	158	0.09854105962671543	0.32213214294529174	0.02821220879488258	0.16788212515584078	0.07573848669711006	0.24009279622580304	0.007984952684966469	0.028078716286790192	0.025959796550496517	0.005377715032103168
159	159	0.003681610776026252	0.13680921144221875	0.30337976440956466	0.0030049645446155538	0.00414147134738849	0.5334873563849571	0.00601374208248919	0.0035137841817351866	0.001917952961400327	0.0040501418696044945
160	160	0.004286256178217226	0.03610247911145794	0.0042079162717693795	0.3319663393493707	0.06640936477135234	0.4158116698635401	0.048059884780649105	0.004090866762982609	0.08434991032946852	0.004715312581191974
161	161	0.007027289773614326	0.05918978514429233	0.006898851994686275	0.4096264629078146	0.007905050538403888	0.07588450445658347	0.314396798353606	0.006706950068645548	0.0036609006361257254	0.10870340612622777
162	162	0.0016096386775364402	0.26026001163284657	0.001580219310571424	0.009023247868386096	0.0018106945215595853	0.3565973791321848	0.18765597458165187	0.032374047095101166	0.031676333020653646	0.11741245415950839
163	163	0.014103064477091462	0.2538599060970178	0.2707350286028952	0.013655358978935567	0.0027402199356306254	0.3179825565152619	0.09731591884239296	0.025659134386719223	0.0012690207174184682	0.002679791446636672
164	164	0.003129736211273703	0.19125162009189167	0.04804262442366059	0.1524548207964675	0.003520663544413155	0.3635772600948095	0.1849926419432637	0.002987066874040173	0.0016304512345254598	0.04841311478565455
165	165	0.05425529936145921	0.09232363454635273	0.054161565110751084	0.004185958007264742	0.005769128018339488	0.4975215963054359	0.27857442740717414	0.004894750940635928	0.002671735535354865	0.005641904767231833
166	166	0.002586857256154634	0.17046730887000386	0.11404853215617751	0.00211141666233289	0.13919869761475634	0.23856232025103094	0.3139726094176219	0.002468935110216612	0.001347635814048999	0.015235686847656289
167	167	0.016624551204399915	0.5605559595019646	0.0028189932575984093	0.09861525640264227	0.0032301438247840848	0.017254678135545223	0.15597425877386634	0.002740578727754077	0.11152051685880505	0.03066506331264013
168	168	0.006584081530448896	0.181595878155212	0.3533464566571122	0.005373987844313058	0.007406482288889689	0.386446420676099	0.01075479473061984	0.03781873755273338	0.003430009155681484	0.007243151408890424
169	169	0.004286256178217226	0.2003364079472483	0.2710880506299287	0.024027722782263814	0.04588012366687855	0.33369470544564495	0.007001402571701517	0.10673707228535158	0.002232945911573342	0.004715312581191974
170	170	0.00488838520970693	0.041174119694266265	0.5901282552969336	0.003989944926075925	0.005498980884353693	0.1932664590172988	0.10163762710197496	0.004665547682538067	0.0025466279462443946	0.05220405224060742
171	171	0.206790564504137	0.09836252486277343	0.17762760920276052	0.1480172545832795	0.003418186118569416	0.28022591946901926	0.07773202034858939	0.0029001210695879147	0.001582993008719402	0.0033428068325641416
172	172	0.3401575806957983	0.21825919009408273	0.18351123027427668	0.02617732527001751	0.005253002039495324	0.18462131888338654	0.007627772058409767	0.026822707156628926	0.0024327129111360556	0.005137160616768136
173	173	0.10448331731916574	0.15494731755545108	0.4299752198665347	0.005548973571912699	0.0727708809566834	0.040851966557425054	0.043666604043313066	0.10417340839260156	0.03610331161453091	0.007479000122381711
174	174	0.010081009422557661	0.036627292574341275	0.2513142854410231	0.008228212522079243	0.011340202486407063	0.3502777599658522	0.016466865805906897	0.009621465602928226	0.1983857719808392	0.10765713419806512
175	175	0.013781484209906738	0.03145087720970644	0.6407972497741274	0.001942909684696947	0.025479892369704233	0.2081221697651155	0.015289362400826118	0.002271895463412748	0.03544331734199956	0.02542084178050417
176	176	0.186128998728249	0.07047506004519238	0.22279705737862573	0.0020855766103148564	0.0028743619587390597	0.16221321410401568	0.1265563329954825	0.21048902642161355	0.013569396444650971	0.0028109753131162775
177	177	0.0015851967008413616	0.11964518760220716	0.18377334174859827	0.07721765115008493	0.08529937850081971	0.28285111444885436	0.0025893459925066093	0.016697695158577126	0.22859721300824867	0.001743875689261816
178	178	0.0037476948588184593	0.1392649059209932	0.003679198237891562	0.0928077748904837	0.004215809823683851	0.48921401092158534	0.16766965683454096	0.0035768558150245607	0.0019523797843328538	0.09387171291264544
179	179	0.0027576948510135836	0.35343062103445594	0.00270729246075562	0.0022508558770324505	0.003102151450849646	0.3996064291651113	0.057337044628109166	0.12150505778361805	0.0014366344863453384	0.055866218262708864
180	180	0.03214605578982227	0.0838088158032472	0.0029831004884458227	0.002480163988017236	0.22172382201146282	0.16379624699280948	0.0049634750509582656	0.395850265676796	0.001582993008719402	0.09066506118972151
181	181	0.06857170516554041	0.4323628173190833	0.0017122221526463775	0.09331150807839646	0.15232406375249566	0.1524889442268364	0.0028489056836251783	0.07684565100056566	0.009262047610839836	0.010272135009970715
182	182	0.34319954212196985	0.537135641964097	0.0031674957338784526	0.002633471075410016	0.03453611873402275	0.06574777981083246	0.005270283756788024	0.003079387084421232	0.0016808430092445361	0.003549436709335633
183	183	0.07157894745427917	0.7025904164047406	0.00203524762902457	0.0016921145954536874	0.0023320887849163875	0.14153969353072599	0.013315777607878923	0.061555041938233655	0.001080011478070309	0.0022806605766766685
184	184	0.1284152640319367	0.15002701262254325	0.002858303725952026	0.0023764073638749793	0.045109769896692194	0.6589588854333919	0.0047558301461092705	0.0027787957164104294	0.0015167691576276744	0.0032029619054616382
185	185	0.5260855477882622	0.17604435599977097	0.03683689255807093	0.005209701006506777	0.007180060571952319	0.22177871484898246	0.010426012591780623	0.0060918405912757205	0.0033251512039781084	0.0070217228394198064
186	186	0.016425752808238853	0.138351599389485	0.016125539315430752	0.0134068503734261	0.01847745151594541	0.2560462051356001	0.026830712671394735	0.015676983228786173	0.4805889266215978	0.018069978940095162
187	187	0.002252028758494322	0.029754699034887932	0.0022108684276781446	0.0018381265659033826	0.0025333239020084303	0.45576686676815026	0.014464791351877176	0.2286596921300134	0.2600421450891326	0.002477457971854395
