0	0	0.004253398607715579	0.0442020985618509	0.39207430060304516	0.002890937523548898	0.19213670489492066	0.004674728257712678	0.04643598940790335	0.0065782439199996235	0.011689565232452183	0.0063622174539977846	0.00780042441962517	0.0039055837318396603	0.0037619495767168094	0.011659195763221768	0.19677921278834629	0.007366851696906615	0.0048839155165578485	0.007240772997223201	0.04263174795581645	0.0026721610905993394
1	1	0.0012965313667600703	0.013473791795131028	0.10773037685362066	8.812226467149548E-4	0.14104627318855917	0.0014249621011794508	0.47367887783305423	0.002005196401063137	0.0035632418650275942	0.0019393466853290782	0.0023777444502237756	0.06010386163257837	0.0011467266711225827	0.0035539845691377465	0.001069368886728338	0.17898563789338562	0.0014887270730603694	0.0022071501348262467	0.0012124432731676516	8.145346793298977E-4
2	2	0.0017502216275339438	0.25677465200561916	0.0658993795282758	0.001189585516012151	0.14268485037741457	0.0019235936374858362	0.3054110763904524	0.0027068671060107006	0.13205599494997383	0.034429445224113175	0.0032097794686833676	0.001607100050113055	0.0015479963478894825	0.036609087165163506	0.0014435690499651353	0.003031369583695335	0.00200967164201878	0.0029794897371751934	0.0016367089090631804	0.0010995616833413871
3	3	0.020314132381889293	0.1843020281485723	0.04951478399265296	7.200291824236853E-4	0.11524605404372494	0.001164307681517015	0.08858459622830657	0.0016384053798874124	0.16657693703406795	0.24226913657437518	0.0019428068478372503	9.727412780168272E-4	9.369671450794039E-4	0.0029038888335451325	8.737596657220188E-4	0.1077360150755213	0.010843790175542777	0.0018034176867668772	9.90662850039514E-4	6.655397945116063E-4
4	4	0.03982852684324771	0.005149769432389215	0.04101557404207449	0.0026834817934796923	0.03482741791759314	0.0043392664375663855	0.6530697472178135	0.006106184463895729	0.11849177915068587	0.005905660210533776	0.007240660422775992	0.0036253162691791156	0.0034919894030485585	0.010822523593942337	0.0032564210063672702	0.042718556327330376	0.004533442270134995	0.006721169983955619	0.003692108301234723	0.0024804049127514394
5	5	0.015887086300892903	0.24536177163997328	0.030672795605085436	0.001070406319763605	0.12838990011454451	0.0017308774850625101	0.20325226368281185	0.0024356783249574123	0.004328209931270101	0.01666790325107245	0.0028882061710400384	0.0014460919597442787	0.0013929095903139402	0.07587802258823036	0.0012989443913858487	0.031352093301463546	0.016120543191069505	0.2173641601423732	0.0014727344409401239	9.894015680050586E-4
6	6	0.0023988701013822793	0.024929498134981114	0.22112559954547908	0.001630457013275375	0.21736573705007511	0.002636495396686248	0.35319762498712765	0.0037100573246677663	0.028393335539227686	0.0035882207703746777	0.004399353703738813	0.002202706331299407	0.0021216982452863806	0.006575658362190799	0.0019785692159006445	0.004154823449880696	0.04635557297310849	0.004083716447930993	0.06764493589956118	0.0015070695078255557
7	7	0.030637792331341722	0.002084003386250224	0.176318416748228	0.0010859486464344366	0.24641432579559527	0.0017560098696563994	0.45304391900667706	0.002471044435463852	0.04795113106224593	0.016909921625275614	0.002930142997247239	0.0014670892513516116	0.0014131346725802464	0.004379647693680309	0.001317805096601623	0.00276727620834856	0.001834588745451465	0.0027199161418821837	0.0014941185820441588	0.001003767703644059
8	8	0.4116670706829134	0.15794025785291924	0.07576820797886383	5.586725658918466E-4	0.059540077305802186	0.008373300404326772	0.03138347000787451	0.001271243110552288	0.0022590039907044437	0.11327816054331523	0.02391716191547914	7.547525558745998E-4	0.015666817239150883	0.0022531351024418908	0.030557596315663495	0.06118292897481202	9.438147974518919E-4	0.0013992766002197076	7.686579514768001E-4	5.163941042658225E-4
9	9	0.20194583538098254	0.3741716748492661	0.23104375615287429	0.04400704072286122	0.08545326571144693	0.0017308774850625101	0.002881303135023011	0.0024356783249574123	0.0329526328666685	0.0023556917833732474	0.0028882061710400384	0.0014460919597442787	0.0013929095903139402	0.0043169652497343355	0.0012989443913858487	0.0027276703660651424	0.0018083317233703027	0.0026809881268851574	0.0014727344409401239	9.894015680050586E-4
10	10	7.701884918859328E-4	0.11999354417431922	0.154987457010294	5.234794611912536E-4	0.04879005035280569	0.07083998374157525	0.043405195429255354	0.04318726376054275	0.14210370505628714	0.0011520450157331175	0.04340857134128805	0.13369486241008688	6.811988572588987E-4	0.12110015510761331	6.352454180859411E-4	0.022332010952171584	0.049879811771815295	0.0013111303569582201	7.202369954162813E-4	4.83864295415831E-4
11	11	0.0016962610687990885	0.002212505954563061	0.15635975687375514	0.01656825999065304	0.07662437557801231	0.0018642878982442297	0.465563891500392	0.002623412497083749	0.004661814291053609	0.017952611082093888	0.04935687040741111	0.032388252488571	0.0015002705361765246	0.0663111038234177	0.0013990628049941954	0.0029379103360807793	0.09443981343373381	0.002887629981568544	0.0015862480269497512	0.0010656614264464139
12	12	0.003347605357097366	0.09563393677891609	0.3694241348162948	0.0022752906166167686	0.12079724337771912	0.003679209686603595	0.12781460767059438	0.005177357360050293	0.07004519215741038	0.005007335356104848	0.036561769239138994	0.09434137202734907	0.002960814096591598	0.00917628226181477	0.0027610786022637702	0.005798025174685318	0.034266352860758686	0.005698795883146441	0.0031304924049583706	0.0021031042718852692
13	13	0.0241994192313089	0.003128949005054498	0.4391310908447453	0.001630457013275375	0.08656244227051543	0.002636495396686248	0.2659954284674212	0.0037100573246677663	0.13739608118886076	0.0035882207703746777	0.004399353703738813	0.002202706331299407	0.0021216982452863806	0.006575658362190799	0.0019785692159006445	0.004154823449880696	0.0027544747132552424	0.004083716447930993	0.0022432885097813282	0.0015070695078255557
14	14	9.335434275936485E-4	0.0012176606716892112	0.3066343996772038	6.345080660433132E-4	0.22881616807005986	0.0010260176022199423	0.22228919970402222	0.0014438045767645057	0.02801732801527279	0.10320311719771233	0.001712050908224923	8.572044052400266E-4	8.256793275645721E-4	0.01104287472216004	7.699792858641404E-4	0.001616889602406191	0.00955582426493162	0.07794426249506388	8.729973512513175E-4	5.86490628711679E-4
15	15	4.8289351803867714E-4	6.298586955349289E-4	0.26832409783790245	3.282116537688722E-4	0.18418650883822044	5.307275857350451E-4	0.005271934365171695	7.468360344320621E-4	0.11981553232058259	0.04021844420689563	8.855916732926825E-4	0.026774161618701064	4.270987117195127E-4	0.04520827592236076	3.982867804299806E-4	8.36367634656995E-4	0.20242360579382335	0.10175661822857325	4.515748809574326E-4	3.0337369920253415E-4
16	16	0.0021630876125352297	0.0028214078074456144	0.4156271404942886	0.0014702010609723818	0.07805430835052511	0.0023773569605924087	0.10224644168172206	0.04266099048907856	0.20252274269799195	0.0032355382206675828	0.0039669457275885766	0.001986204578789481	0.0019131586947005522	0.005929343626952791	0.0017840976712295113	0.0037464501022915664	0.08111492201966261	0.023340127587055785	0.021680593428669574	0.0013589411872400212
17	17	0.0020812615835512187	0.021628852156542713	0.11619204962176889	0.0014145857849519842	0.018359122253974822	0.04011577256215581	0.5901471399130986	0.0032188486480174503	0.04354825375117872	0.0031131431578467475	0.003816882727734763	0.001911069742599596	0.0018407870635671736	0.0057050463582413525	0.001716608205287246	0.13600394288783688	0.0023897844240328165	0.0035430355967576367	0.0019462788725156232	0.0013075346883398955
18	18	0.039938628465649356	0.10457793613600776	0.09173087903288839	9.604383460776055E-4	0.14088348878011686	0.001553056141693499	0.2594222802177355	0.002185449411879218	0.10661834703953302	0.014955529629698913	0.0025914869025226257	0.0012975279989001253	0.0012498093092837906	0.003873462710351905	0.001165497605792279	0.002447443710540746	0.014464402493179143	0.10514035222932315	0.10405622823795183	8.877556008742818E-4
19	19	0.002347689187899675	0.003062191547772047	0.3444203417435132	0.0015956705197151494	0.02070932032553144	0.002580244646502931	0.1109723268934323	0.0036309016743305894	0.07045840194584442	0.13152421542968448	0.0043054916221026765	0.002155710655249729	0.00207643091119204	0.02777078904124689	0.0019363556004989583	0.2387558551292702	0.0026957068241945112	0.025332013767166518	0.0021954269957003944	0.0014749155391517849
20	20	0.0020812615835512187	0.002714678613634932	0.021621181907229975	0.0014145857849519842	0.22641503122596043	0.00228742547634024	0.1740353219691274	0.0032188486480174503	0.10029077437990207	0.0598556637865701	0.06055940335645811	0.001911069742599596	0.0018407870635671736	0.024619219901149136	0.001716608205287246	0.3062315047740069	0.0023897844240328165	0.0035430355967576367	0.0019462788725156232	0.0013075346883398955
21	21	0.06999230906563236	0.027129672824531686	0.06164749900302334	6.454600959515108E-4	0.13783204025762635	0.0010437273462991974	0.0017374394785038855	0.001468725601023381	0.0026099311503998373	0.0014204933364594476	0.0017416020420161148	8.720003216137465E-4	8.39931100196018E-4	0.011233482061454796	7.832696388458802E-4	0.3554883899940326	0.1391757367390079	0.001616648576968718	0.18212502752059798	5.966138458152571E-4
22	22	0.0022516110306938985	0.0029368726927730794	0.16662683197511338	0.001530368398875648	0.1630977755815781	0.0024746492584703877	0.12689311492907904	0.0034823086051700394	0.006188076041982201	0.33076446588248537	0.004129291253225647	0.002067489135854078	0.0019914538807824385	0.006171999431670747	0.0018571110911533818	0.10621118277482333	0.0025853861968429177	0.024295312140049458	0.043030144436093855	0.0014145552632829658
23	23	0.016247251669135952	0.0473050514794365	0.15510170121571681	5.758796445763739E-4	0.21537358253393268	9.312137760202878E-4	0.17094978609092754	0.009010381051682673	0.010028564902683852	0.11676712051863766	0.03235379268255084	0.008477982621521666	7.493867188435188E-4	0.002322531517017389	6.988333501253594E-4	0.20166706645541638	9.728842318126975E-4	0.0014423742284752883	0.008492316302403786	5.322990090827313E-4
24	24	6.594167592005091E-4	8.601055186055252E-4	0.3364474419609793	0.006440864858357442	0.1376556515607627	0.006717411124884277	0.10308189698970702	0.1568293788054378	0.04975366253793005	0.09686914354994011	0.0012093224890437307	6.054940072073665E-4	5.832259863099592E-4	0.025778256653148326	5.438817631064303E-4	0.031105476470615307	7.571676297386449E-4	0.04307127893185452	6.166494960353881E-4	4.1427290713556906E-4
25	25	0.0013440405263776094	0.01396751569681186	0.35596649261953267	9.135135333488749E-4	0.28057335789720617	0.01369160346353736	0.014673407644759577	0.0020786733707107616	0.08919479328535236	0.002010410705521113	0.002464872801694121	0.0012341337595849937	0.0011887464955963962	0.07697077069218887	0.001108554068384655	0.0023278672293951734	0.0015432789134201754	0.13664671422698238	0.0012568711693751121	8.443819002197461E-4
26	26	0.0011359211521919845	0.14600461590743544	0.2698772741463348	7.720595658981551E-4	0.4848813691878754	0.0012484422924888723	0.00207821796879725	0.0017567989982060863	0.023767979463966537	0.0016991065374713597	0.012406267349360164	0.0010430330147299092	0.03197388492584288	0.0031137281751507048	9.368988433856404E-4	0.00196740617077317	0.0013043082608606704	0.012256805719451425	0.0010622496262976144	7.136326934818907E-4
27	27	9.579242095949069E-4	0.30594065029629175	0.10571148167119175	6.510791246346824E-4	0.07809369417491192	0.009758276010652897	0.2455055156740142	0.0014815115367173496	0.0026326518082486865	0.062371097133287104	0.0017567634933438416	0.00958505402278779	8.472430889207924E-4	0.09838590006911577	7.900883633416903E-4	0.019070041988064716	0.0010999253402774005	0.05386349746084999	8.957968884548495E-4	6.018076452978902E-4
28	28	0.015233031209020226	0.0019696083360447626	0.15291695924139703	0.001026338786513362	0.19171918106748467	0.0016596190295426153	0.030208667555774414	0.0023354039398102264	0.2237178997437319	0.0022587103623236677	0.04393827876260623	0.0013865578329904178	0.17973446563001164	0.0041392402062902485	0.0012454681795018847	0.0026153749672685207	0.11151782345005953	0.03001659931161642	0.0014121034704884174	9.486689175237585E-4
29	29	8.742098021141111E-4	0.0011402692830085573	0.2553667864578309	0.008538859703983156	0.09510300925555716	0.03273952392718767	0.0015994054831590745	0.0013520400615943812	0.034181297861195566	0.0013076396957898914	0.2319989382896553	8.027226921921146E-4	7.732012675838025E-4	0.07389845267615842	7.21041377648958E-4	0.0015141242470137622	0.2155101435042751	0.009432890374367961	0.032596229250834434	5.492147888496427E-4
30	30	0.0012381753199442595	0.012867345051965838	0.4517040402304117	8.415593795196868E-4	0.15720255064049882	0.001360825469225083	0.013517636446714068	0.001914943794720301	0.0034028626297675753	0.0018520579325363397	0.0022707236946827563	0.02364160542566914	0.012347453194953093	0.014646361956035808	0.0010212372777158747	0.0809108892556869	0.1589544798212908	0.013360147677408032	0.0011578719776136584	0.04578723282364024
31	31	0.0014130803902632464	0.04036868934369758	0.11741457774981245	9.604383460776055E-4	0.2564601330062752	0.001553056141693499	0.02826899176541884	0.4002827795242023	0.016725401530298778	0.014955529629698913	0.0025914869025226257	0.0012975279989001253	0.014091658667745826	0.003873462710351905	0.001165497605792279	0.002447443710540746	0.014464402493179143	0.0794566535123991	0.001321433370255549	8.877556008742818E-4
32	32	0.0010107167504208878	0.0013183211416070689	0.2952420436717927	6.869610043532834E-4	0.06402708124696654	0.001110835496387599	0.0018491509802733613	0.09341548702192776	0.011962973657173824	0.010697059001248066	0.0385945121088499	0.01929853246601689	0.15704289227524584	0.002770524359731601	0.08350072582040588	0.0017505531681003344	0.03790147468796614	0.0017205936309410011	0.17546458740560322	6.349741049880694E-4
33	33	0.04874215013633203	9.839292372816073E-4	0.19978775536809446	5.127134775609887E-4	0.5002430384884121	8.29072286115058E-4	0.0013801141893400619	0.0011666645470522186	0.008928567687061573	0.007983752040435246	0.042515821953547035	6.926629858811152E-4	6.671891848841405E-4	0.0020677813880901285	6.221808333613547E-4	0.11784832932521691	0.04199857334134128	0.008139565600613683	0.014416224884145687	4.7391304523332714E-4
34	34	0.26912691702132835	0.0016714275063140717	0.18799399839733813	8.709604072961502E-4	0.3140855626642888	0.013053823609404295	0.002344437720227146	0.001981844974921122	0.00352174628923601	0.0019167621091438162	0.01399551037367631	0.0011766455587862356	0.001133372516311812	0.0035125967987766583	0.05928419480582906	0.002219430929296454	0.0014713901676710738	0.09534509359699461	0.024489235501469447	8.050490516904318E-4
35	35	0.04609018230600644	0.028353158615192477	0.17266213438493241	6.74568860400787E-4	0.035813472885511996	0.0010907970469100526	0.0829916503184593	0.0015349617445572224	0.07488394976522732	0.3261879795924487	0.0018201442848649028	9.113255287346133E-4	8.778100592557335E-4	0.10193548215260007	0.04591629125151294	0.07387529152901183	0.0011396086208925729	0.0016895557061923584	9.281155904585572E-4	6.235197568296505E-4
36	36	0.0014503302350605883	0.0018917278361085025	0.33139563308137127	9.857562116253268E-4	0.13141691179038772	0.0015939958508836211	0.14763751340519196	0.0022430594756561117	0.01716629549179575	0.06807124850134035	0.08174202047981094	0.0013317317971498705	0.0012827552075623885	0.00397557005384283	0.0011962209851743594	0.002511960137911796	0.1598297649656357	0.04201007966623453	0.001356267331784714	9.111574954716426E-4
37	37	0.0010696676270184001	0.001395213294529643	0.26385743151232827	0.04933187307378111	0.21357604637129685	0.0011756258802814172	0.11860863103947927	0.05025917677770073	0.07098653723863563	0.0016000047665995602	0.0019616928127876945	9.821972657301334E-4	9.46075373558929E-4	0.002932117446590929	8.822534562603362E-4	0.05045750011561743	0.0012282334206058767	0.04070482426207052	0.0010002930527971282	0.12704460521233013
38	38	0.001090876377705635	0.0212502980719889	0.16995193749056045	0.05030999690451955	0.6242728451826258	0.0011989355098958512	0.0019958065623740954	0.0016871334104675956	0.002998042683937389	0.0016317287351820119	0.0020005881226395268	0.010915382352548868	0.1001019400869244	0.002990253774492875	8.99746267227172E-4	0.001889388988757924	0.0012525861220856528	0.001857053370138265	0.00102012628457407	6.853337013538305E-4
39	39	8.039513128471296E-4	0.0010486281266316947	0.3298238278452584	5.464272765783494E-4	0.3358699383437513	8.835884586914301E-4	0.0014708644708067388	0.09622373739336856	0.0022094899119482012	0.001202547314865363	0.008780569763846469	7.382094786393107E-4	0.008017242022598148	0.10449028913311424	6.63092727599406E-4	0.0013924371166470786	9.231277511232278E-4	0.00867478788510116	7.518100882137671E-4	0.09548543357837
40	40	0.001360660209931274	0.0017747673822056807	0.1872516995474708	9.248095512503344E-4	0.17275360937242898	0.0014954433663877122	0.0024893880109987496	0.0021043771296039193	0.028470412637951335	0.002035270364945753	0.0024953520954060448	0.001249394395067822	0.4339946549131383	0.0037297712295381413	0.0011222618528279825	0.002356652385756318	0.05102421473093961	0.02704724609866985	0.07546519165201966	8.548230734616843E-4
41	41	0.0026923428660072745	0.0035117380999516537	0.2481776441687281	0.0018299237234621491	0.17055505942169652	0.0029590387442984182	0.00492576030607601	0.028631520838068542	0.007399334147340239	0.004027196215089212	0.004937561459655021	0.00247218082945207	0.34492742212582383	0.007380110690672288	0.0022206232468620062	0.004663115884582619	0.0030914514043744743	0.1513888068328986	0.0025177277470029105	0.0016914412479580219
42	42	0.016247251669135952	0.0473050514794365	0.13200175000763514	5.758796445763739E-4	0.2769734524221505	0.008631197512047517	0.001550143898328524	0.016710364787709903	0.03312851611076553	0.15526703919877377	0.0015538577384419322	7.779988854944374E-4	0.285648784951851	0.002322531517017389	6.988333501253594E-4	0.016867456790762896	9.728842318126975E-4	0.0014423742284752883	7.923325663765575E-4	5.322990090827313E-4
43	43	0.0021630876125352297	0.0028214078074456144	0.0814446178066135	0.0014702010609723818	0.176343285611606	0.0023773569605924087	0.00395746442064113	0.0033453995846461897	0.00594478817583011	0.0032355382206675828	0.10225592298866949	0.021644000031005663	0.13951772686021385	0.025587139079168975	0.0017840976712295113	0.0037464501022915664	0.0024837402107978756	0.41649603663137946	0.002022797976453387	0.0013589411872400212
44	44	0.0012522662454550416	0.0016333844923583356	0.1837151060866592	8.511366585517431E-4	0.46626227106807216	0.0013763122020093294	0.013671472503033666	0.0019367366135029857	0.026202380638795826	0.036014323212237784	0.013676961471942866	0.001149864173865406	0.0011075760601136117	0.20827977607497783	0.0010328593623894539	0.002168914923368554	0.0014379001619893527	0.002131795406848752	0.03531223714622107	7.867254976069823E-4
45	45	0.0019348753136836185	0.0025237407328418293	0.21352267142825818	0.0013150903932609877	0.2808254037132345	0.0021265385961287565	0.0035399399302671825	0.12607931897157215	0.04048527191541857	0.0028941791323524417	0.003548420930596415	0.0017766539760823233	0.0017113146541469474	0.005303779904084396	0.036763546868972534	0.020935026716616213	0.0022216980910189027	0.003293834934468703	0.036977063568559704	0.21222163022843557
46	46	0.0011243147716760874	0.0014664919055754069	0.45103645984572693	7.641709751403717E-4	0.04057053045974404	0.0727588403145984	0.09401532456550936	0.0017388487402821271	0.17678902955118989	0.0016817457576558887	0.0020619117108889367	0.0010323757274382356	9.944084412241254E-4	0.11547544123468029	0.011144919434462936	0.0019473040143838344	0.0012909813693274292	0.0019139772191498678	0.0010513959914815985	0.0211415279698642
47	47	0.0014503302350605883	0.015072097846905427	0.2918545230489805	9.857562116253268E-4	0.19731876184437233	0.0015939958508836211	0.25308047349156737	0.0022430594756561117	0.12260925557817115	0.0021693984473557266	0.00265980041502939	0.0013317317971498705	0.0012827552075623885	0.00397557005384283	0.0011962209851743594	0.002511960137911796	0.0016653248360726067	0.09473155970942224	0.001356267331784714	9.111574954716426E-4
48	48	0.011341908214231899	0.0014664919055754069	0.02189753525838292	7.641709751403717E-4	0.1836168386555254	0.0012356862167077287	0.20640885243362328	0.0017388487402821271	0.013307534470296903	0.05276971297043494	0.0020619117108889367	0.0010323757274382356	0.0827351559816706	0.0030819133665663835	0.09288566697490941	0.19608157942294424	0.0012909813693274292	0.11430750508726377	0.01126898943403741	7.063410847525767E-4
49	49	0.13422694694105455	0.002114709014297357	0.09051250983844222	0.0011019489732264675	0.22057705997532004	0.001781882853481911	0.002966209160549431	0.002507452711872564	0.07812556652813506	0.017159071778849084	0.01770727826070855	0.0014887052895793632	0.16350754485197677	0.004444177259201602	0.016071184233662102	0.0028080491526335113	0.001861619507497705	0.23850339362059617	0.0015161328694206805	0.0010185571794948042
50	50	0.001090876377705635	0.0014228767763176037	0.5665003634039864	0.01065515431317697	0.06910504890382967	0.0011989355098958512	0.051564359801552336	0.0016871334104675956	0.02282546397960868	0.0016317287351820119	0.0020005881226395268	0.0010016717047132211	9.648336085679415E-4	0.08229993895717805	8.99746267227172E-4	0.001889388988757924	0.0012525861220856528	0.17039013438334427	0.010933836932409718	6.853337013538305E-4
51	51	0.0014697014438965472	0.04198623194083867	0.5361680768846422	9.989223781818285E-4	0.06639010792389681	0.001615285916942148	0.25646072068341036	0.002273018703205826	0.004039163145794371	0.015554786296985796	0.016051738275615398	0.0013495189563308963	0.0012998882152115512	0.0040286694072819845	0.0012121982060566098	0.002545510913619827	0.001687567601478324	0.015858358679804438	0.001374382197686474	0.027636152229120005
52	52	7.198066998050931E-4	0.007480363263520617	0.18409790159688183	4.892361121277704E-4	0.1764282259745598	7.911087179945737E-4	0.3153083690217231	0.027279196724263825	0.001978236264258075	0.02724263835955254	0.040569004613294185	0.007202434216078606	6.366383119460426E-4	0.0019730968100385893	5.936909117391338E-4	0.03395414212906055	0.11203181518322197	0.0012253629146618617	0.013756099893122247	0.046242632282149615
53	53	0.001510038847273827	0.0019696083360447626	0.7292826384347457	0.001026338786513362	0.1231042192587527	0.0016596190295426153	0.08510063700276001	0.0023354039398102264	0.017873014317535935	0.0022587103623236677	0.002769301677367045	0.0013865578329904178	0.0013355649273084956	0.0041392402062902485	0.0012454681795018847	0.01633836732901492	0.0017338845560883596	0.0025706145881236237	0.0014121034704884174	9.486689175237585E-4
54	54	0.002347689187899675	0.003062191547772047	0.21640779086855036	0.0015956705197151494	0.04204474547135858	0.002580244646502931	0.47367455437249373	0.0036309016743305894	0.07045840194584442	0.02484708970054879	0.02564091676792982	0.002155710655249729	0.00207643091119204	0.006435363895419745	0.0019363556004989583	0.004066178525171639	0.0026957068241945112	0.11067371435047509	0.0021954269957003944	0.0014749155391517849
55	55	0.0032487696497047014	0.004237509382953813	0.06327413793978713	0.002208114252132695	0.11723078923311443	0.00357058359325288	0.2716624745579333	0.005024499504204083	0.0089285553149298	0.004859497281039141	0.005958007806586523	0.0029831067018653555	0.0028733981307058998	0.038429659705622954	0.002679559687185289	0.005626842535607042	0.0037303619917336455	0.44839505433714744	0.003038066805663804	0.0020410115888300157
56	56	0.009338212894644248	0.11898273798885851	0.07691671185265261	6.291702523931907E-4	0.06705331128297017	0.0010173862056223433	0.23724423256114913	0.08555688776301093	0.11190686082646026	0.0013846435381966301	0.018522694085783758	0.034500084843669294	8.187332812947723E-4	0.0025374533628947805	7.635018174719316E-4	0.0016032874815627414	0.0010629127517247602	0.21188892136069473	0.017690699086091426	5.815567628537903E-4
57	57	0.01611776719335129	0.002084003386250224	0.37959876868009407	0.0010859486464344366	0.2318943006576048	0.0017560098696563994	0.23524354193682062	0.002471044435463852	0.004391055648274644	0.0023898964872851843	0.061010243549208955	0.0014670892513516116	0.0014131346725802464	0.004379647693680309	0.001317805096601623	0.01728730134633899	0.001834588745451465	0.03175996641786305	0.0014941185820441588	0.001003767703644059
58	58	0.005272401059807596	0.006877018493342885	0.43809025192802153	0.0035835301293764823	0.23816760664714523	0.00579467021397139	0.05756083131341813	0.008154218170985524	0.014490077654248439	0.007886437444714418	0.009669200977866811	0.10067073983308149	0.004663213764927899	0.014452432458835578	0.00434863497811166	0.057046496106072146	0.006053973238906051	0.008975471792165181	0.004930453178606884	0.003312340616394607
59	59	0.0548953513205255	0.0019169945333669539	0.14883211527908222	9.989223781818285E-4	0.05303369545473957	0.001615285916942148	0.577014619943184	0.002273018703205826	0.004039163145794371	0.0021983738278285587	0.0026953258064581582	0.0013495189563308963	0.028012713153526027	0.03074149434559646	0.0012121982060566098	0.05597116079024878	0.001687567601478324	0.0025019462106472003	0.02808720713600095	9.233272908055261E-4
60	60	0.001670509578583728	0.2147174642537043	0.12362335903893057	0.0011354070637572583	0.22727436395307257	0.0018359855381575008	0.15486951903747595	0.0025835856199053825	0.004591041774186918	0.002498741871654502	0.0030635933548209824	0.0015339063266170164	0.0014774944418928211	0.004579114256000899	0.001377823178148907	0.033255958546582455	0.19927536548813699	0.01802511672370274	0.001562166680453925	0.0010494832742145462
61	61	0.016897816219456928	0.0011494009046323485	0.08122918070712286	0.008607241477549555	0.44822994351814566	9.68500985191804E-4	0.2819028099167794	0.009371170348019113	0.0344550320425242	0.0013181116703490036	0.0016160765543658938	8.091511385276933E-4	7.79393297413793E-4	0.0024155291945781423	7.268156952894498E-4	0.06559267173472609	0.001011839989110772	0.04154164277737982	8.240587616892472E-4	5.536130671481976E-4
62	62	7.293487528499333E-4	0.21305388773633438	0.04734606939666154	4.957216268286457E-4	0.059459337055488636	0.04719903249438775	0.36588566268887807	0.007756205303231147	0.09479933360517105	0.02097557273855551	0.007965777907487523	6.697074238001265E-4	6.450778507063953E-4	0.015255663423898967	0.1000246393675579	0.007891431307568366	8.374662286681452E-4	0.007869812044749161	6.820459665360034E-4	4.5820708064074064E-4
63	63	0.002905623626334047	0.1886308400887304	0.10940259856570585	0.0019748857667470743	0.10484847731832446	0.0031934464942133724	0.4806211659819595	0.004493794895937328	0.007985491145686047	0.030752065159078933	0.005328702898426194	0.0026680208963424895	0.0025699001150180146	0.00796474485420162	0.028802379936794468	0.005032516421903686	0.003336348558582795	0.004946388296523415	0.002717175928345777	0.001825433051144495
64	64	0.03547098303586973	0.26014862352542945	0.06164749900302334	6.454600959515108E-4	0.16372303477994835	0.0010437273462991974	0.0017374394785038855	0.001468725601023381	0.01987059416528115	0.3380034221266451	0.0017416020420161148	8.720003216137465E-4	8.39931100196018E-4	0.04575480809121743	0.05256525868348983	0.0016447981889655898	0.001090432619957372	0.001616648576968718	8.880658643441503E-4	0.009226945353255914
65	65	0.0012666815835351746	0.0016521870351543656	0.12827292253505312	8.609344333699567E-4	0.20686739497798803	0.0013921554827555638	0.08289725231911642	0.001959031164008635	0.03801540706926573	0.14003150153895838	0.002323002113691849	0.0011631007207041173	0.0011203258115454232	0.04951776323940428	0.0010447490200018927	0.28997889060010695	0.0014544524063988655	0.04820193670581522	0.001184529433360616	7.9578180976538E-4
66	66	0.0011848461530977316	0.13075776144580478	0.2384303247213982	8.053127673971918E-4	0.1719671014088666	0.0013022136657685449	0.07754157934352696	0.0018324656872298693	0.02479168468730743	0.055610753312333366	0.002172921872254611	0.001087957251849635	0.0010479458652276426	0.18629861966315228	9.772517998146873E-4	0.07742599479582017	0.01212817881345579	0.002017022814567942	0.011875694526643556	7.443694044830001E-4
67	67	0.0018691419340495787	0.019424465848339987	0.12133636120706451	0.001270412922076176	0.22032555057212136	0.0020542938536085536	0.24123017349234638	0.08782310739632701	0.039109868689389975	0.002795855393199632	0.003427870681966592	0.0017162958385515854	0.0016531762846929607	0.1240288428146607	0.0015416535846307364	0.1221425864277881	0.002146220501834545	0.003181933717543726	0.0017479164967656065	0.0011742723430422652
68	68	0.011227193317413587	0.0014516594396044799	0.06213305869551295	7.564419587430446E-4	0.1210741911387485	0.0012231881772092636	0.6594624382638185	0.0017212615891558452	0.013172938737830061	0.0016647361603800044	0.06272655789955521	0.0010219340210856661	9.843507455017122E-4	0.05362199285675548	9.179467848575496E-4	0.0019276084944709134	0.0012779240608234749	0.001894618774780527	0.0010407619094206402	6.991969743325812E-4
69	69	0.04067901868839426	0.15699754578365996	0.060595645548902004	0.0014418573246138431	0.28861649431551306	0.0023315243321785774	0.254505782682081	0.0032809042401941444	0.005830179695918088	0.022451977295706957	0.0038904677091486798	0.0019479129053376215	0.13682799021640196	0.005815032899663302	0.0017497023797462046	0.003674222978533718	0.002435856639232912	0.0036113411296056384	0.0019838008256056927	0.0013327424095623507
70	70	0.01114818999234836	0.014541061629229987	0.31843889754561644	0.007577169163047624	0.30096581243787535	0.012252498198745224	0.12170908023125945	0.01724162717859011	0.030638439083262383	0.01667542017367986	0.020444971532456495	0.010236564566178314	0.009860098356828613	0.030558840474203423	0.009194939533892282	0.019308574139652007	0.012800779589855432	0.018978120912082577	0.010425160787273886	0.007003754473922153
71	71	0.01240497488764954	0.016180339990094213	0.24160349203338485	0.12116581161743514	0.22216058855577442	0.013633776655289018	0.022695450000419348	0.019185352269689118	0.034092446189517144	0.01855531423822896	0.13548425841115808	0.011390577884517727	0.0109716709699211	0.034003874076273116	0.010231525843179715	0.021485315327698967	0.014243868239013	0.02111760864236663	0.011600435393961137	0.007793318774428772
72	72	0.0012666815835351746	0.0016521870351543656	0.16280712354650412	8.609344333699567E-4	0.2644243966637397	0.0013921554827555638	0.0023174499590640956	0.001959031164008635	0.07254960808071673	0.0018946974931543811	0.002323002113691849	0.0011631007207041173	0.0011203258115454232	0.22218876829665926	0.0010447490200018927	0.002193882171348669	0.047500053755000195	0.20936154142591987	0.001184529433360616	7.9578180976538E-4
73	73	0.13702235732387408	0.0011494009046323485	0.0972457861877118	5.989387372550779E-4	0.38416352159578987	0.008976803725486282	0.0016122140064726994	0.0013628676077246354	0.002421821081346295	0.01733471715093796	0.0016160765543658938	8.091511385276933E-4	7.79393297413793E-4	0.24266461140341244	7.268156952894498E-4	0.0015262498123702688	0.001011839989110772	0.09759976195944114	8.240587616892472E-4	5.536130671481976E-4
74	74	0.0013440405263776094	0.001753089617207236	0.0872491188682309	9.135135333488749E-4	0.26835893181760156	0.0014771773839327342	0.06353111196317808	0.02650752552992001	0.10140921936495699	0.07529696718314886	0.10018028143853112	0.0012341337595849937	0.0011887464955963962	0.06475634461258424	0.01332298014798928	0.014542293308999798	0.0015432789134201754	0.00228802735133152	0.17225883628383984	8.443819002197461E-4
75	75	0.0014697014438965472	0.0019169945333669539	0.4426731896005415	9.989223781818285E-4	0.02632087051642509	0.001615285916942148	0.37666843290582547	0.002273018703205826	0.004039163145794371	0.0021983738278285587	0.0026953258064581582	0.0013495189563308963	0.0012998882152115512	0.12423638162969712	0.0012121982060566098	0.002545510913619827	0.001687567601478324	0.0025019462106472003	0.001374382197686474	9.233272908055261E-4
76	76	0.0026923428660072745	0.0035117380999516537	0.07690456429739786	0.0018299237234621491	0.14608747658293508	0.05189420442182134	0.2740691715324521	0.12650185219311438	0.007399334147340239	0.004027196215089212	0.004937561459655021	0.02693976366821353	0.002381262383163377	0.20312077340076395	0.026688206085623466	0.004663115884582619	0.0030914514043744743	0.029050892639091275	0.0025177277470029105	0.0016914412479580219
77	77	0.002347689187899675	0.08840389213108062	0.2804140663060318	0.06560194595719658	0.08471559576301287	0.002580244646502931	0.13230775203925943	0.0036309016743305894	0.09179382709167155	0.13152421542968448	0.0043054916221026765	0.002155710655249729	0.00207643091119204	0.006435363895419745	0.0019363556004989583	0.004066178525171639	0.0026957068241945112	0.046667438912993665	0.04486627728735468	0.0014749155391517849
78	78	0.0020812615835512187	0.021628852156542713	0.15402039670758447	0.0014145857849519842	0.3777284195692227	0.021201599019248025	0.0038077600829573522	0.0032188486480174503	0.005719906665363156	0.1733407050440168	0.09838775044227367	0.001911069742599596	0.09641165477810609	0.024619219901149136	0.001716608205287246	0.0036047280874823917	0.0023897844240328165	0.0035430355967576367	0.0019462788725156232	0.0013075346883398955
79	79	0.002347689187899675	0.003062191547772047	0.17373694057689607	0.0015956705197151494	0.2767344220754571	0.002580244646502931	0.004295201164296583	0.0036309016743305894	0.04912297680001727	0.1741950657213388	0.0043054916221026765	0.002155710655249729	0.25810153266111774	0.006435363895419745	0.0019363556004989583	0.004066178525171639	0.0026957068241945112	0.003996588621339378	0.0021954269957003944	0.022810340684978926
80	80	0.0014895971174095366	0.0019429453123639016	0.4486657544781371	0.0010124450113558375	0.1755866149302259	0.06932325829421175	0.04333694732046072	0.01584101023904388	0.0040938421906766866	0.042839797237296674	0.0027318130280494035	0.001367787692927878	0.10961525452076037	0.0582320911117409	0.0012286080012846746	0.016117191236779783	0.001710412577353897	0.0025358156098784644	0.0013929875134809108	9.358265765616833E-4
81	81	0.0016212831271224775	0.002114709014297357	0.1936502483603894	0.01583591161921892	0.2353110226213125	0.001781882853481911	0.017700171806541886	0.1498470791717971	0.004455753298172796	0.1644986982387736	0.07664312884467836	0.0014887052895793632	0.045635843684037156	0.004444177259201602	0.0013372215876696497	0.0028080491526335113	0.07553143273745998	0.0027599912847169074	0.0015161328694206805	0.0010185571794948042
82	82	0.0014697014438965472	0.0019169945333669539	0.20225776515571117	9.989223781818285E-4	0.28009270743041265	0.001615285916942148	0.002688883769422795	0.002273018703205826	0.030751988084108846	0.362821510495074	0.0026953258064581582	0.0013495189563308963	0.06808195056099775	0.0040286694072819845	0.0012121982060566098	0.002545510913619827	0.001687567601478324	0.02921477114896168	0.001374382197686474	9.233272908055261E-4
83	83	6.840110938470704E-4	8.921849625395642E-4	0.34899595678580764	4.649066593803832E-4	0.3727886090583203	7.517673004348897E-4	0.007467612335028745	0.007274065325860892	0.001879859622547978	0.0010231411916362182	0.001254426714218739	0.013060444774687301	6.049786258686944E-4	0.014307343345921826	0.006780350774756793	0.0074008854332263205	0.20591947311039077	0.007380610063519651	6.396487356718138E-4	4.2972408633436444E-4
84	84	0.0016212831271224775	0.002114709014297357	0.11998043513042714	0.0011019489732264675	0.3089808358512748	0.001781882853481911	0.20924168620444378	0.002507452711872564	0.004455753298172796	0.0024251091328566328	0.04717520355269345	0.0014887052895793632	0.0014339557460598007	0.10758191578114877	0.0013372215876696497	0.0028080491526335113	0.13446728332142976	0.04696187922269427	0.0015161328694206805	0.0010185571794948042
85	85	9.256899721098357E-4	0.01803246291844558	0.4134176287540291	6.291702523931907E-4	0.06705331128297017	0.0010173862056223433	0.2204191867160803	0.009844181460201227	0.11190686082646026	0.03503473522833427	0.018522694085783758	0.0429126077662037	8.187332812947723E-4	0.0025374533628947805	7.635018174719316E-4	0.0016032874815627414	0.0010629127517247602	0.05205098583254089	8.656532410226039E-4	5.815567628537903E-4
86	86	0.0019348753136836185	0.020107579187427647	0.020100448427814194	0.0013150903932609877	0.17532237298571962	0.0021265385961287565	0.14421064756695373	0.020576288244057266	0.005317595006246938	0.05564569449610989	0.021132259385182234	0.0017766539760823233	0.07204666847249022	0.005303779904084396	0.0015958699598008965	0.020935026716616213	0.0022216980910189027	0.003293834934468703	0.42382150956944764	0.0012155687734057515
87	87	0.0021630876125352297	0.0028214078074456144	0.454942731398721	0.0014702010609723818	0.11736989925495749	0.0023773569605924087	0.00395746442064113	0.0033453995846461897	0.00594478817583011	0.0032355382206675828	0.023624741179804763	0.001986204578789481	0.0019131586947005522	0.08456052543581753	0.0017840976712295113	0.0037464501022915664	0.0024837402107978756	0.18060249120478525	0.10031177523753432	0.0013589411872400212
88	88	0.03708146123093356	0.0017112848915883361	0.16863064824985594	8.917296027180844E-4	0.29772903156090946	0.013365109187113672	0.0024003439184401205	0.002029104672647105	0.08706782623054271	0.0019624698204113735	0.05009872282681124	0.013127861257366794	0.0011603992733032183	0.01551951632429705	0.0010821191398974496	0.002272356176311006	0.025352791477795112	0.2526197641520636	0.025073213502768928	8.242465042252817E-4
89	89	0.0010801679056380606	0.001408909257608615	0.2860803474776624	0.010550559122860053	0.45126604319202046	0.05026913508928198	0.0019762149392880636	0.01148696560507291	0.0029686127164411068	0.0016157110434071606	0.00198094956187514	0.0206246264218189	9.553624219528851E-4	0.0029609002659986648	8.9091400358354E-4	0.12948396088883377	0.0012402902434923361	0.0018388238030227447	0.020642899844257146	6.786061958840079E-4
90	90	0.0020812615835512187	0.002714678613634932	0.11619204962176889	0.0014145857849519842	0.3209858989404994	0.00228742547634024	0.0038077600829573522	0.24910310470581862	0.08137660083699429	0.0031131431578467475	0.003816882727734763	0.03973941682841516	0.0018407870635671736	0.0057050463582413525	0.001716608205287246	0.0036047280874823917	0.0023897844240328165	0.09811390331129656	0.05868879950123897	0.0013075346883398955
91	91	0.02609158643945115	0.0017747673822056807	0.26144447823603045	9.248095512503344E-4	0.28404277740526845	0.0014954433663877122	0.0024893880109987496	0.0021043771296039193	0.0161049495231914	0.002035270364945753	0.22507368816108492	0.001249394395067822	0.0012034458965404938	0.12738440237713752	0.0011222618528279825	0.002356652385756318	0.013927825386659798	0.002316319869149972	0.0260033391929799	8.548230734616843E-4
92	92	0.0014130803902632464	0.0018431412683114728	0.2073075232590467	9.604383460776055E-4	0.1280416394216548	0.001553056141693499	0.015427142406956808	0.19481318978880974	0.003883552171836742	0.002113680271236879	0.1695355285625291	0.0269812267158242	0.0012498093092837906	0.19650120308728242	0.001165497605792279	0.002447443710540746	0.001622553134717107	0.015247406720088915	0.02700513208717962	8.877556008742818E-4
93	93	0.0022516110306938985	0.0029368726927730794	0.3712496536437083	0.001530368398875648	0.019861800413561632	0.0024746492584703877	0.004119421927922063	0.0034823086051700394	0.10849948687627967	0.04429251554645249	0.04505385558694463	0.002067489135854078	0.0019914538807824385	0.27218166760084417	0.0018571110911533818	0.0038997719405258657	0.0025853861968429177	0.003833029973189965	0.10441699093667234	0.0014145552632829658
