0	0	0.27118505912944496	0.011591152029049166	0.38348222138808524	0.07088613257259856	0.26285543488082214
1	1	0.7541987085076679	0.0033331090101356422	0.06197146946386928	0.17736287150722468	0.0031338415111024785
2	2	0.7639394892370619	0.004538899199603928	0.10083405526241379	0.1264200118902293	0.004267544410691129
3	3	0.780425317686794	0.0027110988473242354	0.06022850012108952	0.06568919885757075	0.09094588448722143
4	4	0.8312638679529075	0.010693085240173853	0.08259526904065184	0.06539397085340785	0.010053806912858908
5	5	0.6998287685792879	0.0925482501303032	0.0461866042656283	0.14286303390018035	0.018573343124600305
6	6	0.7179941580798206	0.029124009402843633	0.23125437459831585	0.015704073416125734	0.005923384502894231
7	7	0.6055339741710072	0.004131296404874762	0.2564161725452982	0.1300342470260982	0.003884309852721584
8	8	0.3145190944403649	0.017267013914180243	0.08445320744423725	0.005219883290299826	0.5785408009109179
9	9	0.37540989316377055	0.004070375016980324	0.016693979227854008	0.11337040886240604	0.490455343728989
10	10	0.13818187778700114	0.357039658640749	0.32761104173510297	0.11141008742641356	0.06575733441073335
11	11	0.42121289026695924	0.13175540722288717	0.24090462924256134	0.20199540856741907	0.0041316647001732
12	12	0.04731301590299457	0.10631768173745097	0.7831641491490438	0.05478273938879765	0.008422413821713038
13	13	0.4669303520817821	0.006300027039385585	0.45949419823289633	0.06135203814304183	0.005923384502894231
14	14	0.2716252023955894	0.002383370533608928	0.5019453376312218	0.16999780359846112	0.054048285841118655
15	15	0.10388163694782244	0.08979100423678582	0.4877124142850952	0.3174656575747055	0.0011492869555910505
16	16	0.1527829989854291	0.005654711824609015	0.6582612686619532	0.1779843715389135	0.005316648989095202
17	17	0.7371630733626219	0.0447917146326665	0.179717335210149	0.013540703906129572	0.024787172888433188
18	18	0.5732204189798633	0.016831112747003912	0.06769340451574914	0.2465001058014672	0.09575495795591644
19	19	0.47882562678434254	0.006159443998201917	0.4938700809425403	0.015353642158290076	0.005791206116625227
20	20	0.6190843638636108	0.005432144799662805	0.12067798046064343	0.21033855307114804	0.04446695780493504
21	21	0.43455174505765576	0.019997850564660316	0.05387827278969424	0.26963439576820486	0.22193773581978482
22	22	0.5010915828254969	0.005896296160644741	0.2805186626610969	0.12150434607754389	0.09098911227521762
23	23	0.582550713673463	0.0021596036216627542	0.28269361433990464	0.11491778351405327	0.017678284850916274
24	24	0.29401635155127714	0.0016747810602334746	0.5832777120642482	0.08911919084723693	0.03191196447700436
25	25	0.043324498596004166	0.0034583925659027485	0.5905271756927329	0.3343799005574135	0.028310032587946576
26	26	0.08920540805337945	0.002911256833544938	0.3599915135509522	0.5240605837084108	0.023831237853712463
27	27	0.6156873382955477	0.002446750426776692	0.32028133060855773	0.05928410743784224	0.0023004732312755832
28	28	0.09119556059433717	0.1733569959258519	0.17132421565720934	0.3768776786298561	0.18724554919274541
29	29	0.1329247148449123	0.0022293731545338286	0.3645164306222728	0.49015673012583066	0.010172751252450393
30	30	0.03983113329641577	0.014698470878507139	0.6926576425852099	0.24982330582506537	0.0029894474148017013
31	31	0.30941538088817594	0.016831112747003912	0.3974497021303583	0.2728806096106359	0.003423194623825874
32	32	0.11663202886905469	0.0025841908611490437	0.6004113722494548	0.10942478686526808	0.1709476211550734
33	33	0.05881143902124257	0.0019193365904312742	0.24428904598043133	0.6931755879601835	0.001804590447711353
34	34	0.005463108829580852	0.0032933408762919063	0.32371942076611554	0.4138715737622503	0.25365255576576134
35	35	0.4637094954704543	0.002536693273924492	0.3688150349910921	0.06146339853153999	0.10347537773298908
36	36	0.26360849826237837	0.003739511027320194	0.4759569456715692	0.25317909795959215	0.0035159470791399612
37	37	0.21284717928144495	0.01265729124742368	0.6163067357132961	0.14569519131488207	0.012493602442953167
38	38	0.1159545533617019	0.002793408362901536	0.3757791634540362	0.48260633197574143	0.022866542845618867
39	39	0.0108140648543657	0.009465120583550417	0.6834036268026284	0.27955682237278306	0.016760365386672492
40	40	0.08193872138290162	0.003502273243459784	0.43307365782869495	0.17367634216930558	0.307809005375638
41	41	0.011796974502564554	0.007111602488220985	0.4156299184174964	0.14654803394411572	0.4189134706476024
42	42	0.16006034150583978	0.017807395183426576	0.2748697185590227	0.16968505398022665	0.3775774907714842
43	43	0.0503524521413787	0.005654711824609015	0.28951130002337183	0.6491648870215453	0.005316648989095202
44	44	0.040295292243837925	0.003216585157429166	0.4793190791183428	0.4741447595281717	0.0030242839522183532
45	45	0.008353454685937458	0.005035735994584006	0.403770103921146	0.5233750480620791	0.05946565733625341
46	46	0.07783744125863293	0.0968132934241415	0.7945856041668872	0.028055019769232043	0.0027086413811063838
47	47	0.290703789505394	0.003739511027320194	0.5978857562651396	0.10415499612300609	0.0035159470791399612
48	48	0.42225631895874327	0.002880872233202322	0.043126234639373734	0.268104540590521	0.2636320335781596
49	49	0.052540577293642955	0.004194069125068475	0.24511783542131285	0.26875997110421723	0.4293875470557584
50	50	0.06535421243442012	0.002793408362901536	0.8817825727268543	0.006963127259292457	0.04310667921653159
51	51	0.3084299345796518	0.0037908683685754373	0.6472980578286155	0.03691690516407265	0.003564234059084547
52	52	0.49370813144217923	0.0018302507295605613	0.25947320200323476	0.24326758530475728	0.0017208305202682423
53	53	0.10531714904361582	0.003897934534508259	0.8774036381211412	0.009716378948611541	0.0036648993521231346
54	54	0.4341962814482696	0.05078878933427481	0.40461139027039456	0.015353642158290076	0.09504989678877102
55	55	0.6116222294570406	0.0715426499288296	0.25561670344666276	0.021627612322741158	0.03959080484472587
56	56	0.6459685020717002	0.0023629673333063444	0.30931406546965473	0.040132766076199866	0.0022216990491388676
57	57	0.41096270264840473	0.004131296404874762	0.45098744406790064	0.1300342470260982	0.003884309852721584
58	58	0.18379732385716088	0.12097796559263517	0.538551786547593	0.14287837714492202	0.01379454685768892
59	59	0.5281692144161269	0.08619309830725358	0.15288467819654664	0.2291887750209883	0.003564234059084547
60	60	0.430282860320789	0.0043255167013132485	0.25280014689489183	0.230171308698408	0.082420167384598
61	61	0.31314035299481424	0.018532371915628686	0.19649359189220034	0.43715083170747343	0.034682851489883364
62	62	0.688498280849772	0.04889357169294231	0.12184425798808012	0.0718217558126801	0.06894213365652554
63	63	0.7666894873208703	0.007707321132092718	0.17122223049730276	0.01921203451086228	0.03516892653887201
64	64	0.4872695391138595	0.09028824263959864	0.027519375761592368	0.17298510666516467	0.22193773581978482
65	65	0.5949270441207336	0.00325451052013879	0.11946294678629435	0.27929555659814354	0.0030599419746897513
66	66	0.33538913631034917	0.003039486878581928	0.49697508272705176	0.13971537876177714	0.02488091532223994
67	67	0.4304937258520649	0.022459894373104385	0.4951648250879906	0.047313550727423145	0.004568003959417007
68	68	0.6451356646502365	0.0028511153259070947	0.10465556536160846	0.2446769911933671	0.0026806634688808194
69	69	0.39061414726918897	0.0055411943119015716	0.18332513442543025	0.41530960595512045	0.005209918038358846
70	70	0.1865835765704759	0.035326600405857826	0.5288340248331399	0.2160411729078383	0.033214625282688134
71	71	0.21396771664570263	0.04051134705760921	0.6064489214856685	0.1009826091858948	0.038089405625124896
72	72	0.04077039658556761	0.05041677839547206	0.5557139246331271	0.3500389584111434	0.0030599419746897513
73	73	0.0037282740252835094	0.04295964130796005	0.28606024633074867	0.5592871786691302	0.10796465966687746
74	74	0.29390847366979017	0.053575187580659954	0.23970961058943252	0.40955509307954935	0.0032516350805679734
75	75	0.11615806472273614	0.01752457335835513	0.6335643528388357	0.2291887750209883	0.003564234059084547
76	76	0.21791048957460152	0.2389893069442626	0.3383373502654825	0.19807641271212498	0.006686440503528457
77	77	0.3895669361121967	0.006159443998201917	0.27072335426217586	0.14924167816650874	0.1843085874609168
78	78	0.009011031452053432	0.005432144799662805	0.179717335210149	0.6629736061506907	0.1428658823874443
79	79	0.0325321734236136	0.006159443998201917	0.5161847536105768	0.43933242285098256	0.005791206116625227
80	80	0.03422588296369613	0.19879290128581287	0.4335125109265848	0.26023010854070405	0.07323859628320208
81	81	0.03734614096134707	0.004194069125068475	0.5338121257349346	0.19278778944273783	0.2318598747359119
82	82	0.12989176971251581	0.01752457335835513	0.4412924829819201	0.33905841493922584	0.07223275900798301
83	83	0.0028831455490083676	0.0017380545372691811	0.45419343689758757	0.5395512168058277	0.0016341462103072683
84	84	0.15890163161971413	0.004194069125068475	0.33628445341508817	0.4207043344271761	0.0799155114129531
85	85	0.26929991418145877	0.0023629673333063444	0.6174974555616705	0.08293601470009093	0.027903648223473507
86	86	0.17254639215746118	0.005035735994584006	0.1483588678543313	0.6693243258145448	0.004734678179078836
87	87	0.07083856151018877	0.06711303993103926	0.7402057061371935	0.11652604343248325	0.005316648989095202
88	88	0.005596659028292064	0.015596761470828268	0.4905308669629121	0.19175367446849909	0.2965220380694684
89	89	0.19494226978292198	0.04284013600725929	0.3319396389327555	0.42767786192437474	0.0026000933526883893
90	90	0.02869081636855528	0.005432144799662805	0.435554539124673	0.5055353268186757	0.024787172888433188
91	91	0.005809693134921644	0.003502273243459784	0.2554392585834084	0.6938913685305022	0.041357406507708076
92	92	0.045610342796488595	0.016831112747003912	0.4502107097486957	0.48392464008398584	0.003423194623825874
93	93	0.00978098193507098	0.005896296160644741	0.4514093064490711	0.5060082946004859	0.026905120854727273
94	94	0.3467314364946246	0.007111602488220985	0.5186866759535149	0.1207838445601111	0.006686440503528457
95	95	0.33740843205928545	0.00602499813695034	0.5485728748106855	0.10232889698963102	0.005664798003447744
96	96	0.0032749513514656646	0.001974247903547035	0.44439235133119814	0.5341974666968048	0.016160982716984434
97	97	0.024380475542820284	0.002737991050653961	0.7154997376809933	0.0068249885601059926	0.25055680716542644
98	98	0.0070646110800231515	0.004258778869453716	0.6037637204746198	0.3654798494004447	0.019433040175458507
99	99	0.18576023724351068	0.0018673972001526536	0.19708663762247727	0.22114378849451774	0.3941419394393418
100	100	0.11305279719290269	0.0036895266280522255	0.8438587241247287	0.022563440892742447	0.016835511161573842
101	101	0.22602770464097366	0.0037908683685754373	0.6198306478490561	0.14678654508231018	0.003564234059084547
102	102	0.07710790255460093	0.07396234339599479	0.36552111564046247	0.4616226680030107	0.021785970405931186
103	103	0.027091359957384695	0.023711989175420563	0.5041866114913909	0.4030220267438722	0.0419880126319317
104	104	0.2807165145975142	0.033492559909257785	0.36939742237050116	0.1808343422862597	0.13555916083646713
105	105	0.4742241981329956	0.007497960222556335	0.43821017847389626	0.07301796304895702	0.007049700121594878
106	106	0.02215170462905119	0.004194069125068475	0.45783994407345524	0.5118709524209514	0.003943329751473672
107	107	0.010950576334895792	0.006601365959871252	0.14665284923339125	0.7817571309870975	0.0540380774847443
108	108	0.2409345601923703	0.08447068231977875	0.45651991096782724	0.2157115265922606	0.0023633199277630404
109	109	0.1344842723018788	0.0021263312337261395	0.11656777470005937	0.5291284637711887	0.2176931579931471
110	110	0.3001846400031197	0.17745480923753942	0.45622847830356494	0.04929656129420201	0.016835511161573842
111	111	0.16650616594007647	0.004011224250597672	0.4088158903559313	0.41689530332849783	0.0037714161248966625
112	112	0.13362133063208528	0.04077909549091319	0.2173679203577185	0.29899634387842045	0.3092353096408626
113	113	0.16056926899310053	0.074880799413301	0.07316331588658374	0.6882901648207852	0.0030964508862295443
114	114	0.027604322124214528	0.04309549450712547	0.1918461386358221	0.7325400687420729	0.004913975990765118
115	115	0.09932573036599468	0.06537758297296613	0.08996718254296539	0.7378748066668057	0.007454697451268176
116	116	0.09725435918272343	0.0023429104972032813	0.043561013423951356	0.8546388755997208	0.0022028412964011012
117	117	0.04403737130700699	0.022862303625897536	0.05611679357257759	0.8185833079638746	0.05840022353064342
118	118	0.13347212670979108	0.02828707222469611	0.00977500550056543	0.6794372701898423	0.14902852537510497
119	119	0.06360163123087953	0.25958631401488663	0.3977468926636972	0.2760408781383181	0.0030242839522183532
120	120	0.03486626102972338	0.07834842004435401	0.8641233900782188	0.01645522075261471	0.006206708095089124
121	121	0.20325028456824915	0.014051057857090262	0.3538246600064434	0.33792365637492716	0.09095034119328994
122	122	0.4630985112548043	0.062030024469325026	0.11610801878702387	0.06983152006508847	0.2889319254237584
123	123	0.010217500755577154	0.006159443998201917	0.09220597291788428	0.7294231675354564	0.16199391479288036
124	124	0.21771730769760217	0.004465470344437733	0.2124465486546197	0.5288168094597944	0.03655386384354614
125	125	0.00436854356894857	0.0026335010987844957	0.44967537270974134	0.5313057735268804	0.012016809095645254
126	126	0.06173480603627053	0.23298659615694056	0.05355155464573118	0.6200914779664681	0.03163556519458965
127	127	0.02869081636855528	0.025111929716164653	0.02227905587813419	0.348097047486661	0.5758211505504849
128	128	0.10337995632457406	0.10115714660507501	0.17273515074999565	0.42398900554716884	0.1987387407731864
129	129	0.16081124931170376	0.004693247922297701	0.25728891987314023	0.5727939173856497	0.004412665507208674
130	130	0.12468547576089187	0.004614783312437515	0.33658048527579426	0.5297803638038704	0.0043388918470059715
131	131	0.05880769564688379	0.002513593274309817	0.920943415558818	0.015371975592225405	0.0023633199277630404
132	132	0.01975087707523759	0.27469242345747663	0.5572428194006162	0.10415499612300609	0.04415888394366343
133	133	0.008353454685937458	0.05976671515175858	0.878105256616659	0.04903989536656616	0.004734678179078836
134	134	0.5443386554608795	0.004011224250597672	0.3216237773895922	0.12625492677403408	0.0037714161248966625
135	135	0.014859774950867197	0.0738644407853236	0.39372525772351524	0.022329498436670276	0.4952210281036236
136	136	0.011796974502564554	0.2647534963282672	0.5702150547215241	0.09501965517610649	0.0582148192715377
137	137	0.1544446845038613	0.006601365959871252	0.3140626420971844	0.518684599343994	0.006206708095089124
138	138	0.12748022299115105	0.006447177300383628	0.7972258193621234	0.01607087477863873	0.05277590556770311
139	139	0.22882277188847397	0.004693247922297701	0.6313522940453764	0.011698856127295388	0.12343283001655656
140	140	0.12263518519018436	0.004538899199603928	0.8243568598281217	0.04420151137139887	0.004267544410691129
141	141	0.02659711440499565	0.005035735994584006	0.4402574233592624	0.35918211059055544	0.16892761565060258
142	142	0.2937532380869646	0.04968019210927126	0.5704004717968459	0.015018509044989197	0.07114758896192912
143	143	0.006558648432614231	0.003953768019300743	0.7467328070105321	0.18174192500891068	0.061012851528642116
144	144	0.12964104890996228	0.0055411943119015716	0.24354969558525177	0.5759084357146446	0.04535962547823987
145	145	0.11598353956317359	0.009258424770999241	0.7088075277804007	0.15724559130857674	0.00870491657684971
146	146	0.29729433538958516	0.004011224250597672	0.14723955145691392	0.41689530332849783	0.13455958557440534
147	147	0.19522311465679631	0.0043255167013132485	0.3938359942932875	0.3712071560968036	0.03540821825179945
148	148	0.01922780768026996	0.011591152029049166	0.5094608471126727	0.448822009746361	0.010898183431647125
149	149	0.2930359317127363	0.018277632183306844	0.5461987087144466	0.11012260418888017	0.032365123200629904
150	150	0.006853138716845802	0.004131296404874762	0.8251629662267514	0.15996828879880629	0.003884309852721584
151	151	0.008203787576975676	0.004945511760881876	0.8623724274982821	0.11982842522826387	0.004649847935596449
152	152	0.024788204158163348	0.004693247922297701	0.2742918005173328	0.6067996786740348	0.08942706872817145
153	153	0.1156028684866093	0.0033738493087930184	0.4416392183147711	0.3873202690610631	0.05206379482876343
154	154	0.033147320713326864	0.019982290239883852	0.22673933673932622	0.7013433887626401	0.018787663544822832
155	155	0.03855448904389974	0.06019074706271884	0.6910768470231478	0.044641426576793895	0.16553649029343984
156	156	0.005042006955099136	0.11315519666366528	0.7502412152327435	0.11769223680476047	0.013869344343731606
157	157	0.048300446868327254	0.21079247985881036	0.48072297214855914	0.08522418529841312	0.17495991582589018
158	158	0.010950576334895792	0.006601365959871252	0.3140626420971844	0.35127480648020093	0.3171106091278477
159	159	0.008203787576975676	0.004945511760881876	0.7369548844431725	0.24524596828337347	0.004649847935596449
160	160	0.19780752429982912	0.005772977676677122	0.4419682760456582	0.056219432774524396	0.2982317892033113
161	161	0.5364793782918859	0.217815010640442	0.07399564520899267	0.09329118280979554	0.07841878304888385
162	162	0.19763355606479335	0.18845862174726935	0.39694638391478615	0.0907361857108511	0.1262252525623001
163	163	0.09972323142973419	0.26264698383447177	0.42601768797596057	0.2085521547851436	0.0030599419746897513
164	164	0.2804571222780812	0.04977737812195612	0.3970621987442717	0.26875997110421723	0.003943329751473672
165	165	0.2124372168865262	0.006932979881557055	0.7065953349968391	0.04239890304048805	0.03163556519458965
166	166	0.3440252686845474	0.0034583925659027485	0.2898264056041897	0.1965587142668312	0.16613121887852889
167	167	0.1595503977862739	0.0038436560062474344	0.015764128184658898	0.7058283834654251	0.11501343455739466
168	168	0.014859774950867197	0.23613064554596047	0.5559914624841521	0.022329498436670276	0.1706886185823499
169	169	0.302380361728449	0.026687545162401103	0.3164808711313143	0.18170683768886828	0.17274438428896738
170	170	0.22619173858834407	0.054432735349526425	0.2901469574023568	0.1838650136164078	0.245363555043365
171	171	0.006752080191591909	0.004070375016980324	0.32636654212448407	0.43778928427792324	0.22502171838902035
172	172	0.033274687176079114	0.006300027039385585	0.2540783569617739	0.6091276148660351	0.09721931395672644
173	173	0.11598353956317359	0.009258424770999241	0.33984794300054194	0.2914127130467072	0.243497379618578
174	174	0.02310955418305561	0.013931195917577736	0.5113708209798802	0.03472628325185859	0.4168621456676278
175	175	0.028312195932383297	0.026217408242539614	0.4392410205764955	0.03096349590844833	0.4752658793401332
176	176	0.12940751736652262	0.16427968355738007	0.21199508453313312	0.2065006256391267	0.28781708890383745
177	177	0.049367072092320254	0.017399011036311043	0.34501069324609995	0.0969933933492926	0.49122983027597616
178	178	0.24552103103369396	0.15098501374704956	0.5314757219545534	0.06728355508562435	0.004734678179078836
179	179	0.019486875787794213	0.0036895266280522255	0.5631609599094032	0.41019368671390616	0.003468950960844057
180	180	0.5818582684281907	0.0630556250925289	0.2526349795300484	0.010146221230196026	0.09230490571903605
181	181	0.0038537908069130496	0.0612390237432472	0.2283584249708951	0.5696996995843218	0.13684906089462284
182	182	0.022845967836535013	0.0043255167013132485	0.04908170065276486	0.8569972971357218	0.06674951767366515
183	183	0.014606057212229864	0.022802779054960164	0.3720143528373538	0.5879767175427677	0.0026000933526883893
184	184	0.006466029898665346	0.04626269988234417	0.7220661651790762	0.09444590964428336	0.13075919539563086
185	185	0.014392685655346025	0.0715426499288296	0.3184829712152622	0.5559908883558363	0.03959080484472587
186	186	0.03875906026805315	0.023365230583779976	0.7730163925947388	0.1428909592938043	0.021968357259623816
187	187	0.004987091245868953	0.003006381891000672	0.5786953061168828	0.18176019736149668	0.23155102338475086
188	188	0.014392685655346025	0.16584205158172874	0.5070817745210605	0.21022641562853944	0.1024570726133253
189	189	0.5917949976935808	0.0035934621711721892	0.3532198871276822	0.048013023359884145	0.0033786296476806684
190	190	0.1360590727193448	0.18747233318516593	0.4585010830783206	0.10377087452374073	0.114196636493428
191	191	0.28478425856326073	0.004258778869453716	0.3877595502098795	0.026044724698709838	0.2971526876586961
192	192	0.38440814740468393	0.006447177300383628	0.33008413861024555	0.13285629496660822	0.14620424171807872
193	193	0.07268925147671146	0.00816319270198077	0.32921931545930244	0.582253078201151	0.007675162160854458
194	194	0.31896687117716876	0.0034583925659027485	0.3274140018652576	0.3469090993111028	0.0032516350805679734
195	195	0.15227160497271505	0.0033738493087930184	0.28274136020831286	0.4362119177092041	0.1254012678009749
196	196	0.021999241947841763	0.013261863348203066	0.727029671744649	0.08110343140219549	0.1566057915571106
197	197	0.0657373302671405	0.004070375016980324	0.5033222923511298	0.0986240963435189	0.3282459060212304
198	198	0.287788422311654	0.006932979881557055	0.48054171872145557	0.21821838236578633	0.006518496719547034
199	199	0.3049176626333262	0.035666816123178936	0.19011754805116046	0.26151260812027366	0.20778536507206075
200	200	0.023209678579457025	0.0043943794828864725	0.08170334456756044	0.5522382348524211	0.3384543625176751
201	201	0.026120579441991334	0.004945511760881876	0.9519563868233604	0.012327674038169931	0.004649847935596449
202	202	0.004987091245868953	0.003006381891000672	0.3717542041578174	0.2797849298684224	0.34046739283689054
203	203	0.023209678579457025	0.0043943794828864725	0.40010591391756223	0.37711682170992006	0.19517320631017426
204	204	0.008203787576975676	0.0766126792209445	0.10986716916762457	0.800666516098859	0.004649847935596449
205	205	0.00717531812560217	0.0043255167013132485	0.6602370393791458	0.26151260812027366	0.06674951767366515
206	206	0.11181078024780895	0.005654711824609015	0.4943723937114726	0.3828454652270143	0.005316648989095202
207	207	0.007655163679614552	0.004614783312437515	0.035645397066795474	0.2288452755948716	0.7232393803462809
208	208	0.2913428523963158	0.014051057857090262	0.22168580826434342	0.4700625081170272	0.0028577733652232727
209	209	0.02897982961673429	0.09757904627080534	0.7679441300721269	0.10243705206564374	0.0030599419746897513
210	210	0.4170626481120783	0.0030733290596627163	0.25755662424876874	0.3194178062633791	0.002889592316111082
211	211	0.08122854986236673	0.013898018836214639	0.31729601943174757	0.5411842165535576	0.04639319531611343
212	212	0.09631635802139793	0.014531088183885727	0.7303208716649854	0.08754970318142424	0.07128197894830673
213	213	0.005596659028292064	0.015596761470828268	0.2094038872361014	0.6684472487878739	0.10095544347690441
214	214	0.008203787576975676	0.13036305481599147	0.09195037730260891	0.6752489730437493	0.09423380726067475
215	215	0.26408661136561756	0.007707321132092718	0.2549893764898449	0.4659701464710869	0.007246544541357972
216	216	0.0187355848205932	0.01639851174543867	0.29727565719135796	0.6257013461923685	0.041888900050241686
217	217	0.401382447582979	0.0968132934241415	0.3457973695879555	0.12198744096017121	0.03401944844475278
218	218	0.03207279777465067	0.011835492617664797	0.36296062349894337	0.572173383662977	0.02095770244576412
219	219	0.003789993486544173	0.11816576073185198	0.3901224073265748	0.48577369734045517	0.0021481411145738228
220	220	0.0162323212916565	0.0030733290596627163	0.402300908933921	0.5755038483986487	0.002889592316111082
221	221	0.05944527597193879	0.16638093606921017	0.3608625672126034	0.41048457321099	0.002826647535257558
222	222	0.6242193832649957	0.03511651747870234	0.1100399027266419	0.22662002565882589	0.004004170870834196
223	223	0.20183677627180271	0.06322720181654647	0.2534486597646131	0.03257933452642855	0.44890802762060916
224	224	0.09352964250287028	0.03824246810260628	0.5109583886352129	0.3549484533404335	0.002321047418876896
225	225	0.36008800307313826	0.022459894373104385	0.14313621119335757	0.3289364418431296	0.14537944951727022
226	226	0.005214258487402089	0.003143325742136245	0.6164432472474904	0.3722437642251613	0.0029554042978098376
227	227	0.13758708036737027	0.013045497876380088	0.6352092287979112	0.21150493533557624	0.002653257622762082
228	228	0.22188905824812602	0.001635097493918707	0.006706085676411518	0.768232414202599	0.001537344378944734
229	229	0.24196767991842896	0.0029739902687152264	0.30310309363370413	0.2983190212851608	0.15363621489399087
230	230	0.1595503977862739	0.08739333255463262	0.4195875648351873	0.009581078895548534	0.3238876259283576
231	231	0.12168545573395238	0.010739738774516056	0.2872742574344147	0.4518680346572825	0.12843251339983433
232	232	0.050193714161460234	0.0031079333356253494	0.5306855887394196	0.36805247012923054	0.04796029363426422
233	233	0.1984541429371248	0.004070375016980324	0.41484441723780696	0.3788040342023747	0.003827030605713159
234	234	0.07190320001671509	0.0030733290596627163	0.758594532774296	0.16353934583321508	0.002889592316111082
235	235	0.004633803321681948	0.19507470388657236	0.2644584134140163	0.5332066729030233	0.0026264064747061476
236	236	0.03851661754746786	0.019996166412246094	0.1744468983402276	0.35553650638587075	0.41150381131418773
237	237	0.00612031558706443	0.0036895266280522255	0.3359294364969969	0.6507917703270424	0.003468950960844057
238	238	0.10597049236445066	0.24151316888599944	0.026713231776714388	0.6100222731385782	0.015780833834257275
239	239	0.009994477266878625	0.00602499813695034	0.28664171097676	0.6916740156159633	0.005664798003447744
240	240	0.008059389178505239	0.07526418645729935	0.3543533795301374	0.3289364418431296	0.23338660299092848
241	241	0.02058761834794398	0.032141111433065535	0.14308103875865205	0.419242443977692	0.38494778748264635
242	242	0.06330241101931139	0.0023429104972032813	0.15390484495504053	0.7782469922320437	0.0022028412964011012
243	243	0.19375521772304924	0.45634911793843075	0.1870807531793214	0.1574982621701034	0.005316648989095202
244	244	0.009191926590319189	0.3468137075508903	0.5647473551043	0.0740370927161317	0.005209918038358846
245	245	0.06495645978596014	0.0024041291483710113	0.1405067287517264	0.7637429652432128	0.028389717070729653
246	246	0.02390620979968031	0.0026847297695904177	0.41951739403624727	0.5416410980808958	0.012250568313586174
247	247	0.015891218004727616	0.044285623878055895	0.039289767856515445	0.8568204845642944	0.04371290569640662
248	248	0.0070646110800231515	0.01968764817407803	0.31061520368675793	0.6586283661883067	0.004004170870834196
249	249	0.02509101812257486	0.06005233756374708	0.4871224321319435	0.4258510551371415	0.0018831570445931476
250	250	0.03661773756122792	0.5343914178574519	0.17913689702094424	0.24333545084082894	0.006518496719547034
251	251	0.009994477266878625	0.00602499813695034	0.3957796959075623	0.5607084336990006	0.0274923949896082
252	252	0.12658930580767808	0.18373554704112316	0.33125127697706835	0.15996828879880629	0.19845558137532401
253	253	0.17250051208260206	0.0032933408762919063	0.5981380118246503	0.05593428107720481	0.17013385413925075
254	254	0.3700716405193326	0.002880872233202322	0.3666712409637197	0.2576676049026389	0.0027086413811063838
255	255	0.06495645978596014	0.0024041291483710113	0.4192194437993586	0.24115662452890235	0.2722633427374078
256	256	0.18870473544956454	0.0028219668599412393	0.43073860846913425	0.09904609415474888	0.27868859506661103
257	257	0.00978098193507098	0.005896296160644741	0.21643467124060653	0.16422700702453744	0.6036610436391403
258	258	0.2658577567297437	0.00867638216023017	0.3499161050995619	0.11592701397564031	0.2596227420348239
259	259	0.3785700243463755	0.042100971711565974	0.10450720744540319	0.47148658639560465	0.003335210101050727
260	260	0.3565544674382367	0.20392557262493155	0.3524723993726362	0.03367913046887029	0.05336843009532518
261	261	0.1165876343025549	0.06998028758113509	0.5795772892900518	0.16422700702453744	0.06962778180172083
262	262	0.23555205061795012	0.010561948492270644	0.15836035019516892	0.1960711259261977	0.39945452476841264
263	263	0.3574613828209441	0.1598158720862633	0.26209014801054575	0.16517983079620246	0.055452766286044376
264	264	0.22917512824326156	0.0038436560062474344	0.280338103921212	0.4830292460030646	0.0036138658262144224
265	265	0.6727636668251674	0.006763110375159893	0.2972560391072798	0.016858400954296648	0.006358782738096349
266	266	0.12213460606774929	0.01360172865552799	0.28921274510215683	0.4656901390355901	0.10936078113897577
267	267	0.07394145956126888	0.003739511027320194	0.5165998825360927	0.4022031997961782	0.0035159470791399612
268	268	0.4462012879433341	0.04152305543270039	0.27606448588773863	0.12201453424279893	0.114196636493428
269	269	0.4685286342278211	0.003547281762375016	0.4129367270389308	0.11165214686982232	0.003335210101050727
270	270	0.13126940404162682	0.11046704784676264	0.5303676864774539	0.22332785767473967	0.004568003959417007
271	271	0.004933358891897957	0.0029739902687152264	0.9603346201163583	0.02896183830046647	0.0027961924225620542
272	272	0.11253788029558769	0.022354847005889127	0.2272003594688911	0.5076735324252809	0.1302333808043512
273	273	0.0541872672584007	0.0043255167013132485	0.2998120960276904	0.3085245572530722	0.3331505627595235
274	274	0.37292359998451624	0.005896296160644741	0.5368546283430582	0.07878168513055032	0.005543790381230492
275	275	0.3601571583826429	0.00867638216023017	0.3184829712152622	0.17879328174423972	0.13389020649762504
276	276	0.05878194572455096	0.006601365959871252	0.8641233900782188	0.06428659014226988	0.006206708095089124
277	277	0.3621763885065134	0.003640860842419545	0.18640567165700844	0.2860708615152203	0.16170621747883826
278	278	0.16507731303117945	0.01141209165449034	0.18899387125782177	0.6321956766376315	0.002321047418876896
279	279	0.2965767731156061	0.002446750426776692	0.32028133060855773	0.3606663078855649	0.020028837963494563
280	280	0.7347644079685924	0.09987551345075923	0.09651329823430654	0.03942795881623263	0.02941882153010921
281	281	0.35571325979793295	0.25691475818905785	0.3155531186427915	0.06868502185911515	0.0031338415111024785
282	282	0.0830373757617268	0.014207504804674432	0.3800325574438976	0.51983296967359	0.002889592316111082
283	283	0.033755834784058	0.03125827834813482	0.6884991727979545	0.009449495184513268	0.2370372188853393
284	284	0.21010222242324603	0.004011224250597672	0.26349570207869943	0.009998776152248572	0.5123920750952083
285	285	0.004933358891897957	0.0029739902687152264	0.7448488737286029	0.018187550981078698	0.22905622612970528
286	286	0.1231044632900009	0.001946405039223051	0.2406827484196581	0.103572966207512	0.530693417043606
287	287	0.05728927476978416	0.28627434138977537	0.2073170473099124	0.2787181366496498	0.1704011998808782
288	288	0.12718485397212792	0.11601562438303556	0.30366691343906177	0.1671624207404738	0.2859701874653009
289	289	0.08992566732928625	0.11524322473742768	0.23856326564701938	0.28808000072349915	0.2681878415627675
290	290	0.00612031558706443	0.15072168883607986	0.10869791308459059	0.27652808470660833	0.45793199778565674
291	291	0.004587378736080303	0.002765422102661038	0.2918649250281573	0.44771521887667387	0.2530670552564275
292	292	0.07452962772605874	0.10492647938210378	0.7545458855660703	0.011503267443928053	0.0544947398818391
293	293	0.009576416928313292	0.08943124761957305	0.630199383417174	0.014390297803076432	0.2564026542318633
294	294	0.12286340353044349	0.08167662015818652	0.7084457013949009	0.005468817498004619	0.08154545741846438
295	295	0.17458351038441705	0.0033331090101356422	0.7744151504903651	0.020383755348844252	0.02728447476623793
296	296	0.09119556059433717	0.003897934534508259	0.8774036381211412	0.02383796739789018	0.0036648993521231346
297	297	0.35109461910298856	0.108900442609353	0.0319108592499877	0.474275727412241	0.03381835162542965
298	298	0.1697907563498433	0.0055411943119015716	0.06287601210578715	0.7565821191941092	0.005209918038358846
299	299	0.06671121983846831	0.0033738493087930184	0.22162679939813665	0.6928930731119444	0.015395058342657673
300	300	0.006752080191591909	0.01881668753586747	0.3411128546433712	0.6147450345045691	0.018573343124600305
301	301	0.004681177153665241	0.10505727702432974	0.6454327598143501	0.24217552838489279	0.002653257622762082
302	302	0.0047788914434580155	0.08637635773625936	0.4501667264667768	0.4559693829723994	0.0027086413811063838
303	303	0.20528849809214791	0.04077909549091319	0.09195037730260891	0.6573321811787337	0.004649847935596449
304	304	0.0830373757617268	0.0030733290596627163	0.7251920055392609	0.007660885403051053	0.18103640423629855
305	305	0.008837118853730454	0.0053273045911247765	0.6201480088589504	0.013279368784621316	0.35240819891157305
306	306	0.26299063516522697	0.002383370533608928	0.3896959636365107	0.24770890867172268	0.09722112199293062
307	307	0.11721509385739118	0.02853344618408653	0.340831492692212	0.41535207143367253	0.0980678958326377
308	308	0.28646627632874194	0.1391087416834247	0.21975498705869478	0.2612432427286322	0.0934267522005063
309	309	0.007785323513970795	0.021696128566490256	0.4613234876034509	0.4707766335204943	0.038418426795593784
310	310	0.2606546219856808	0.6393694147520469	0.08659468496153752	0.009716378948611541	0.0036648993521231346
311	311	0.03850067278167993	0.3259644256650025	0.6138502480891437	0.018795061148062772	0.002889592316111082
312	312	0.22339428667003877	0.005896296160644741	0.750467933078026	0.014697693710059983	0.005543790381230492
313	313	0.023450043459992437	0.1171225004450477	0.7072756212388336	0.09243127603287132	0.05972055882325493
314	314	0.004681177153665241	0.0028219668599412393	0.9725857523403934	0.017257846023238096	0.002653257622762082
315	315	0.06535421243442012	0.002793408362901536	0.7704618226868344	0.12840394548476877	0.032986611031075225
316	316	0.013152420291564083	0.007928709590012397	0.8655269732128408	0.04848832607136088	0.06490357083422191
317	317	0.34493759077612385	0.006159443998201917	0.3599820449343216	0.28312971417472743	0.005791206116625227
318	318	0.08864743248713566	0.0018181948190892961	0.6859207822900033	0.20873004158772887	0.014883548816042952
319	319	0.05880059470107297	0.003640860842419545	0.34468869451202083	0.5762564034160764	0.01661344652841024
320	320	0.010950576334895792	0.17401115882366436	0.6727979125195982	0.06428659014226988	0.07795376217957188
321	321	0.0830373757617268	0.10328091076476817	0.32436167871883903	0.19694187306825023	0.2923781616864157
322	322	0.05076530825440002	0.003143325742136245	0.320361423762004	0.2583661398076665	0.3673638024337933
323	323	0.00472952964670146	0.023509377745375967	0.6624286506872681	0.3066517784517737	0.0026806634688808194
324	324	0.005463108829580852	0.0032933408762919063	0.8844878459726868	0.06786552416670633	0.03889018015473409
325	325	0.1168698661021321	0.019996166412246094	0.3624946948714218	0.49657235378426634	0.00406691882993376
326	326	0.13183711388896208	0.037737123908106074	0.6249586275205555	0.02034838528477017	0.1851187493976063
327	327	0.010450704812621066	0.029124009402843633	0.5051421629598125	0.4493597383218287	0.005923384502894231
328	328	0.011796974502564554	0.007111602488220985	0.4156299184174964	0.5587750640881897	0.006686440503528457
329	329	0.027604322124214528	0.232440794129121	0.2865187884468198	0.44852211930907954	0.004913975990765118
330	330	0.06308443384311203	0.33342161093763145	0.5862067011117279	0.012552575928449772	0.004734678179078836
331	331	0.40843712894545503	0.1298878445188319	0.3125327095721383	0.14615286954877307	0.0029894474148017013
332	332	0.4813258694480978	0.14319063921517575	0.3174758296256619	0.03322048882263142	0.024787172888433188
333	333	0.023972984567587816	0.037426299407136106	0.4297080573377356	0.3566318133429546	0.15226084534458595
334	334	0.22150860650419824	0.32070655761004296	0.2681274299580717	0.12292365667065226	0.06673374925703474
335	335	0.07033691291715276	0.003006381891000672	0.8945527775280878	0.029277280128501147	0.002826647535257558
336	336	0.008353454685937458	0.005035735994584006	0.6409376802689024	0.24972015227620628	0.09595297677436981
337	337	0.022493480384647463	0.01968764817407803	0.9431988451763547	0.010615855394085523	0.004004170870834196
338	338	0.11873044938445756	0.02031450795038656	0.7821889971375643	0.058714252359918284	0.020051793167673287
339	339	0.3384046922708226	0.06182576256742554	0.27522677143928864	0.29032917242843387	0.03421360129402948
340	340	0.01707652991005626	0.3459453139726733	0.6016387279490758	0.02566057354106172	0.009678854627132862
341	341	0.061954163172022646	0.0766126792209445	0.3965358390078751	0.46024747066356136	0.004649847935596449
342	342	0.04743705033734491	0.024627270332932005	0.8903475292442515	0.03257933452642855	0.005008815559042947
343	343	0.045825819539645735	0.16584205158172874	0.7271137117111585	0.053060746207040876	0.008157670960426156
344	344	0.40821521300025526	0.05054538678332665	0.06375329481276897	0.13404680983108	0.343439295572569
345	345	0.2368779882100167	0.004858463678372734	0.03752762702496765	0.6281607636535678	0.09257515743307528
346	346	0.19675068225992387	0.05623948647962776	0.25723442673408203	0.476349578491615	0.0134258260347513
347	347	0.09132467087899887	0.21051580551270982	0.39194184686742223	0.30090102775177396	0.005316648989095202
348	348	0.023972984567587816	0.13608850002973266	0.511926557856566	0.07708891157893104	0.25092304596718246
349	349	0.03237306673611641	0.040032618475788276	0.8719124724555892	0.05325214544330922	0.002429696889196842
350	350	0.1552273332903158	0.017287156648828017	0.21855167886292065	0.4563937822822095	0.152540048915726
351	351	0.0586009981492151	0.16330917882711862	0.5288340248331399	0.08805859448657749	0.16119720370394894
352	352	0.732720951979201	0.03131839186319828	0.12844727599617914	0.07806733558759874	0.029446044573822903
353	353	0.06720163691583275	0.04051134705760921	0.6064489214856685	0.2477486889157647	0.038089405625124896
354	354	0.0586009981492151	0.035326600405857826	0.5288340248331399	0.08805859448657749	0.28917978212520973
355	355	0.16541352689296027	0.25824136189769453	0.12844727599617914	0.07806733558759874	0.36983049962556724
356	356	0.6192594669619528	0.03131839186319828	0.12844727599617914	0.19152882060484688	0.029446044573822903
357	357	0.3145661549917367	0.035326600405857826	0.5288340248331399	0.08805859448657749	0.033214625282688134
358	358	0.3923364969274565	0.03131839186319828	0.12844727599617914	0.4184517906393431	0.029446044573822903
359	359	0.14855792420192954	0.028127054491438593	0.11535852629351559	0.07011229093962727	0.637844204073489
360	360	0.5972020818540872	0.02552596424396368	0.28964348594817146	0.06362855492501195	0.023999913028765772
361	361	0.06720163691583275	0.04051134705760921	0.3129167620259287	0.3945147686456346	0.18485548535499477
362	362	0.05195204187571214	0.25824136189769453	0.2419087610134273	0.4184517906393431	0.029446044573822903
363	363	0.27887501191020836	0.03131839186319828	0.46883173104792353	0.07806733558759874	0.14290752959107103
364	364	0.05195204187571214	0.712087301966687	0.12844727599617914	0.07806733558759874	0.029446044573822903
365	365	0.16541352689296027	0.1447798768804464	0.12844727599617914	0.4184517906393431	0.14290752959107103
366	366	0.14855792420192954	0.028127054491438593	0.6248574471991208	0.07011229093962727	0.1283452831678837
367	367	0.1865835765704759	0.035326600405857826	0.14488628956935748	0.08805859448657749	0.5451449389677314
368	368	0.35235749256417165	0.13002683867255962	0.3191580946557577	0.17201207512074831	0.02644549898676268
369	369	0.5561570609264137	0.028127054491438593	0.11535852629351559	0.17201207512074831	0.1283452831678837
370	370	0.5561570609264137	0.028127054491438593	0.11535852629351559	0.27391185930186934	0.02644549898676268
371	371	0.05195204187571214	0.1447798768804464	0.2419087610134273	0.5319132756565912	0.029446044573822903
