0	0	0.14510799012655964	0.07087084531104766	0.011515905445883429	0.3050816137046684	0.46742364541184095
1	1	0.7422932094520469	0.11699719556055292	0.003308748526692285	0.0031007425422252374	0.13430010391848274
2	2	0.8135340261450604	0.12643913061334594	0.0045062670552490315	0.020674111012651004	0.034846465173693615
3	3	0.7019775727186494	0.08533327415025974	0.002691117740762653	0.06146909093998932	0.14852894445033898
4	4	0.793123443931379	0.02659341725440625	0.01062271799538512	0.009954915986099513	0.15970550483273016
5	5	0.7442758897365769	0.11338226407508196	0.01879321218081597	0.07754833539335257	0.04600029861417274
6	6	0.7183000906157161	0.01566114346688129	0.02909413434473671	0.005862554855872184	0.23108207671679368
7	7	0.6506078186613842	0.055187244615473884	0.00410142822088705	0.0038435900660909834	0.28625991843616394
8	8	0.26142024439215594	0.08108397720465042	0.00966656163107097	0.5027594259983643	0.1450697907737583
9	9	0.31645949667075995	0.06912539582689402	0.03354550159687862	0.5643738861234201	0.016495719782047436
10	10	0.26601741593161377	0.16113623452053447	0.27185866645022216	0.008926296328710594	0.292061386768919
11	11	0.4053692789524461	0.26575536943881617	0.004362723568367491	0.02001555395277254	0.3044970740875977
12	12	0.11211399929222414	0.11972096374559486	0.04137967503939672	0.008338127952602728	0.7184472339701816
13	13	0.4442404443771695	0.03849944732009351	0.05193243819794893	0.005862554855872184	0.4594651152489159
14	14	0.28027159288623504	0.2995674228654715	0.0023657276289703183	0.0022170050831270423	0.41557825153619615
15	15	0.15258491664399917	0.24220154799938545	0.0322159721562707	0.009994851142552223	0.5630027120577925
16	16	0.07074868311481951	0.1575395857931061	0.026112327945110876	0.06675465135877419	0.6788447517881893
17	17	0.6783659140881088	0.0922642465907409	0.0053935704810283884	0.005054501214008492	0.21892176762611343
18	18	0.5205645544267149	0.14099870293891534	0.043199463149000555	0.14853251472981044	0.14670476475555883
19	19	0.5013063687634363	0.015311455787178678	0.05077287192150536	0.02806001554787615	0.4045492879800035
20	20	0.5996041882604484	0.34823985553063713	0.0053935704810283884	0.005054501214008492	0.041707884513877545
21	21	0.5576389189398123	0.2169486664302109	0.0024073096475532157	0.19560122495528653	0.027403880027137048
22	22	0.5867460233079542	0.07877854966352509	0.0913501953490759	0.00548663831683455	0.2376385933626102
23	23	0.5434985310269228	0.20100576255433478	0.009969147357692557	0.0020088129297209634	0.2435177461313289
24	24	0.330437793261521	0.08912002419190633	0.001662266222240595	0.001557767098413518	0.5772221492259185
25	25	0.030726553623776166	0.3846001312896378	0.003433159257089152	0.003217332135341437	0.5780228236941555
26	26	0.06806432904378944	0.5347381759593802	0.0028898581300822665	0.0027081858813548048	0.3915994509853933
27	27	0.5537167944485512	0.2454712324785094	0.0290276787218119	0.002275975256856679	0.16950831909427092
28	28	0.00637909994752462	0.3628642387575383	0.2440298460907543	0.1448970910074054	0.24182972419677745
29	29	0.08443235939172071	0.5467960163188427	0.026448192859560717	0.002073725326569148	0.34024970610330674
30	30	0.005203040505275218	0.33053385194431534	0.0031562471950445795	0.014480412299957198	0.6466264480554077
31	31	0.388614216817728	0.23336393926520618	0.016809395627203176	0.0033871433599248556	0.35782530492993786
32	32	0.13533178058021503	0.14688935982228257	0.06811672224979386	0.13350707485255817	0.5161550624951504
33	33	0.1700550570880369	0.5681060032564937	0.0019050406864764254	0.0017852794352832301	0.25814861953370977
34	34	0.005389337798106704	0.2707578376039982	0.003269258098447622	0.2775723116717946	0.44301125482765297
35	35	0.620038391805354	0.06145767619204635	0.002517953833526285	0.06670612418415224	0.24927985398492117
36	36	0.38559506280019823	0.33455818878346283	0.0037123305193739937	0.0034789531689588503	0.27265546472800617
37	37	0.2426083979669487	0.0762579470196813	0.03248383173750672	0.012468966328967625	0.6361808569468956
38	38	0.08555406575915037	0.5535773396435576	0.0027728433493210635	0.012721410098804422	0.3453743411491666
39	39	0.0033501345672664836	0.21282419038016304	0.024289734786490515	0.0019044869519009415	0.757631453314179
40	40	0.06919434153818103	0.24986314873741947	0.0034767349607501014	0.19364710933719118	0.4838186654264583
41	41	0.2694664985601487	0.19815713470470683	0.007062283357618343	0.21287782831490915	0.3124362550626169
42	42	0.18352194483691445	0.1462267168297683	0.0021435693970402003	0.35415982115907707	0.3139479477772001
43	43	0.09124632957712273	0.5469948685768672	0.005614681482807658	0.0052617119718645486	0.35088240839133783
44	44	0.11017580670825716	0.47426967237790757	0.003193039258187849	0.0029923073896329245	0.4093691742660146
45	45	0.026494892547269253	0.6331121821866567	0.004999779239377694	0.004685465838279086	0.3307076801884174
46	46	0.03603395419225293	0.038478867498221034	0.0028596882153584953	0.03399970067680349	0.888627789417364
47	47	0.1687520200869855	0.10416245590067431	0.0037123305193739937	0.04413702367768624	0.67923616981528
48	48	0.6415498567770328	0.142878161047321	0.0028596882153584953	0.13839899422590346	0.07431329973438436
49	49	0.06766706484680597	0.23843551896939438	0.004163773137528616	0.4447246962375912	0.2450089468086799
50	50	0.0956769485698259	0.017064550677753944	0.012895726159996604	0.0025985272881288816	0.8717642473042947
51	51	0.1435927072193889	0.05063797602221461	0.003763333816594993	0.0035267501206495276	0.7984792328211521
52	52	0.5269156603262903	0.1570817335372552	0.008448513782746414	0.021598135304234007	0.285955957049474
53	53	0.06288737818680734	0.08032284756112469	0.0038696635738027186	0.0036263954091985714	0.8492937152690667
54	54	0.4119929210085906	0.015311455787178678	0.006116148044082499	0.25134363493499046	0.31523584022515777
55	55	0.7377929288747275	0.11595450589068441	0.008617554402520754	0.008075807916580762	0.12955920291548673
56	56	0.6631915868339366	0.022997090204203187	0.0023454706989388934	0.010760685288347402	0.30070516697457395
57	57	0.39606379142946374	0.24983855955753073	0.019074606293352964	0.0038435900660909834	0.3311794526535617
58	58	0.18372911873405556	0.14296430993456688	0.1742735482824786	0.013664278415672805	0.48536874463322627
59	59	0.6656704921265341	0.1605490886342452	0.003763333816594993	0.0035267501206495276	0.16649033530197627
60	60	0.39901414279762115	0.24591161676897433	0.004294327407823486	0.03537916167444069	0.3154007513511403
61	61	0.34573583993533724	0.34764312996557906	0.010375103254533403	0.010234859338731073	0.2860110675058193
62	62	0.702024983617622	0.03149313391278092	0.16986748262057985	0.07565692760666047	0.020957472242356723
63	63	0.8229888356870735	0.01916220077774927	0.007654324868657225	0.007173132246464416	0.14302150642005554
64	64	0.6367347038186839	0.11148761992504881	0.07271467398432795	0.15165912224480232	0.027403880027137048
65	65	0.6186339326730698	0.22038686402472174	0.0032306992010428634	0.0030275998230125784	0.15472090427815316
66	66	0.2693314786987024	0.17277691361884145	0.047076797854268174	0.0799318314649571	0.430882978363231
67	67	0.39537062719586175	0.012075848732564672	0.004823687546951454	0.004520444230370934	0.5832093922942512
68	68	0.7072457664233834	0.1620660615240019	0.002830141735574713	0.012984286928723734	0.11487374338831627
69	69	0.5112181366552143	0.3351486455059346	0.025587837498335136	0.04532788983573584	0.08271749050478015
70	70	0.31486303404199806	0.08807248901656818	0.035180481132775186	0.16140303348649937	0.40048096232215913
71	71	0.06654076451516673	0.10105087641016369	0.04036468698334836	0.03782714253536667	0.7542165295559545
72	72	0.017120161528338455	0.37371390372828067	0.0032306992010428634	0.0030275998230125784	0.6029076357193255
73	73	0.03625452671051822	0.5186722767477159	0.0022308581696697445	0.09167731018736766	0.35116502818472856
74	74	0.24379627869603832	0.40966715776872753	0.028500185736178817	0.015750845374886267	0.3022855324241692
75	75	0.2809815979844271	0.09185464325172607	0.017502222893098815	0.0035267501206495276	0.6061347857500986
76	76	0.16633673925014755	0.2755044541872077	0.03284472318511863	0.006618309694906904	0.5186957736826192
77	77	0.590619816518282	0.1716099893581587	0.006116148044082499	0.05038837748658758	0.18126566859288917
78	78	0.0679625389237408	0.4860728757290428	0.0053935704810283884	0.06412579558475377	0.3764452192814342
79	79	0.12172421580534194	0.5288637803775416	0.006116148044082499	0.005731653609164719	0.3375642021638692
80	80	0.006290237327254712	0.1349250305090452	0.08739741161943082	0.017506154309365887	0.7538811662349034
81	81	0.05246628275727272	0.39044333986472685	0.06496690149566159	0.04950436190972686	0.44261911397261205
82	82	0.29472048706093096	0.33915464662879485	0.003763333816594993	0.01726563919715335	0.34509589329652596
83	83	0.009141553560434213	0.41997218227615374	0.0017250777532150804	0.007914410872271795	0.5612467755379251
84	84	0.1436709752944722	0.29923864732752736	0.06496690149566159	0.1407090544469263	0.3514144214354126
85	85	0.38062368558827453	0.048685081226536094	0.01947079804716084	0.027886012636569344	0.5233344225014592
86	86	0.37329825859582966	0.5601009472290649	0.004999779239377694	0.004685465838279086	0.05691554909744865
87	87	0.05025103665251629	0.1780372322554093	0.04660997440741409	0.0052617119718645486	0.7198400447127957
88	88	0.005521128861325199	0.21624386840042087	0.0033492046553105907	0.38217622110706206	0.3927095769758813
89	89	0.13480387597362226	0.36764383360771946	0.11298086223846297	0.002572486310673863	0.38199894186952155
90	90	0.0679625389237408	0.3876207184444673	0.025084001937943485	0.14288752141241418	0.3764452192814342
91	91	0.018423957296937306	0.6179484344864365	0.016169331021061037	0.003258168432527184	0.344200108763038
92	92	0.019153271512564636	0.39170434439599044	0.0036143618663044847	0.0033871433599248556	0.5821408788652156
93	93	0.009651405941620901	0.37801279570532753	0.0058546964799894895	0.026860513034106154	0.5796205888389558
94	94	0.14055429942264727	0.12080981522220599	0.03284472318511863	0.006618309694906904	0.6991728524751212
95	95	0.3156319292969879	0.1023398229347927	0.04966395711180435	0.005606470310865083	0.5267578203455499
96	96	0.010384091492281804	0.47705562693893877	0.001959553712863053	0.0018363654754155825	0.5087643623805007
97	97	0.014402300484406013	0.18539999364176693	0.03248383173750672	0.25059706804988174	0.5171168060864386
98	98	0.0069698841792713824	0.3501637565551747	0.004228042693172779	0.01939765729220665	0.6192406592801746
99	99	0.2669503730835423	0.2279357989460377	0.042452699041212016	0.218266134618111	0.2443949943110971
100	100	0.03278084969185834	0.07602670912809716	0.003662691200348834	0.1371471421396553	0.7503826078400404
101	101	0.17107048537239655	0.20176575586375664	0.017502222893098815	0.11343786273268008	0.496223673138068
102	102	0.11164540933460956	0.3752761378676114	0.039350618763947624	0.056357826189269905	0.4173700078445615
103	103	0.04557965806778561	0.6262909422310188	0.023684904001526473	0.004772578806426492	0.29967191689324263
104	104	0.2602778355683088	0.10927669111189793	0.053933217038381026	0.20715317077323703	0.36935908550817526
105	105	0.5015904693692728	0.01864129188486149	0.06181462680472324	0.08853070428988828	0.3294229076512542
106	106	0.06766706484680597	0.4056441219542601	0.004163773137528616	0.0039020156411271275	0.5186230244202783
107	107	0.08260049304284935	0.854010060856386	0.006555252173468701	0.006143153257285664	0.05069104067001036
108	108	0.4959786084237897	0.051789259291231064	0.002495018743465159	0.00233816825277011	0.447398945288744
109	109	0.2885636811196186	0.42905785006330494	0.009815523075587376	0.11755264752414377	0.15501029821734535
110	110	0.2467243819979421	0.04928376758983669	0.23097769427556278	0.003432434448352944	0.46958172168830553
111	111	0.1374049855637616	0.5187929834854365	0.018519999784016736	0.0037318352001141715	0.3215501959666711
112	112	0.2052761142883759	0.11984601116356663	0.022835771017967955	0.48859310529960065	0.16344899823048883
113	113	0.18441667060726333	0.7123585918665846	0.003269258098447622	0.026934045738975287	0.0730214336887293
114	114	0.046443136668399186	0.6381556391001866	0.024133599946820527	0.04275176281701715	0.24851586146757657
115	115	0.01298080787716751	0.8246325248936984	0.03662148847736306	0.007379339167074122	0.11838583958469687
116	116	0.21608283117109825	0.7104891680173603	0.019305491615394844	0.002179360483392493	0.05194314871275414
117	117	0.06187118708178181	0.8727218789981855	0.04076138691879221	0.004601475977345661	0.020044071023894765
118	118	0.10753927062282591	0.6968517640713126	0.019638959855311236	0.09721978232800207	0.07875022312254827
119	119	0.1218327083606481	0.3343868525492162	0.2946155805679615	0.0029923073896329245	0.24617255113254133
120	120	0.01080626467863501	0.04034213939529007	0.12621229944715925	0.006143153257285664	0.81649614322163
121	121	0.23628676843018862	0.37104517522992403	0.047076797854268174	0.0028275075050916702	0.34276375098052764
122	122	0.42533084106030755	0.14560162339070568	0.005189214727225108	0.307973155891353	0.11590516493040864
123	123	0.054739129989207644	0.5735205042549645	0.05077287192150536	0.11737346330272189	0.2035940305316006
124	124	0.233896526250254	0.4642750623424124	0.10154257169533441	0.020339503151523077	0.1799463365604761
125	125	0.013852521380988808	0.5886825335211305	0.0026140717004282336	0.002449736891321844	0.3924011365061307
126	126	0.011349482924569892	0.4947895313162714	0.45930421691743256	0.006451962363500652	0.028104806478225424
127	127	0.04827210746682569	0.28916856115989187	0.0053935704810283884	0.6351483078352916	0.02201745305696245
128	128	0.2378344755985686	0.3996491421403499	0.06448429590195359	0.11318181962183288	0.18485026673729515
129	129	0.0927354013295058	0.7091089250267861	0.03868123218655202	0.00436665123871165	0.15510779021844445
130	130	0.024279085066809064	0.5299851665680408	0.004581640225622589	0.004293613324237864	0.4368604948152896
131	131	0.049656123066178275	0.015354770690609728	0.029820885193931165	0.011446790402925445	0.8937214306463553
132	132	0.006119738052075945	0.1719259067485533	0.16634461255428354	0.0034789531689588503	0.6521307894761285
133	133	0.06300051002606508	0.030769493786525395	0.004999779239377694	0.004685465838279086	0.8965447511097527
134	134	0.5008505665673736	0.22803651868254687	0.003982176543872258	0.0037318352001141715	0.2633989030060932
135	135	0.014667388848436828	0.11972096374559486	0.008897471558134282	0.4955711801715393	0.3611429956762948
136	136	0.0889894197676467	0.043462495739705155	0.29066912146012147	0.08396562917740776	0.49291333385511893
137	137	0.01080626467863501	0.5189703284900523	0.006555252173468701	0.19759442889519055	0.26607372576265337
138	138	0.0572978649217857	0.08614342473558557	0.09989037258549141	0.005999574972074549	0.7506687627850627
139	139	0.19480036474129703	0.01166500837954616	0.00465957771595495	0.0724099601799058	0.7164650889832961
140	140	0.10613532907199384	0.14289026310341726	0.0045062670552490315	0.053576375992793634	0.6928917647765462
141	141	0.06300051002606508	0.28630881613809617	0.004999779239377694	0.004685465838279086	0.6410054287581819
142	142	0.16274706432603045	0.29890607789745227	0.005982567120102223	0.005606470310865083	0.5267578203455499
143	143	0.1354360403488253	0.19610986169725406	0.003925113931340994	0.003678359854732428	0.6608506241678473
144	144	0.10949949412112997	0.6163516952797936	0.00550190537163092	0.00515602558232741	0.2634908796451181
145	145	0.2165961292805563	0.023022163914662604	0.07634162264138643	0.008618061582540871	0.6754220225808538
146	146	0.6316909757286738	0.24257434192269134	0.003982176543872258	0.03280748168040313	0.08894502412435948
147	147	0.17953054898047152	0.2929438154440778	0.004294327407823486	0.08241136034954419	0.440819947818083
148	148	0.27123213051412426	0.11291222544023587	0.011515905445883429	0.010791952800350996	0.5935477857994056
149	149	0.23574256451172315	0.16745085479356894	0.003925113931340994	0.01800786330657498	0.574873603456792
150	150	0.08162705190767955	0.3247044499198603	0.00410142822088705	0.0038435900660909834	0.5857234798854822
151	151	0.008094339379309036	0.08399477936191811	0.004910155117143694	0.022527091878169918	0.8804736342634591
152	152	0.12675705580010288	0.5390006526738007	0.03868123218655202	0.0724099601799058	0.2231510991596386
153	153	0.1155642931052826	0.24069790489907805	0.0033492046553105907	0.027592691876532693	0.6127959054637961
154	154	0.1052910335066757	0.4849628003280673	0.09240607470372718	0.01862009969251505	0.2987199917690147
155	155	0.11780927001030952	0.09754225265440679	0.007249185034570575	0.05972299384503526	0.7176762984556778
156	156	0.015988699973430255	0.18379181704167938	0.014032087585754421	0.0028275075050916702	0.7833598878940443
157	157	0.0023063514778687453	0.11076241603164673	0.2108112920963497	0.2515842604314753	0.42453567996265956
158	158	0.25012035922601616	0.49503891903531416	0.006555252173468701	0.006143153257285664	0.24214231630791527
159	159	0.008094339379309036	0.19154847476686365	0.004910155117143694	0.18385763498558824	0.6115893957510953
160	160	0.11408239667402229	0.01435020600636323	0.04758536234147014	0.31927070698393917	0.5047113279942052
161	161	0.606249486384182	0.12803893738064	0.009515650125393335	0.00891744444242621	0.24727848166735858
162	162	0.1588024896915306	0.13732647979541496	0.0642454354187734	0.19611355999316232	0.4435120351011188
163	163	0.08788648754536565	0.24397563936373082	0.1565577389046018	0.0030275998230125784	0.5085525343632892
164	164	0.20447410365260518	0.010423787626395738	0.2473762865700605	0.0039020156411271275	0.5338238065098115
165	165	0.26269361620721765	0.04237009140750546	0.05715360366519619	0.006451962363500652	0.63133072635658
166	166	0.34406438461239697	0.23419797241509982	0.003433159257089152	0.2538875969262381	0.16441688678917607
167	167	0.22917464672896806	0.7478571563637569	0.003815758093788322	0.003575878721758802	0.015576560091727986
168	168	0.014667388848436828	0.18468537070811972	0.30123730288949624	0.20323134884017735	0.29617858871376995
169	169	0.07222921196594828	0.11898316777654824	0.04758536234147014	0.026298414027421117	0.7349038438886122
170	170	0.05866908358811123	0.25572482448793304	0.4373206223587547	0.14973160998571436	0.09855385957948659
171	171	0.006661418933444239	0.5411986571408989	0.06305008042900392	0.10705291422547787	0.2820369292711752
172	172	0.03315097501934943	0.5866187397971868	0.006255830491524485	0.005862554855872184	0.368111899836067
173	173	0.2165961292805563	0.12374032206577223	0.009196183873980005	0.27719981665216653	0.373267548127525
174	174	0.022821667299470716	0.03465769440065639	0.013843986670325745	0.1645953570871103	0.764081294542437
175	175	0.03977079257621291	0.007901499282230247	0.0031562471950445795	0.5445192773876685	0.4046521835588439
176	176	0.19126500328690102	0.24367735233300175	0.06528250629781893	0.28787998899144823	0.21189514909083015
177	177	0.01874474233571354	0.06641180495177153	0.002094399731892127	0.5677721464306553	0.34497690654996754
178	178	0.11775893624425883	0.04902230252592331	0.09626382293636726	0.059443892056472825	0.6775110462369778
179	179	0.05952379123011881	0.4504278906637438	0.003662691200348834	0.016803905217483178	0.46958172168830553
180	180	0.5082392590795745	0.06912539582689402	0.06305008042900392	0.018539177729101956	0.34104608693542576
181	181	0.07956783182794863	0.6371599654330808	0.0612354394714548	0.010579507754862333	0.21145725551265346
182	182	0.08546615163026451	0.7789432017534806	0.051326526082926975	0.03537916167444069	0.04888495885888722
183	183	0.014546632231056587	0.7885441867066991	0.0027450554744444587	0.02261536026776814	0.17154876532003166
184	184	0.00637909994752462	0.17921233447986945	0.0038696635738027186	0.03188053452883993	0.7786583674699633
185	185	0.014205948343692699	0.6193193619122738	0.008617554402520754	0.008075807916580762	0.34978132742493206
186	186	0.038312246224544766	0.058182169778794784	0.023240818432890598	0.5308545070816093	0.34941025848216056
187	187	0.037604299096277084	0.09463024663145125	0.013879209434250807	0.3732232063089262	0.48066303852909475
188	188	0.17150746585043936	0.05303389888798574	0.008617554402520754	0.008075807916580762	0.7587652729424734
189	189	0.4616923729350922	0.02195371902708743	0.003567291336682004	0.04241260883712724	0.47037400786401123
190	190	0.09950612750486092	0.01251668504712748	0.11451663167576517	0.20546636197165613	0.5679941938005902
191	191	0.2693718954952053	0.13406798253028793	0.01966345512352183	0.09657471944395192	0.4803219474070331
192	192	0.36113493841996686	0.016027177005236086	0.006402042278358754	0.005999574972074549	0.6104362673243637
193	193	0.16135491655775558	0.2866783510369996	0.12649935237126952	0.007597752704553838	0.41786962732942134
194	194	0.24379627869603832	0.42220067100827235	0.003433159257089152	0.015750845374886267	0.31481904566371405
195	195	0.103337274855954	0.2896059778963925	0.0033492046553105907	0.052046728375189893	0.5516608142171532
196	196	0.02172373745100868	0.03299034395416913	0.013177964946864124	0.012349526173130855	0.9197584274748273
197	197	0.036165997765569544	0.17239142173933258	0.004040922764753318	0.3725941237146056	0.41480753401573905
198	198	0.3129624428637472	0.092638918064035	0.10742243032172574	0.006451962363500652	0.48052424638699137
199	199	0.47740114058946026	0.24591161676897433	0.004294327407823486	0.17647575769975116	0.09591715753399072
200	200	0.054973189165067354	0.4887346993035117	0.004362723568367491	0.2111406938367973	0.24078869412625611
201	201	0.008094339379309036	0.012292315758621082	0.004910155117143694	0.004601475977345661	0.9701017137675805
202	202	0.004919607548566612	0.2689486015525738	0.002984312251680649	0.2751691316657947	0.4479783469813843
203	203	0.15053575910707975	0.2976095594194869	0.004362723568367491	0.13150521888512032	0.4159867390199455
204	204	0.07979680298260607	0.6755401040891187	0.07661261872044073	0.13008078728311548	0.03796968692471902
205	205	0.03843395295516103	0.1675246189771352	0.004294327407823486	0.019701762116072857	0.7700453385438074
206	206	0.13224162250172916	0.21903252518001573	0.026112327945110876	0.06675465135877419	0.55585887301437
207	207	0.007552786014967349	0.21218548458304823	0.004581640225622589	0.7402507716052734	0.0354293175710884
208	208	0.19222715473883695	0.3159706581157344	0.003017184162916503	0.03587221777360542	0.4529127852089068
209	209	0.017120161528338455	0.13782615033818998	0.015025086870547398	0.014821987492517112	0.815206613770407
210	210	0.528495585254954	0.1747012308039984	0.09215145087730778	0.0028589991041094156	0.20179273395963046
211	211	0.004919607548566612	0.4650567508388367	0.002984312251680649	0.03548139364925123	0.4915579357116649
212	212	0.05070907699937201	0.22424669435378594	0.048685599380030205	0.014315461195494867	0.662043168071317
213	213	0.005521128861325199	0.6319624888775933	0.01557622290463919	0.21099796561646167	0.13594219373998076
214	214	0.008094339379309036	0.76516818359324	0.004910155117143694	0.004601475977345661	0.21722584593296163
215	215	0.34794390673106657	0.4103756716826962	0.06354196356936392	0.007173132246464416	0.17096532577040888
216	216	0.005805042293571701	0.5744695603233212	0.016377200207898734	0.11900197699976196	0.28434622017544653
217	217	0.23439261193554287	0.23683752524151097	0.02373954692517849	0.013119841966983492	0.49191047393078424
218	218	0.16190912698884818	0.5537425181318972	0.0025413144903803373	0.00238155359645094	0.27942548679242346
219	219	0.06169213367807401	0.4775859604606978	0.03538419359872087	0.002125231059081667	0.42321248120342575
220	220	0.005029192621614268	0.5311038811075489	0.025325953945392072	0.013996581926095366	0.4245443903993495
221	221	0.07028899064398757	0.4650567508388367	0.11193328407738223	0.089955879562102	0.2627650948776916
222	222	0.6861280311146297	0.16493880739098604	0.004228042693172779	0.003962244861857598	0.14074287393935397
223	223	0.22113180983457037	0.14841322061369225	0.024599624713653456	0.3139201807231779	0.291935164114906
224	224	0.20084387763374337	0.3281780463025542	0.0382330073095921	0.00229633535069113	0.43044873340341927
225	225	0.2721009998815658	0.4523245177121932	0.040043581065321736	0.09257017802629665	0.14296072331462265
226	226	0.05070907699937201	0.4178992449698987	0.00312029335270956	0.002924134688664706	0.5253472499893551
227	227	0.11710818664071163	0.20131432256535328	0.002801199564239172	0.10488913582495331	0.5738871554047427
228	228	0.2752095973795641	0.7090971838165901	0.001622872780890083	0.0015208501437115245	0.012549495879244194
229	229	0.2311936176885567	0.2768274916760249	0.002952148893023519	0.19676115879322803	0.292265582949167
230	230	0.03415078850246888	0.00955255022058145	0.07346713603182374	0.4911355242880068	0.39169400095711926
231	231	0.0290568665975284	0.4351161045113999	0.002305980035964536	0.18736788606133312	0.34615316279377406
232	232	0.05013793936172297	0.2780361265892641	0.003085149408475264	0.10425843141677768	0.5644823532237601
233	233	0.18368889192619609	0.3789234735642097	0.01879321218081597	0.003786888313039306	0.41480753401573905
234	234	0.07185468955352997	0.11901331669406866	0.014188371123406122	0.0028589991041094156	0.7920846235248858
235	235	0.00457100327374603	0.6143146365076109	0.0027728433493210635	0.06333582415218213	0.31500569271714
236	236	0.03843395295516103	0.3399760141191813	0.004294327407823486	0.49002374886710776	0.12727195665072638
237	237	0.05952379123011881	0.4504278906637438	0.003662691200348834	0.016803905217483178	0.46958172168830553
238	238	0.10592763306104516	0.522468776924631	0.2917039637666203	0.0282843586144311	0.05161526763327258
239	239	0.009862199355072987	0.7138792828186227	0.005982567120102223	0.005606470310865083	0.2646694803953371
240	240	0.025561745252973767	0.6988637723407852	0.022433634306136596	0.004520444230370934	0.2486204038697335
241	241	0.00637909994752462	0.3063559605182556	0.1733944982916509	0.385057273524357	0.128813167718212
242	242	0.06326342620470574	0.8463286390985981	0.0023255577302401186	0.002179360483392493	0.08590301648306359
243	243	0.05025103665251629	0.26002781810462217	0.45656290365347835	0.06675465135877419	0.1664035902306089
244	244	0.009069833487608899	0.29497678125252613	0.3469627515256025	0.00515602558232741	0.34383460815193495
245	245	0.030069423673302367	0.7639056365934505	0.0023863375099603045	0.132914175490393	0.07072442673289388
246	246	0.09195360624949533	0.39582924793458163	0.03185176504201378	0.002497403592536071	0.47786797718137325
247	247	0.05042545190876981	0.7880799783201918	0.009515650125393335	0.043656446597139464	0.10832247304850554
248	248	0.037840709039969486	0.7051782424532029	0.004228042693172779	0.003962244861857598	0.24879076095179734
249	249	0.0032771924887800958	0.38963106286887833	0.023760877301623753	0.001863020785711919	0.5814678465550059
250	250	0.036483896252834665	0.3439830513466827	0.3587665636043735	0.03158637569176542	0.22918011310434364
251	251	0.009862199355072987	0.45179094286840976	0.09334534710350649	0.005606470310865083	0.43939504036214566
252	252	0.11157340805261137	0.14502631305026936	0.22869909930787574	0.12362901464581827	0.39107216494342534
253	253	0.13667604852482157	0.11560081583606245	0.003269258098447622	0.0866098233420275	0.6578440541986409
254	254	0.33879190548464283	0.34123681879061096	0.013299617570268492	0.013119841966983492	0.29355181618749426
255	255	0.09976428030041688	0.07566892740069475	0.011098194588349618	0.33328688829334724	0.48018170941719157
256	256	0.20914581809416696	0.017239059658442604	0.04370681354355266	0.2173795742680654	0.5125287344357724
257	257	0.11652077952797892	0.014656925511710278	0.0058546964799894895	0.6253290051177111	0.2376385933626102
258	258	0.36026928685853543	0.021573595386636408	0.008617554402520754	0.3226788429300741	0.28686072042223343
259	259	0.3271992709214337	0.5101907145977488	0.09351181507858562	0.0033000546937316526	0.06579814470850036
260	260	0.20619573897740381	0.08379581354056184	0.3669050432038892	0.003217332135341437	0.3398860721428037
261	261	0.009651405941620901	0.37801279570532753	0.0058546964799894895	0.13372988662046417	0.47275121525259783
262	262	0.25211141319243435	0.3202830773836175	0.03538419359872087	0.2339400061200421	0.15828130970518522
263	263	0.3965764114408881	0.19125521891201797	0.17286879122161253	0.1205517626301721	0.11874781579530935
264	264	0.2013140955537539	0.5667635737248649	0.017746033681395407	0.003575878721758802	0.21060041831822718
265	265	0.5504708151531879	0.01681309090315509	0.031234138587715468	0.0062937720942888966	0.3951881832616526
266	266	0.03680238274413519	0.5617649792843941	0.0029206714219874013	0.10936268354164987	0.2891492830078336
267	267	0.14164663974783392	0.48363778064879664	0.01726502068894979	0.0034789531689588503	0.35397160574546094
268	268	0.37329825859582966	0.030769493786525395	0.02325258797877561	0.2602247881898499	0.31245487144901946
269	269	0.3914781166470061	0.1887964859698867	0.0035214310627842537	0.0033000546937316526	0.41290391162659135
270	270	0.1312214258080846	0.1881753163244161	0.022433634306136596	0.004520444230370934	0.6536491793309918
271	271	0.004866586588059627	0.05050046057552781	0.002952148893023519	0.002766560707087692	0.9389142432363013
272	272	0.0928570067765777	0.3800690318641654	0.002691117740762653	0.17936339402555157	0.34501944959294273
273	273	0.10114355118863234	0.27726641588571	0.004294327407823486	0.286217554608326	0.33107815090950815
274	274	0.3088856519834234	0.05740467494625349	0.027228571197261093	0.00548663831683455	0.6009944635562274
275	275	0.6434120183706794	0.021573595386636408	0.008617554402520754	0.008075807916580762	0.31832102392358275
276	276	0.01080626467863501	0.11213636775950439	0.006555252173468701	0.006143153257285664	0.8643589621311062
277	277	0.42819931810042405	0.49726461448318005	0.0036143618663044847	0.0033871433599248556	0.06753456219016668
278	278	0.1561155929717874	0.5786564404095077	0.002450379580027309	0.00229633535069113	0.2604812516879865
279	279	0.2965928856861107	0.33413464929314407	0.01129499535888497	0.028875000301247074	0.32910246936061327
280	280	0.7584603422252806	0.06277134215880241	0.09989037258549141	0.005999574972074549	0.07287836805835096
281	281	0.1745649752142869	0.10491787142783462	0.2328159070483399	0.06349736320581673	0.42420388310372187
282	282	0.005029192621614268	0.519966298285563	0.00305078830142017	0.20333548989985653	0.2686182308915462
283	283	0.04742048368386214	0.00942130879270315	0.017502222893098815	0.2920434207272298	0.6336125639031062
284	284	0.23916974824477294	0.03904481656066866	0.003982176543872258	0.3962530626840151	0.3215501959666711
285	285	0.015644064259511866	0.039722982904075575	0.002952148893023519	0.17520620345032353	0.7664746004930655
286	286	0.10192503129181844	0.12473536981588569	0.008984790823049564	0.5025648070465197	0.26179000102272654
287	287	0.05722811887402962	0.2916426391308026	0.2220695065297304	0.19613659187044885	0.2329231435949886
288	288	0.004268534175147367	0.11046575550175064	0.20110317524265445	0.30492382052055494	0.37923871455989266
289	289	0.1177324420281114	0.48318192019922235	0.05953686044421666	0.07322725665979422	0.2663215206686555
290	290	0.04615232046098858	0.2498558291267902	0.003662691200348834	0.5917771482900833	0.1085520109217892
291	291	0.014546632231056587	0.44781532943609653	0.0027450554744444587	0.27315128473144656	0.2617416981269559
292	292	0.09118428127417592	0.0783750921683145	0.021307939277464306	0.13810400573897158	0.6710286815410736
293	293	0.03037602725787427	0.01435020600636323	0.005732177633396134	0.42390366875412416	0.5256379203482422
294	294	0.13873991714880515	0.005451637973983174	0.041927675791533184	0.04179077669511035	0.7720899923905682
295	295	0.12624767868341372	0.008283278366088246	0.09994334158843866	0.0031007425422252374	0.7624249588198342
296	296	0.10526858686626939	0.12270405624058672	0.0038696635738027186	0.0036263954091985714	0.7645312979101426
297	297	0.27627836684973645	0.4894094087169854	0.0639941405107507	0.12362901464581827	0.046689069276709357
298	298	0.16975729050124264	0.7569532201667232	0.00550190537163092	0.00515602558232741	0.06263155837807592
299	299	0.005521128861325199	0.7786867078695364	0.01557622290463919	0.015365673627204094	0.18485026673729515
300	300	0.006661418933444239	0.7329784195497134	0.01879321218081597	0.018539177729101956	0.22302777160692458
301	301	0.004617748197599538	0.18086151557569655	0.0641596205332094	0.01285150437149798	0.7375096113219965
302	302	0.015154095482432938	0.42475625362989095	0.07593919369972847	0.002679912612073496	0.48147054457587424
303	303	0.09772241888343033	0.6576144881882945	0.022835771017967955	0.022527091878169918	0.19930023003213737
304	304	0.09412985519750189	0.007637488474209141	0.00305078830142017	0.20333548989985653	0.6918463781270123
305	305	0.06665016835220976	0.1097928102431021	0.024599624713653456	0.15943853924081727	0.6395188574502174
306	306	0.392547602357451	0.10956186837572142	0.0023657276289703183	0.0022170050831270423	0.4933077965547303
307	307	0.2391539935546459	0.2934653543604276	0.011098194588349618	0.132914175490393	0.32336828200618395
308	308	0.39578376477208105	0.3523737902463572	0.002495018743465159	0.07520714545401279	0.17414028078408395
309	309	0.007681265153013137	0.5049789982032036	0.00465957771595495	0.00436665123871165	0.4783135076891166
310	310	0.00637909994752462	0.1368311258004074	0.6819690024451954	0.0036263954091985714	0.17119437639767404
311	311	0.10526743801948785	0.07446298540612485	0.20352727909716728	0.0028589991041094156	0.6138832983731106
312	312	0.3943811508525098	0.036030800228981884	0.0486024459145327	0.00548663831683455	0.5154989646871411
313	313	0.03293902440224142	0.05426044892605736	0.03124382623230715	0.11696875501883751	0.7645879454205565
314	314	0.014844151692427908	0.07859748062741283	0.002801199564239172	0.0026251008766696097	0.9011320672392504
315	315	0.07543118294847481	0.027187433488429485	0.012895726159996604	0.08358158977353321	0.8009040676295659
316	316	0.01298080787716751	0.01971305893548534	0.007874364693141163	0.12236783430396171	0.8370639341902443
317	317	0.3003511113150334	0.37256524680656156	0.09542959579892824	0.005731653609164719	0.22592239247031204
318	318	0.02932779657940816	0.2878112254592947	0.0018046340839033364	0.008279403979036811	0.672776939898357
319	319	0.019153271512564636	0.5500447495267748	0.043199463149000555	0.0033871433599248556	0.38421537245173526
320	320	0.01080626467863501	0.11213636775950439	0.07834948053768304	0.10186879107623813	0.6968390959479394
321	321	0.016166775443600217	0.21925156209194221	0.04760111958936398	0.2812985696537582	0.43568197322133545
322	322	0.0848830565198625	0.3153773064084272	0.00312029335270956	0.4016205624277204	0.19499878129128043
323	323	0.025329585751508055	0.399703518424807	0.013162205079087977	0.0026522235852104725	0.5591524671593866
324	324	0.017324493318717146	0.22301721552155643	0.003269258098447622	0.014998890218364848	0.741390142842914
325	325	0.007079153838425366	0.5908144070530666	0.004294327407823486	0.11376615946627984	0.28404595223440465
326	326	0.1317569359615722	0.04989450626753263	0.0377054105827194	0.15558765568547073	0.625055491502705
327	327	0.03315097501934943	0.3582357012650646	0.006255830491524485	0.005862554855872184	0.5964949383681892
328	328	0.011642100285145857	0.4301990931522094	0.007062283357618343	0.032400749522407186	0.5186957736826192
329	329	0.008554366229208351	0.33504547558665987	0.11885552604479761	0.004862992377826313	0.5326816397615078
330	330	0.1907701712018505	0.01251668504712748	0.22403348411215265	0.004685465838279086	0.5679941938005902
331	331	0.36240314523829803	0.21530801170785638	0.2105627596206707	0.026002996323603096	0.18572308710957186
332	332	0.4223903051482125	0.21040683533223148	0.20229788505017934	0.005054501214008492	0.15985047325536814
333	333	0.0074285341315659635	0.2744993230239878	0.2183709894261761	0.15228317093322152	0.34741798248504857
334	334	0.09457953365880291	0.08485939995337732	0.4096398088907	0.05402855267377092	0.35689270482334895
335	335	0.08118388782655772	0.1382098353617319	0.002984312251680649	0.002796702101540751	0.7748252624584889
336	336	0.008242083807871342	0.4140784773138816	0.004999779239377694	0.004685465838279086	0.5679941938005902
337	337	0.037840709039969486	0.04145550794819363	0.004228042693172779	0.003962244861857598	0.9125134954568066
338	338	0.10275447413607354	0.0109218495934498	0.004362723568367491	0.004088458962437145	0.877872493739672
339	339	0.3384853337130451	0.01864129188486149	0.27928814101302674	0.06134651501385035	0.30223871837521626
340	340	0.016857688293993613	0.025600610223964804	0.1595573876080815	0.009583270985236902	0.7884010428887233
341	341	0.18735049838755163	0.4604327132792275	0.058687002819616474	0.004601475977345661	0.28892830953625864
342	342	0.008719552796324522	0.0325519895019218	0.00528941952835838	0.004956897758456665	0.9484821404149386
343	343	0.014205948343692699	0.05303389888798574	0.008617554402520754	0.16537732542332745	0.7587652729424734
344	344	0.34654895764695054	0.07232633280889172	0.035098867553870886	0.43615379291163103	0.10987204907865587
345	345	0.16644131932645492	0.6284239853040446	0.12809331486124745	0.004520444230370934	0.07252093627788209
346	346	0.004814696306125536	0.5297772928463843	0.0029206714219874013	0.16267549427166597	0.29981184515383685
347	347	0.009255743727909865	0.34201840395383504	0.21059114610583982	0.06675465135877419	0.37138005485364106
348	348	0.04033079911170859	0.3238527204942017	0.03740853203539166	0.03712524350272232	0.5612827048559756
349	349	0.004228561420043293	0.14688935982228257	0.06811672224979386	0.021132887000982415	0.7596324695068979
350	350	0.37204237263062245	0.3481108789530386	0.0037123305193739937	0.0034789531689588503	0.27265546472800617
351	351	0.05799465536675574	0.08807248901656818	0.035180481132775186	0.2898372228241205	0.5289151516597803
352	352	0.6204753530782786	0.07804840534676266	0.031176369402123264	0.1430327395355162	0.12726713263731923
353	353	0.06654076451516673	0.10105087641016369	0.04036468698334836	0.03782714253536667	0.7542165295559545
354	354	0.05799465536675574	0.08807248901656818	0.035180481132775186	0.5467056014993629	0.272046772984538
355	355	0.16521020584621654	0.30568097896279367	0.031176369402123264	0.1430327395355162	0.3548997062533502
356	356	0.39284277946224755	0.07804840534676266	0.25880894301815427	0.02921645272750072	0.24108341944533473
357	357	0.05799465536675574	0.08807248901656818	0.16361467047039635	0.16140303348649937	0.5289151516597803
358	358	0.506659066270263	0.19186469215477817	0.031176369402123264	0.02921645272750072	0.24108341944533473
359	359	0.6592574094877294	0.07007296110782728	0.02799058495676049	0.12841681454077197	0.11426222990691084
360	360	0.5054243153964615	0.06357635584470407	0.025395521487583433	0.30193505867943915	0.1036687485918118
361	361	0.06654076451516673	0.6904920305555418	0.04036468698334836	0.03782714253536667	0.1647753754105764
362	362	0.39284277946224755	0.19186469215477817	0.14499265621013877	0.02921645272750072	0.24108341944533473
363	363	0.7342916398862941	0.07804840534676266	0.031176369402123264	0.02921645272750072	0.12726713263731923
364	364	0.2790264926542321	0.30568097896279367	0.25880894301815427	0.02921645272750072	0.12726713263731923
365	365	0.16521020584621654	0.4194972657708092	0.031176369402123264	0.02921645272750072	0.3548997062533502
366	366	0.04614218668456196	0.17225883157502186	0.3345481963583442	0.026230944073577418	0.4208198413084946
367	367	0.44329722337961924	0.08807248901656818	0.035180481132775186	0.032968844148878206	0.40048096232215913
368	368	0.5570715390205347	0.17225883157502186	0.02799058495676049	0.12841681454077197	0.11426222990691084
369	369	0.45488566855334023	0.376630572509411	0.02799058495676049	0.026230944073577418	0.11426222990691084
370	370	0.45488566855334023	0.17225883157502186	0.02799058495676049	0.026230944073577418	0.31863397084129996
371	371	0.05139391903820106	0.6471298393868401	0.031176369402123264	0.02921645272750072	0.24108341944533473
