0	0	0.002179230290707856	0.001273997967286509	0.004747262451278652	0.002441626397905513	0.2300786951956681	0.04327477640027646	0.010754961999614844	0.0025568107823186145	0.008230930700363497	0.0031681215763283773	0.002621729228518636	0.23755525481945508	0.0033643571346558955	0.0029403107637680725	0.00609425251935063	0.04670608961069411	0.005979328640479166	0.00431820730348909	0.002286080209932734	0.007613339771041607	0.001812481486369371	0.007626349683322917	0.08323183994843418	0.0019188298489457851	0.003880511548932121	0.15233443733629834	0.1084320335600389	0.00426459314953899	0.0044835164480199995	0.003830043226965964
1	1	6.786276908803007E-4	3.967319573394014E-4	0.0014783310277260977	7.603396903338717E-4	0.07164812929920876	0.4336344767828271	0.0033491710621061863	7.962089204712437E-4	0.0025631699039797675	9.865754156131116E-4	8.164249827332763E-4	0.003949981721326386	0.001047684553267927	9.15633520970509E-4	0.0018977932403394632	0.014544605899479427	0.10690160664124165	0.0013447202269556296	7.11901509743553E-4	0.14242364974075158	5.644195251428033E-4	0.0023748991088766744	0.0025768486405277915	5.975371557263478E-4	0.0012084186802629095	7.53751440704418E-4	0.19716143611061981	0.0013280244010721526	0.00139619866111321	0.001192702488658684
2	2	9.130709589879986E-4	5.3378963696453E-4	0.0019890451676627336	0.001023011733148154	0.09640017200604284	0.47351952562165656	0.004506198132771947	0.0010712725878109035	0.01915169151457742	0.0013274043675985752	0.0010984726263660808	0.005314568867058946	0.0014096246773077673	0.0012319544108045607	0.0025534176061544436	0.0038662511201439168	0.002505265900141903	0.04891837158055646	9.578397742116342E-4	0.08170505549580369	7.594076752529551E-4	0.003195347664090897	0.0034670640337731754	8.039663443474953E-4	0.06443801415379322	0.0010141474626680998	0.13964989245919573	0.017489844372197118	0.001878538803488433	0.01730777324542188
3	3	5.554553230945951E-4	3.247242641396688E-4	0.010762754211251783	6.223364210325721E-4	0.03953835478731254	0.17342677318101704	0.002741289398297468	6.516953096880936E-4	0.0020979491204000207	8.075098814870253E-4	6.682421136961818E-4	0.0032330516463173415	8.575275808179457E-4	0.01030218749754458	0.22126643807504348	0.002351985619479774	0.001524047245510393	0.3449994132678969	5.826898731367605E-4	0.06880973767258011	4.6197618209833994E-4	0.011496593280721223	0.02121463194938348	4.890828923654203E-4	9.890881222490106E-4	6.16943952709022E-4	0.07540152588971677	0.0010869851506032193	0.001142785637595902	9.762244528133915E-4
4	4	0.002027272089789069	0.0011851618126549732	0.004416234810711443	0.0022713712595093666	0.10943993246790627	0.6329640607876217	0.01000501616627176	0.002378523811810008	0.007656986117063776	0.002947207771539771	0.002438915480673526	0.011799824567185833	0.0031297597818150747	0.0027352822563590593	0.04053440743580491	0.008584155383356693	0.005562388757262758	0.004017097771453618	0.0021266713409670854	0.007082459937219571	0.0016860967591371533	0.04195967113217044	0.04256295722639275	0.0017850294273206075	0.003609922636812712	0.002251690107717536	0.031140827404022617	0.003967222144089157	0.00417087987347532	0.0035629734818855177
5	5	8.226448333413021E-4	4.809256965380843E-4	0.0017920597674837878	0.057513215810781684	0.016113768093830017	0.22855413140812642	0.01820780564512912	9.651789390383947E-4	0.01725500074131769	0.0011959446678382413	9.896852175086915E-4	0.004788239705672256	0.001270022276278395	0.0011099476124874987	0.0023005394930026225	0.0034833563340045076	0.2852147475242199	0.21384828759307645	8.629799619268771E-4	0.002873984752242436	6.841996170144146E-4	0.01702677545823248	0.003123702803348546	7.243454113257525E-4	0.001464867109300939	9.137112096246938E-4	0.11167176390289507	0.0016098553400849687	0.0016924974184193973	0.0014458156559093939
6	6	0.0012455806250528487	7.281778301151199E-4	0.04555648162572432	0.0013955581233504376	0.2171920517635724	0.41032236287278123	0.006147203600748666	0.0014613939545360425	0.004704545384781388	0.001810800294999906	0.0014984993302919096	0.007249955708431092	0.0019229624700767723	0.001680590681306214	0.003483286229385601	0.02669575608375285	0.06768223917525773	0.0024681537215787415	0.0013066527337429953	0.09003773602009793	0.0010359583529629482	0.0043589855766640526	0.004729651889346977	0.0010967437873872512	0.002217980367312928	0.0013834657843525783	0.08339794293203467	0.0024375095296025216	0.0025626393151618222	0.002189134235590174
7	7	8.344505390594099E-4	4.8782742011974707E-4	0.0018177774640968495	9.349248092784853E-4	0.21725781927026847	0.4757996397738371	0.004118189746356265	0.04403177382536942	0.003151711220776033	0.015564022129533835	0.0010038881055083803	0.004856955324590479	0.0012882482574570352	0.0011258763758425433	0.0023335543387130874	0.0035333456831426217	0.0022895487588145344	0.0016534876683438173	8.753645136291617E-4	0.002915229061874204	6.940185072615051E-4	0.002920210696152392	0.003168530795396314	7.347404304370265E-4	0.0014858892920311226	9.268238011283106E-4	0.19937984321732719	0.0016329582365276218	0.0017167863042674492	0.0014665644328596744
8	8	4.317293360496599E-4	2.523929200555316E-4	9.404845714944084E-4	4.8371287245033227E-4	0.060430901528625534	0.12737158710865792	0.0021306755064536237	5.065321577814867E-4	0.0016306373224944657	0.02290233594055412	0.10446797656935478	0.002512899206550835	6.665159153542825E-4	5.825076951408043E-4	0.008632236835681616	0.001828087962573045	0.0011845703480646281	0.015705281680399943	4.528974727448103E-4	0.03863277986652907	3.590723899392834E-4	0.11288434538513464	0.03133893470566261	3.8014116278117067E-4	7.687717455548591E-4	4.7952156007614394E-4	0.014056672023614646	0.4463387911848576	8.882336059318734E-4	7.587734194362771E-4
9	9	8.226448333413021E-4	4.809256965380843E-4	0.0017920597674837878	9.216976056873159E-4	0.016113768093830017	0.07292745634411686	0.004059926093855527	9.651789390383947E-4	0.0031071211900440964	0.0011959446678382413	0.07172908297387666	0.004788239705672256	0.001270022276278395	0.0011099476124874987	0.0023005394930026225	0.0034833563340045076	0.030552915601295243	0.27043980579817084	8.629799619268771E-4	0.031169743854789624	6.841996170144146E-4	0.01702677545823248	0.08801098011099011	0.014872224962599346	0.015612746660574533	9.137112096246938E-4	0.0550802456978007	0.2845674463655568	0.0016924974184193973	0.0014458156559093939
10	10	0.014324317487633702	2.3658344668686592E-4	0.03568065158035486	4.5341390141183504E-4	0.1471232114546967	0.008036194733643878	0.09247481477259474	4.7480382460535306E-4	0.015448127868808876	5.883252103197695E-4	0.16056261532585808	0.02323494181371689	6.247664652854496E-4	5.460203804754597E-4	0.008091527855668638	0.008673395048579877	0.049829079189459204	0.07040005275829206	4.2452872716938094E-4	0.09189141053325597	3.3658069173745096E-4	0.0014162252531397194	0.09201425520064616	3.5632975163699023E-4	7.206171600963682E-4	4.494851258843416E-4	0.054935078312366055	7.919417235680981E-4	0.035631673528503084	0.08422903087390404
11	11	0.10745941606816976	5.175358724742277E-4	0.0019284792265560275	9.918612749340112E-4	0.23048871467759255	0.2611775538244209	0.08049337685211874	0.001038652598321763	0.1555924316103447	0.0012869852277721879	0.0010650244023249977	0.005152741538930414	0.016591580220152006	0.0011944416989245114	0.002475666661696555	0.018973402985888742	0.002428981163409186	0.0017541842622369104	9.286737862804845E-4	0.0030927650922716503	7.362838964252487E-4	0.0030980501056517436	0.0033614927780286747	7.794857648940172E-4	0.0015763792264130473	9.832669193319985E-4	0.08972295241942098	0.0017324045980192104	0.0018213377542671942	0.0015558774927276345
12	12	0.0017263288727935651	0.0010092276544543736	0.0037606563525276115	0.0019341921619078206	0.3307096594609005	0.09366008812935225	0.008519797795074668	0.0020254381992610834	0.006520326639450764	0.061888651898417114	0.0020768648835036148	0.09911659567238502	0.002665155162678541	0.0023292367897611035	0.03451718111765103	0.007309860063419929	0.004736666756145263	0.18155761829710587	0.0018109725662114149	0.0060310873619820755	0.0014358001238624954	0.00604139347203364	0.09562354739948643	0.0015200464973058217	0.0030740391030240413	0.0019174326254059373	0.026518053368869105	0.0033782984369107017	0.003551723711286917	0.0030340594268314356
13	13	0.0012455806250528487	7.281778301151199E-4	0.0027133883722921704	0.0013955581233504376	0.5813583444177457	0.04615607021860784	0.027568750227464748	0.0014613939545360425	0.004704545384781388	0.001810800294999906	0.0014984993302919096	0.007249955708431092	0.0019229624700767723	0.001680590681306214	0.024904832856101677	0.0052742094570367715	0.13194687905540597	0.0024681537215787415	0.0013066527337429953	0.004351549513233613	0.0010359583529629482	0.02578053220338013	0.0904158383962113	0.0010967437873872512	0.002217980367312928	0.0013834657843525783	0.01913330305188643	0.0024375095296025216	0.0025626393151618222	0.002189134235590174
14	14	4.899325270532676E-4	0.10139697513815346	0.05162255317891149	5.489241758186353E-4	0.28765070915774954	0.23722774620562195	0.03612143925358697	5.748198219893094E-4	0.001850470184461112	7.122541461179716E-4	5.894147266833043E-4	0.053406951438195224	7.563716418223293E-4	6.610379311251657E-4	0.0013701041831317238	0.02735217897492421	0.018196026453590378	9.708153496026748E-4	5.139544265122173E-4	0.02698926299117637	4.0748040197521797E-4	0.026992187867554925	0.01028622516820444	4.3138954193495835E-4	8.724129971643155E-4	5.441678155445225E-4	0.10863638568233372	9.587618653781768E-4	0.0010079799977219586	8.610667559605069E-4
15	15	2.542664710775519E-4	1.486465054579866E-4	0.14048622326973637	2.848821120614902E-4	0.21050611399581481	0.0269136053357157	0.03623794027065018	2.983215025989843E-4	9.603618818025476E-4	3.6964752949354896E-4	3.0589600461169064E-4	0.08456478752561723	3.9254374341303515E-4	3.4306720357296747E-4	0.02257548621157903	0.018568190949964897	0.02693496240413273	0.02674114743093368	2.66733419619923E-4	8.883031063542788E-4	2.1147525041185158E-4	8.898210663876458E-4	0.07530453519210886	2.238836787328426E-4	0.08353758576380348	2.8241364370045684E-4	0.20068560828599877	4.975807537819081E-4	5.231241095157084E-4	0.039802845381349795
16	16	0.0011250762575086815	6.577298742680357E-4	0.099196418035156	0.0012605441020635104	0.5057654111096966	0.15778532183536584	0.024901596658017725	0.0013200106103492593	0.004249401611047867	0.0016356134464661173	0.00135352620656937	0.006548554843809707	0.0017369244315853345	0.0015180010318864233	0.003146293829532232	0.004763953226221753	0.0030869618130443884	0.0022293708622130462	0.0011802399121941085	0.003930556514962549	9.357340048838341E-4	0.023286380748520637	0.00427207917332496	0.1170852841762631	0.002003400663669028	0.0012496216429062315	0.017282241356702602	0.0022016913590724766	0.0023147153962229812	0.001977345266475561
17	17	0.0010831599025553917	6.332251896395906E-4	0.0023595690441975364	0.001213580695215542	0.09572958782582192	0.43133022560454715	0.061230308170759994	0.0012708316921059499	0.0227193123497133	0.0015746762848018393	0.0013030986159642917	0.006304578893350994	0.0016722127815834143	0.0014614456920618065	0.0775419876138601	0.11635583552535494	0.002971952553699298	0.0021463124030558253	0.0011362683549246352	0.11555348822264287	9.008718713806111E-4	0.003790584324687505	0.004112916640276605	9.537310311198866E-4	0.0019287610534456654	0.001203065168185702	0.035266594664765165	0.0021196641401274884	0.0022284773021236767	0.0019036763880314195
18	18	7.390023081866042E-4	4.320275110272804E-4	0.0016098518472423475	0.06437494375870942	0.0526035744638076	0.2688628189391577	0.003647132556877658	8.670442393291581E-4	0.002791204221063225	0.0010743468313126148	8.890588386077505E-4	0.05513896268910556	0.06468785247111163	9.970935382440575E-4	0.014776023804063123	0.00312918560566436	0.0020276598051897866	0.21752401786187275	7.75236357095262E-4	0.0025817719622376837	6.14633528032221E-4	0.015295575751082868	0.0028060998965829687	6.506974932546886E-4	0.0013159265470168023	8.208094982935105E-4	0.12573630609464895	0.0014461730797447805	0.001520412513540802	0.09026455598789689
19	19	0.0012194579497235268	7.129062751025325E-4	0.002656482410473168	0.0013662900767653884	0.3804153398374549	0.003243496258833505	0.0060182826777543915	0.02240303296599128	0.004605880305069273	0.0017728236700901244	0.0014670723710898416	0.049042483122954936	0.0018826335477525706	0.02261763263592587	0.06632709710625742	0.026135885004498496	0.10820736334934784	0.00241639089142961	0.0012792492365745233	0.19301087763887378	0.0010142319362502587	0.004267567676695063	0.025602748054834354	0.0010737425610506158	0.04411603981682295	0.0013544513417809985	0.01873203391398478	0.002386389378266486	0.002508894905952432	0.002143223082399107
20	20	0.0010831599025553917	6.332251896395906E-4	0.0023595690441975364	0.001213580695215542	0.05847313105363169	0.002880972724359532	0.005345623012474658	0.0012708316921059499	0.07860399750799862	0.0015746762848018393	0.019931327002059407	0.006304578893350994	0.0016722127815834143	0.0014614456920618065	0.04028553084166988	0.0045864652087842855	0.02160018093979441	0.03940276917524605	0.0011362683549246352	0.39497691401406954	0.11267024218795128	0.003790584324687505	0.022741145026371715	9.537310311198866E-4	0.0019287610534456654	0.001203065168185702	0.14703596498133584	0.0207478925262226	0.0022284773021236767	0.0019036763880314195
21	21	4.983302688202551E-4	2.913284347328551E-4	0.12106983022243016	5.583330703574545E-4	0.11260482540190758	0.027036364641055355	0.0024593651837864355	5.846725836678316E-4	0.0018821883699224435	7.244626157771307E-4	5.995176539131345E-4	0.002900552806016968	0.163605119570403	6.723685236807592E-4	0.0013935886029007316	0.002110098827547153	0.001367308660071339	9.874557156923194E-4	5.227639182595994E-4	0.3274125287592836	4.144648641244807E-4	0.0017439372534479227	0.0018922329474613528	4.387838212981552E-4	0.11230132365315797	5.534951831727424E-4	0.007654826882733042	0.10381884821152922	0.0010252573885048684	8.758259643441296E-4
22	22	0.0011703673864360649	6.8420748263996E-4	0.0025495429150006687	0.0013112886316580038	0.24433316232914432	0.0031129259030430404	0.0057760103741123356	0.0013731490268253362	0.04467651827985951	0.0017014567872928941	0.0014080138286476026	0.0068121738116259725	0.021934872419910316	0.001579109761173192	0.24480926640512962	0.025083757444726514	0.0032112307099617363	0.002319116532760772	0.0012277517121024933	0.08460089027315376	0.16199761309941416	0.044351824782426164	0.004444056216957095	0.0010305179241046293	0.0020840496660329754	0.0012999264774110854	0.07836203497414562	0.002290322762087652	0.002407896700815328	0.002056945381401286
23	23	4.4494399253468877E-4	2.60118329147036E-4	9.692715440348584E-4	0.02345501372025222	0.2382804057950338	0.07770510561493726	0.0021958926287286105	5.220364284084262E-4	0.0016805489459796787	6.468507110136408E-4	5.352911416732658E-4	0.0025898156841289333	6.869170744318726E-4	6.003374751636431E-4	0.016548623053515663	0.0018840432855790326	0.07009031359393295	0.21514228969782817	4.667600575300425E-4	0.1469455877022706	3.7006311465982955E-4	0.0015571087144999021	0.00168951744481092	3.917767744075133E-4	0.016096632848526506	4.941990724999059E-4	0.17518239323361612	8.707226173309178E-4	9.154212464296182E-4	7.819984570942874E-4
24	24	0.01823777568320137	2.0272170999738123E-4	7.55396151831646E-4	3.885176360307631E-4	0.3407578812871568	0.048631682254890965	0.0017113561744235162	4.068460603868504E-4	0.001309726066519212	5.041193470667861E-4	0.1077632430356721	0.12725543597785124	5.353448348367355E-4	4.6786952668718105E-4	0.0904247883717765	0.0014683181989292662	9.514455735090319E-4	6.871238347035932E-4	3.6376674158736217E-4	0.042957146188055996	2.884065404264205E-4	0.0012135236386083834	0.060953419498158835	3.053289551166347E-4	0.04236316932173158	3.8515117863789454E-4	0.10074535901248602	6.785926178194907E-4	7.134282349601234E-4	0.00657311634694024
25	25	7.032507504079319E-4	4.111268232332612E-4	0.0015319702077749183	7.879275558275799E-4	0.21938220441962095	0.0018704959678905897	0.015565226285091598	8.250982509666778E-4	0.0026561709500220495	0.001022371928949647	0.01294058304573119	0.4032129635892308	0.0010856983264575125	9.488560065768737E-4	0.0019666520219011148	0.002977801423582955	0.0019295653934705346	0.0013935115253970285	7.377318633937075E-4	0.0024568706345195167	5.848987006213647E-4	0.002461069011631649	0.03895395166306688	0.012713753179124794	0.04963040535061815	7.811002607465643E-4	0.21640969913120353	0.0013762099147509837	0.0014468577827597112	0.001235978035429994
26	26	5.95259877159733E-4	3.479943706465217E-4	0.001296721542299805	6.669337499044691E-4	0.318778919286263	0.0015832634368729288	0.0029377332841077734	6.983965295881121E-4	0.0022482905172987407	8.653769490969066E-4	7.161290962081701E-4	0.0034647357686950933	9.189789730970721E-4	8.031500991496905E-4	0.0016646538098874872	0.03323244283165181	0.0016332621876658968	0.08307795457676757	6.244460857323335E-4	0.012316898427704358	4.950819156336503E-4	0.012320452103889682	0.0022602888532739715	5.241311232888965E-4	0.0010599672911043995	6.611548512272887E-4	0.4595851232014945	0.0216394872465235	0.02169928645926245	0.011283485554504159
27	27	0.06101336404411799	0.05216018337493688	0.001094952954394795	5.631595188496219E-4	0.02713433105817947	0.277957370993984	0.13214646635359215	5.897267211704671E-4	0.0018984587391738502	7.30725152755839E-4	6.047001179840955E-4	0.028858794605917264	7.75986754900914E-4	6.781807390403515E-4	0.010050024756117285	0.0021283393435495798	0.0013791282086008645	0.22575011686374616	5.272828931493158E-4	0.0017560117985193913	4.180476598152846E-4	0.04498095967934429	0.001908590145952672	4.4257683952531507E-4	8.950374302398019E-4	5.582798110840638E-4	0.11145367135485537	9.836255981848668E-4	0.001034120112637732	0.009527786375680372
28	28	7.891504181498387E-4	4.6134455495276157E-4	0.2052967135114891	8.841702049979099E-4	0.23260714720974116	0.002098970636507973	0.01746646530323895	9.258811730913305E-4	0.0029806131236567723	0.0011472511543958836	9.493896656002815E-4	0.004593284018554365	0.001218312654215495	0.001064755514188614	0.0022068718228003843	0.044057053335884874	0.042880778869056224	0.0015637241799255695	8.27843280852385E-4	0.002756968958008905	0.014228183297700096	0.1520519336428179	0.09799940819264673	6.948533085790131E-4	0.001405224277825344	8.765089792332868E-4	0.06640946587623033	0.06940351536883327	0.02876726895248983	0.001386948514335485
29	29	0.016246559437446705	2.6833159987080983E-4	0.07204392467867252	5.142594685863019E-4	0.2300165749147942	0.0012208232283866583	0.025946577648615247	5.385197978359099E-4	0.2543346729715848	6.672751079596073E-4	5.521930304291148E-4	0.0026715894576579908	0.024389955991163698	6.192932105219103E-4	0.0012835817407284061	0.08877514673858346	0.0012593762795951985	9.095081028951603E-4	4.8149806821967553E-4	0.0016035344589087814	0.17404497697959204	0.0016062746285685952	0.009636647321774378	4.0414717799286344E-4	8.173198851014657E-4	5.098034737244934E-4	0.07809461970604126	8.982157993950286E-4	0.008838108933315976	8.066901620377644E-4
30	30	6.483595025336712E-4	3.790368974866285E-4	0.16867009379045067	7.264269790435466E-4	0.19110812182583015	0.01287501032762602	0.0031997911563416393	7.606963678714103E-4	0.0024488472636562736	0.023243598708051937	7.800107522496822E-4	0.026074831008173774	0.001000955671124859	8.747943859902193E-4	0.001813147765341174	0.3818628252099089	0.024079982463088633	0.0012847429439033903	6.801492407590436E-4	0.002265103053871825	5.392452554760636E-4	0.002268973732565437	0.0024619159004695777	5.708857717396833E-4	0.0011545207260424786	7.20132578874318E-4	0.14376557809233984	0.0012687917861335708	0.0013339253342039184	0.001139505508851707
31	31	0.07699535416689574	4.320275110272804E-4	0.014319243823693867	8.279838764518203E-4	0.0526035744638076	0.001965587433675764	0.003647132556877658	8.670442393291581E-4	0.053628772126869305	0.0010743468313126148	8.890588386077505E-4	0.06784835466555708	0.0011408925888540162	9.970935382440575E-4	0.0020666318276116036	0.2700264171111463	0.06557461968744739	0.14126766600316362	7.75236357095262E-4	0.0025817719622376837	6.14633528032221E-4	0.002586183774631348	0.0028060998965829687	6.506974932546886E-4	0.0013159265470168023	8.208094982935105E-4	0.22741144190626114	0.0014461730797447805	0.001520412513540802	0.001298812152736251
32	32	5.301341457679522E-4	3.09921272192927E-4	0.11056207596744576	5.939663789813047E-4	0.15626043964427394	0.010527311738498217	0.0026163240373189844	6.219869032448568E-4	0.03847138633413186	0.05547431102383219	6.377793989565661E-4	0.1671965063387151	0.1284601986863627	7.152796754381507E-4	0.001482528655744189	0.002244767194406874	0.0014545715038022191	0.001050476009738528	5.56127172248534E-4	0.0018520719876059166	0.11896541026879279	0.10214519323589247	0.002012996921843061	4.667873914851396E-4	9.439992110551965E-4	5.888197335727069E-4	0.00814336468078957	0.0010374334718174093	0.0010906902186255834	0.08298714079741934
33	33	3.9640971205211054E-4	2.3174474470202835E-4	0.11676054186159222	4.441404937603766E-4	0.12366177559411579	0.01468930564333322	0.0019563656982823445	4.650929414446762E-4	0.0014972354609627527	5.762925410744352E-4	4.76901836849054E-4	0.002307319812916796	0.0074294589550675545	0.007352323417581159	0.0011085661284489245	0.13121047167490454	0.007905131538212115	7.854972102105886E-4	4.158460909852278E-4	0.028654775364731284	3.296968049568023E-4	0.11046678756067257	0.0015052256801788373	3.49041948958282E-4	7.05878801467747E-4	4.402920711663157E-4	0.40831998795923813	0.028045626487889014	8.155675293790107E-4	6.966984348659873E-4
34	34	6.707987537924923E-4	3.9215508908531604E-4	0.0014612763735076565	7.51568088937433E-4	0.10543083942844571	0.0017841806261949457	0.003310533603166771	7.870235164111245E-4	0.014070024541395628	0.03558446722298619	8.070063575981265E-4	0.1423415064960975	0.0010355980195681845	9.050703840288556E-4	0.013412323945368447	0.07205893541918741	0.0018405242519120618	0.0013292069636464316	0.01224011316513244	0.013879921078026412	5.57908141930984E-4	0.08310247243834273	0.0025471210208585626	5.906437134712266E-4	0.0011944778494500101	7.450558441521095E-4	0.27564186927143086	0.20896834390863409	0.001380091520737375	0.0011789429665029216
35	35	5.2064050690934E-4	3.04371204052081E-4	0.0011341697752661854	5.833296329025596E-4	0.1803241190127626	0.010338788707874422	0.09210943863152658	6.108483657985668E-4	0.04673643776693959	7.568967953883614E-4	6.263580495990647E-4	0.03884639759157857	8.037794864912325E-4	7.024704516299421E-4	0.261121885895847	0.0022045679179869635	0.001428523046706284	0.0010316640921404889	5.4616805043958E-4	0.0465888889484986	0.2421909332614604	0.019730006837761473	0.001976948185967366	4.5842816589310745E-4	9.270940792803123E-4	5.782751535867001E-4	0.04381352044194711	0.001018855119904228	0.001071158145234513	9.150366786268051E-4
36	36	7.582767818817592E-4	4.432955447054323E-4	0.23638759256800262	8.495791451944091E-4	0.2365478200669406	0.10634385471295545	0.003742256157645264	8.89658270704099E-4	0.028945754042321914	0.0011023676771343565	9.122470492646828E-4	0.017454457852929667	0.00117064906450945	0.0010230994829638423	0.06732490902707733	0.01625167540818935	0.002080544721982205	0.0015025471844576962	7.954558782074847E-4	0.08089436008290245	6.306642462545868E-4	0.14610326278720012	0.002879287893485691	6.676688228138838E-4	0.027431998544314114	8.422176466962038E-4	0.011647852554175133	0.0014838918049441389	0.0015600675331170425	0.0013326874470290279
37	37	5.60812622173112E-4	3.2785619019873595E-4	0.001221681212305819	6.283387801716482E-4	0.19423775269605234	0.19438921023953032	0.03170236416682308	6.579808317398306E-4	0.002118183584671381	8.152982161453052E-4	6.746872276613981E-4	0.003264234036485315	0.010510676785263087	7.566723886244179E-4	0.01121319996304603	0.1759824824277197	0.059408017226890514	0.020401023200654858	5.88309846140215E-4	0.0019592500428698687	4.6643188622385554E-4	0.12734601798743667	0.0021294875856937403	0.0197835569477292	9.986277569695408E-4	6.228943021465441E-4	0.13399803517319364	0.0010974689902633471	0.0011538076661708125	9.85640019005728E-4
38	38	5.718433412159484E-4	3.343048494791269E-4	0.0012457106682774743	6.406976827244025E-4	0.09971239602475254	0.021190150906599696	0.012656752944075767	6.709227688566695E-4	0.002159846498592826	8.313344557070614E-4	6.879577657268304E-4	0.0033284388120608174	8.828278650167012E-4	7.715555067932731E-4	0.0015991690909119998	0.002421378028464993	0.001569012363025289	0.0011331239763963741	5.998814127675152E-4	0.001997786865871138	4.7560621448633077E-4	0.04133954159926433	0.002171372839937795	0.049676438740675476	0.15837163334824567	6.351461163331395E-4	0.5595208295328558	0.001119055294870599	0.0011765021057960898	0.03050878238021839
39	39	4.2232223643579156E-4	2.4689344354897244E-4	9.199920283415462E-4	0.014999403338947597	0.20437645427699133	0.0011232864521587215	0.0456629402419703	4.954951536495043E-4	0.0015951068026850994	6.139636527266182E-4	0.01503430622669529	0.285719634717961	6.519929698733547E-4	5.698152337848679E-4	0.015707261172536825	0.0017882551225715027	0.0011587593356237294	8.368436202355266E-4	4.430291332894401E-4	0.001475421249677776	3.512484376184708E-4	0.18305582066224083	0.008866734453509587	3.7185813569217324E-4	0.015278250965812411	4.6907309918648376E-4	0.1953282645087466	8.264535070394291E-4	8.688795771140922E-4	7.422402433350091E-4
40	40	7.118603707341181E-4	4.161600860515323E-4	0.06276374463217914	7.975738407356022E-4	0.1730975985383055	0.0018933957089798936	0.0035131813599150862	8.351996019691514E-4	0.00268868939865203	0.0010348884234365728	8.564056531958069E-4	0.0041434139666316015	0.001098990100940729	9.604724747514324E-4	0.014233332787480997	0.003014257466678472	0.001953188298135326	0.03813838320697481	7.467636223255898E-4	0.051457364424408986	5.920593836902538E-4	0.100432029496653	0.014945641812625582	6.267987983970961E-4	0.4175161254614325	7.906629617857201E-4	0.09663307910118087	0.001393058307515963	0.0014645710893837326	0.0012511096248529491
41	41	0.001394995422487171	8.155270877982173E-4	0.0030388754309797427	0.001562963612898239	0.21925434053080942	0.07568395354401004	0.006884597200423859	0.0016366968432426497	0.005268883558922353	0.0020280165504791064	0.0016782532293071043	0.008119630976169846	0.002153633244943822	0.0018821875198944211	0.05188350398127972	0.02989807065687875	0.00382756063853422	0.0027642234266857944	0.0014633934935159162	0.0048735437350188445	0.0011602277132476632	0.05286424866882383	0.005297001737897851	0.0012283047217289077	0.36235186681984916	0.0015494207259827803	0.1413843986223626	0.0027299032817888467	0.002870043128669188	0.0024517338953700197
42	42	0.0310536040524313	2.60118329147036E-4	9.692715440348584E-4	4.985186753297606E-4	0.046976280420680014	0.0011834554651957453	0.0021958926287286105	0.008174201443382578	0.024637043990902132	6.468507110136408E-4	5.352911416732658E-4	0.056154970788947996	6.869170744318726E-4	0.015904667505111946	0.17724408836797287	0.024840538330501486	0.0012208284591655716	0.03914249435342268	4.667600575300425E-4	0.0015544524177617122	3.7006311465982955E-4	0.30764370931346596	0.024646012489733377	3.917767744075133E-4	7.923028185782011E-4	4.941990724999059E-4	0.2287475483384352	8.707226173309178E-4	9.154212464296182E-4	7.819984570942874E-4
43	43	0.0011250762575086815	6.577298742680357E-4	0.0024508801547362875	0.0012605441020635104	0.09943415201193392	0.0029924612266943244	0.024901596658017725	0.0013200106103492593	0.10099493949146757	0.0016356134464661173	0.00135352620656937	0.006548554843809707	0.0017369244315853345	0.0015180010318864233	0.003146293829532232	0.024113060802305693	0.02243606938912833	0.0022293708622130462	0.0011802399121941085	0.04262877166713044	9.357340048838341E-4	0.003937273172436697	0.00427207917332496	9.906387197594628E-4	0.35028733703317994	0.0012496216429062315	0.19142420954145806	0.0022016913590724766	0.0023147153962229812	0.09872288314689526
44	44	6.556705658930399E-4	3.8331101202067027E-4	0.0014283209402626317	7.346183507269845E-4	0.22709185241679644	0.0017439428952703746	0.0032358727989941216	7.692741697251907E-4	0.025028959591814854	9.532008047182785E-4	7.88806347915977E-4	0.1053026021080482	0.09122223676084389	8.846587855361523E-4	0.001833593271484764	0.0027763308370238955	0.09200900989552732	0.0012992300255713137	6.878187731304884E-4	0.013566894178511762	5.453259193880106E-4	0.002294559245933721	0.0024896770778155292	5.77323221999671E-4	0.0011675393895228714	7.28252973332518E-4	0.40474044751984706	0.012559348256579929	0.0013489670087639752	0.0011523548570003938
45	45	0.0010080473569949835	0.12194439195717813	0.002195942937916194	0.0011294240207988134	0.07175470714949421	0.002681189484132281	0.056984245976892126	0.0011827049038563842	0.0038073846410308526	0.001465479162653917	0.001212734253389194	0.19656822033314114	0.0015562519170360322	0.0013601006313093925	0.02015546037891359	0.02160485304760422	0.0027658602481528466	0.0019974747404161155	0.0010574729634253985	0.020858145127579816	8.384002276985223E-4	0.09020992212687773	0.02116414306400278	8.875938288856077E-4	0.0017950096542660137	0.0011196377009721364	0.2755311623882764	0.07131843342089605	0.0020739418521949983	0.0017716645040141644
46	46	5.892277734602438E-4	3.444679476317633E-4	0.0012835811323500595	6.60175334472022E-4	0.33581567968244747	0.0015672193364702665	0.09411003409924967	6.913192840832746E-4	0.0022255073228196593	0.03125729777079358	0.010842435547904634	0.1047652595620413	9.09666441417931E-4	0.1325313354134673	0.02191491171755891	0.0024949895917021677	0.1840208524649588	0.0011675717273313814	0.010751681613027357	0.0020585209654139084	4.900649716576958E-4	0.002062038630196339	0.0022373840728966954	5.188198073257009E-4	0.0010492260453672999	6.544549966309186E-4	0.049585352570269345	0.0011530753481773862	0.0012122685818032996	0.0010355802470736583
47	47	7.582767818817592E-4	4.432955447054323E-4	0.0016518396011898416	8.495791451944091E-4	0.3017521958910553	0.015057728559194919	0.003742256157645264	0.013930533435527031	0.015904878877498984	0.0011023676771343565	9.122470492646828E-4	0.004413582688106734	0.00117064906450945	0.0010230994829638423	0.028202283532608535	0.01625167540818935	0.3541841741722014	0.0015025471844576962	7.954558782074847E-4	0.04177173458843365	6.306642462545868E-4	0.002653635974147864	0.015920163058308623	6.676688228138838E-4	0.0013502482146682477	8.422176466962038E-4	0.12901572903758152	0.0014838918049441389	0.04068269302758584	0.0013326874470290279
48	48	5.892277734602438E-4	0.05101228490407794	0.011417144523639294	6.60175334472022E-4	0.062209468117638105	0.021834346119048734	0.013041526968935803	6.913192840832746E-4	0.05289332427926583	0.02112373437950434	7.08872156615398E-4	0.023696752431727426	9.09666441417931E-4	7.950113267072369E-4	0.0016477849349804412	0.0024949895917021677	0.15362016229109113	0.011301135118620617	6.181182217381225E-4	0.13379484505217396	4.900649716576958E-4	0.14393192610824562	0.01237094746418593	5.188198073257009E-4	0.0010492260453672999	0.1425243424746802	0.11038673291800474	0.021420202130755857	0.0012122685818032996	0.0010355802470736583
49	49	8.466000236671999E-4	4.949301199857972E-4	0.016404105948982447	9.485371853847715E-4	0.1330618917383771	0.0022517742494650803	0.004178150020324944	9.93284683153146E-4	0.003197599700886765	0.001230770246236327	0.0010185045776836704	0.004927671923351804	0.03042672876627463	0.0011422689803868367	0.0023675305676116795	0.032704514500421375	0.11880177944095192	0.001677562220441726	8.881097000563058E-4	0.002957674394410446	7.041233208805359E-4	0.1485613475211017	0.003214664166190668	7.454381496336343E-4	0.001507523634915916	9.403182276747115E-4	0.2168426480954783	0.22005466232369245	0.045421368163914407	0.0014879174084637711
50	50	5.718433412159484E-4	3.343048494791269E-4	0.0012457106682774743	6.406976827244025E-4	0.5619379010467144	0.0015209804801332354	0.05199509379700869	6.709227688566695E-4	0.002159846498592826	8.313344557070614E-4	6.879577657268304E-4	0.0033284388120608174	8.828278650167012E-4	7.715555067932731E-4	0.01143375430414523	0.002421378028464993	0.18842613141445666	0.010967709189629606	5.998814127675152E-4	0.001997786865871138	4.7560621448633077E-4	0.0020012007463314054	0.002171372839937795	5.035126745093273E-4	0.0010182699365139747	0.04980807218249929	0.09729532451089391	0.001119055294870599	0.0011765021057960898	0.0010050267405186974
51	51	7.682960345580593E-4	4.491528914933159E-4	0.0016736656662105435	8.608047930417477E-4	0.649282157742316	0.06810943586920346	0.0037917032868714025	9.014134915188839E-4	0.016115033011276033	0.00111693346704551	9.24300739827527E-4	0.03089827354587288	0.0011861170691389567	0.0010366178874274055	0.0021485522040406687	0.06931915856080308	0.06817396876221546	0.041161960669557546	8.059663852242377E-4	0.0026841122669667298	6.389973306745689E-4	0.0026886989616626963	0.002917332461936085	6.76490855612065E-4	0.00136808929639689	8.5334602568962E-4	0.02501494448731208	0.0015034987443800674	0.0015806809966700242	0.0013502964950565584
52	52	3.7835380099227116E-4	2.2118909388998427E-4	0.06589365236333417	4.239105119773966E-4	0.15707081873778617	0.07258272575201727	0.0018672559616266919	4.439086048102088E-4	0.0014290384680615612	5.500432173325361E-4	4.551796214526547E-4	0.008709168776771428	0.039625778294144556	5.104911391483934E-4	0.03359279334472042	0.0796854079705216	0.1897395006162128	7.497189047500757E-4	3.969048798969785E-4	0.02084264602742201	0.11743967467591922	0.0598865698175075	0.027464441433213537	3.3314357362857947E-4	6.737270037926884E-4	4.2023737968013326E-4	0.11642992515882732	7.404105177381569E-4	7.784195627019869E-4	6.649647901216428E-4
53	53	7.891504181498387E-4	4.6134455495276157E-4	0.0017190951155862948	8.841702049979099E-4	0.7619089550390884	0.002098970636507973	0.003894624076845429	9.258811730913305E-4	0.0029806131236567723	0.0011472511543958836	9.493896656002815E-4	0.08602433137691548	0.001218312654215495	0.001064755514188614	0.015778713049193902	0.0033415296567043235	0.042880778869056224	0.0015637241799255695	8.27843280852385E-4	0.016328810184402427	6.56342071306578E-4	0.0027616801524892065	0.0029965196078920856	6.948533085790131E-4	0.001405224277825344	8.765089792332868E-4	0.03926578342344329	0.001544309236865684	0.0016235864997027902	0.001386948514335485
54	54	0.0012194579497235268	7.129062751025325E-4	0.002656482410473168	0.0013662900767653884	0.3174984764793393	0.06616035961694915	0.0060182826777543915	0.0014307451799527356	0.004605880305069273	0.0017728236700901244	0.0014670723710898416	0.049042483122954936	0.0018826335477525706	0.0016453448498873254	0.003410233748141781	0.026135885004498496	0.4018193923538874	0.00241639089142961	0.0012792492365745233	0.0042602875645268825	0.0010142319362502587	0.004267567676695063	0.004630460268795811	0.0010737425610506158	0.002171464244745858	0.0013544513417809985	0.01873203391398478	0.06530325273638213	0.002508894905952432	0.002143223082399107
55	55	0.0016765528979633946	9.801281641326125E-4	0.003652223747999934	0.0018784227764302777	0.03283991280306561	0.033292696091809085	0.037107568275738016	0.001967037877969266	0.0063323232874796	0.0024373391984049623	0.002016981754746315	0.038591873831463695	0.0025883096100224514	0.002262076914462812	0.004688507114555217	0.15126621893388942	0.40826804851995874	0.003322137637101095	0.0017587560237585286	0.0058571904542377325	0.0013944010880513847	0.0058671994038335985	0.006366116670373126	0.0014762183499678545	0.03181882946087223	0.0018621464747744481	0.16992057422992277	0.003280890520832489	0.032282740785601255	0.0029465771005821994
56	56	4.858389068824387E-4	2.84025870251591E-4	0.0010583575356159821	0.008899815079834011	0.10978222417126231	0.10155795628579212	0.0023977176729485547	5.700169279417545E-4	0.001835008622604445	7.063029226773856E-4	5.844898852390212E-4	0.027894278578250106	7.500517956422243E-4	0.042432901781492276	0.05149152087401141	0.010412683605752458	0.2770637902201381	0.10122843285477326	5.096600919026917E-4	0.0016973225307390484	0.05889241770170549	0.0017002229683790442	0.0018448014184206667	4.2778507635482846E-4	0.0342870332803625	5.396210336449269E-4	0.11608415424152743	9.507509522535889E-4	9.99557843603545E-4	0.042631259269996835
57	57	8.344505390594099E-4	4.8782742011974707E-4	0.0018177774640968495	9.349248092784853E-4	0.2603105629561083	0.0022194592295982155	0.004118189746356265	9.79030139529525E-4	0.04620445490661593	0.0012131075675872035	0.015354802667455014	0.004856955324590479	0.0012882482574570352	0.0011258763758425433	0.0023335543387130874	0.0035333456831426217	0.3180096691216404	0.0016534876683438173	8.753645136291617E-4	0.01726614362382084	6.940185072615051E-4	0.017271125258099023	0.003168530795396314	7.347404304370265E-4	0.0014858892920311226	9.268238011283106E-4	0.285485330589007	0.0016329582365276218	0.0017167863042674492	0.0014665644328596744
58	58	0.002681774634360062	0.001567789988723711	0.005842011318755006	0.003004680950153299	0.23701503331444113	0.0071329445968625	0.0132351245332153	0.00314642758505947	0.010129035588175688	0.003898710530132421	0.003226316637200323	0.06173065488083565	0.004140199254351321	0.003618365097544507	0.00749962585022199	0.011355540423232773	0.28408582007186334	0.005314013329286023	0.002813264823479828	0.009369024268707324	0.0022304512268016257	0.009385034349376648	0.010183090689665872	0.002361324197124792	0.0047753821542592225	0.0029786457603452	0.22567968915966416	0.005248035410972787	0.0516387138584259	0.004713275516762185
59	59	7.682960345580593E-4	4.491528914933159E-4	0.0016736656662105435	8.608047930417477E-4	0.06790194369542335	0.10774899591785521	0.05664445001840709	9.014134915188839E-4	0.002901846328392111	0.040756493515697274	9.24300739827527E-4	0.0044719001801050325	0.0804652371664425	0.0010366178874274055	0.01536173888692459	0.003253225146383469	0.22673220895682253	0.0015224006209057775	8.059663852242377E-4	0.0951764190471542	6.389973306745689E-4	0.0026886989616626963	0.002917332461936085	0.14602154436733522	0.00136808929639689	8.5334602568962E-4	0.13072043795038346	0.0015034987443800674	0.0015806809966700242	0.0013502964950565584
60	60	8.719921955504984E-4	5.097746159999399E-4	0.10687546123665072	9.769867702839779E-4	0.12205627485314281	0.04730898449911592	0.004303465754443093	0.001023076384899645	0.0032935056764939875	0.016264242388322664	0.0010490527026275416	0.0800582556967722	0.0013462061246916944	0.0011765291852960022	0.0024385401842324686	0.00369230974834693	0.07737534235036195	0.1816865676394444	9.147468764378637E-4	0.06303261429683059	7.25242172629902E-4	0.01804814752760942	0.018307639466799846	7.677961617937024E-4	0.0015527389646888897	0.01596507880896139	0.22334643458041042	0.001706424492836971	0.0017940239578928669	0.001532544686431715
61	61	4.626451787921891E-4	2.7046660459400135E-4	0.024877604253585615	5.183512207127987E-4	0.1363676337668221	0.01714371830223887	0.018196433206580463	5.428045794735006E-4	0.0017474061469010126	6.725843429056509E-4	5.565866043825635E-4	0.0026928462016019565	7.142446646049836E-4	6.2422067314704E-4	0.0012937946753226802	0.001958996092392414	0.32748961702389345	9.167446866460007E-4	4.8532915129133585E-4	0.025486065350922543	3.847853184192468E-4	0.04935859954757519	0.001756731439106084	4.0736281168749617E-4	8.238229649321308E-4	5.138597713235286E-4	0.3571966625876408	9.053625349083893E-4	9.518394074993184E-4	0.0246828808900966
62	62	0.17838735963420138	2.241055788708233E-4	8.350782552357624E-4	0.033393206838884124	0.02069430448687941	0.1526526604991935	0.04804106623992092	4.4976175405923147E-4	0.001447881030123937	5.57295802683605E-4	4.611813844971334E-4	0.0022312619989665393	5.9181507549508E-4	5.172222112550417E-4	0.0010720236795534084	0.0016232020731369058	0.15268485929300862	0.08646524215206292	4.021382623422133E-4	0.0013392422596745287	0.1849155872042526	0.001341530798587249	0.04760479746912797	3.375362324702222E-4	6.826104195759474E-4	4.2577841239865345E-4	0.06522317894853	0.007342914560277048	0.0073814247728473965	6.737326718877354E-4
