0	0	0.3016818580296997	0.15504437610263375	0.3445025056334032	0.18168130293348103	0.01708995730078226
1	1	0.01502034605626325	0.009413644713729206	0.7639632241535109	0.021475801071354023	0.19012698400514247
2	2	0.7655293058506975	0.00585440183285707	0.21044746677341028	0.01335592886470875	0.004812896678326435
3	3	0.5205449787639614	0.006084451305198611	0.10083164150905473	0.36753690835000297	0.00500202007178216
4	4	0.8950612477515936	0.013524964184187008	0.049439779146835235	0.030855152191283722	0.01111885672610045
5	5	0.12180219574878014	0.008393109527184523	0.13909076900134332	0.7238139605140341	0.006899965208657817
6	6	0.6096481341825234	0.008393109527184523	0.30170608181259106	0.019147604998627114	0.061105069479073744
7	7	0.021580338819115842	0.45026541865042585	0.049439779146835235	0.4675956066575226	0.01111885672610045
8	8	0.8077131568583458	0.013524964184187008	0.049439779146835235	0.030855152191283722	0.09846694761934822
9	9	0.5035415977373063	0.024011957349733607	0.08777441862966505	0.3649318251375444	0.019740201145750487
10	10	0.026148356935788528	0.016387860913407437	0.27157993939553937	0.6724114020846654	0.01347244067059923
11	11	0.7670108402528801	0.016387860913407437	0.05990494416208464	0.1432239140010286	0.01347244067059923
12	12	0.6229804728955838	0.009413644713729206	0.21679910999812244	0.14306782643921812	0.007738945953346318
13	13	0.9106673249854154	0.011513584868913117	0.04208729024014233	0.02626649568602389	0.009465304219505274
14	14	0.8742011353082144	0.006084451305198611	0.022241384499220748	0.01388075180575001	0.08359227708161614
15	15	0.8664040313405655	0.004923608364785765	0.01799798556547165	0.10662668223713416	0.004047692492042883
16	16	0.37262930667815747	0.007961552731233591	0.029103027803820552	0.3266709952608858	0.2636351175259025
17	17	0.2150617542647939	0.20623541581686045	0.0541715616364884	0.41664024582651427	0.10789102245534296
18	18	0.9222325877326413	0.01002300335269047	0.036638549677223624	0.02286596028273337	0.008239898954711264
19	19	0.2565995029353345	0.007572205184065964	0.467811009767647	0.26179218137363197	0.006225100739320405
20	20	0.7682964114352768	0.051444085683351355	0.025213712746613468	0.14937530243435776	0.00567048770040053
21	21	0.8868091759544466	0.007961552731233591	0.08052101473144947	0.018163073695112303	0.006545182887757955
22	22	0.621068143138692	0.13669255667102923	0.06699558973051976	0.041811657595406476	0.13343205286435256
23	23	0.6096481341825234	0.008393109527184523	0.24750097754217512	0.12755781353945894	0.006899965208657817
24	24	0.7872508740550656	0.00633331992553527	0.18676068357982403	0.01444850777549227	0.0052066146640828825
25	25	0.02924340583070026	0.01832760920943089	0.7771852745001098	0.041811657595406476	0.13343205286435256
26	26	0.3616298359650413	0.04490132275179088	0.16413437034049708	0.3924211477212113	0.03691332322145942
27	27	0.737639593096312	0.005641114654666435	0.2392123921497376	0.012869346552630183	0.004637553546653773
28	28	0.6638532384529393	0.008393109527184523	0.030680560460511458	0.2359680220802908	0.061105069479073744
29	29	0.26084067638897845	0.09276979094575719	0.28646213152468675	0.3497017366829646	0.010225664457613016
30	30	0.021580338819115842	0.013524964184187008	0.31148405182657857	0.030855152191283722	0.6225554929788348
31	31	0.014159504632997349	0.06618582324798054	0.6055558195023528	0.30680343873802346	0.007295413878645644
32	32	0.7927697372656903	0.01002300335269047	0.10136997491069906	0.02286596028273337	0.0729713241881867
33	33	0.18050937160736796	0.17310109572736768	0.0454682171798553	0.43003304146457505	0.17088827402083395
34	34	0.11935375209917228	0.3976514201481037	0.3412955681333533	0.12951623932964934	0.012183020289721309
35	35	0.37097270239210695	0.36291732775717805	0.22413596093333077	0.030855152191283722	0.01111885672610045
36	36	0.17371497446452025	0.00633331992553527	0.023151110355678656	0.01444850777549227	0.7823520874787736
37	37	0.34117198117058894	0.012438486164146716	0.0454682171798553	0.3497017366829646	0.25121957880244444
38	38	0.01837099596790733	0.011513584868913117	0.116445317658268	0.02626649568602389	0.8274036058188876
39	39	0.1555226903322896	0.010716711352343426	0.03917436195947231	0.02444854975314605	0.7701376866027486
40	40	0.12878288548472466	0.2381208945255715	0.08975060566957994	0.020244986608705152	0.5231006277114186
41	41	0.014159504632997349	0.00887413282211689	0.08975060566957994	0.13486836746043246	0.7523473894148732
42	42	0.42150328595219944	0.012438486164146716	0.0454682171798553	0.2693704319013541	0.25121957880244444
43	43	0.3901611330585357	0.011513584868913117	0.04208729024014233	0.02626649568602389	0.529971496146385
44	44	0.19627652060561138	0.10087305507743477	0.049439779146835235	0.6422917884440181	0.01111885672610045
45	45	0.01709951012518249	0.7720442024914326	0.17759754216657944	0.02444854975314605	0.008810195463659439
46	46	0.04534528137259664	0.028419076809998795	0.2874229411927219	0.6154494118916992	0.02336328873298341
47	47	0.012082157945457929	0.007572205184065964	0.9568456997474002	0.01727483638375544	0.006225100739320405
48	48	0.5783012543886731	0.11079752658649143	0.23477497551433618	0.06958106062274122	0.006545182887757955
49	49	0.720365065965098	0.18822114597068257	0.049439779146835235	0.030855152191283722	0.01111885672610045
50	50	0.060985626943433235	0.4966068951638191	0.0276797887858692	0.06617830538173075	0.3485493837251476
51	51	0.033169513560631136	0.020788203868099483	0.21024633339886892	0.4501936474025496	0.2856023017698508
52	52	0.021580338819115842	0.36291732775717805	0.049439779146835235	0.5549436975507703	0.01111885672610045
53	53	0.021580338819115842	0.6249616004369214	0.22413596093333077	0.030855152191283722	0.09846694761934822
54	54	0.02924340583070026	0.01832760920943089	0.4220904321153148	0.041811657595406476	0.48852689524914755
55	55	0.021580338819115842	0.013524964184187008	0.5735283245063219	0.3802475157642748	0.01111885672610045
56	56	0.01984676204414703	0.012438486164146716	0.3667934363062972	0.590695651027796	0.010225664457613016
57	57	0.8053685109473799	0.009413644713729206	0.15600309731419038	0.021475801071354023	0.007738945953346318
58	58	0.6132352153129127	0.011513584868913117	0.19080334507639368	0.1749825505222752	0.009465304219505274
59	59	0.2912593779722732	0.007219163066835639	0.16625952810165773	0.5293270656182334	0.0059348652410000004
60	60	0.26084067638897845	0.012438486164146716	0.4471247410879076	0.2693704319013541	0.010225664457613016
61	61	0.3140084544649683	0.3108768281966916	0.3587968035394466	0.0119953210735746	0.004322592725318863
62	62	0.37097270239210695	0.013524964184187008	0.5735283245063219	0.030855152191283722	0.01111885672610045
63	63	0.02924340583070026	0.01832760920943089	0.7771852745001098	0.16017660505700482	0.015067105402754207
64	64	0.449498347402698	0.016387860913407437	0.48325493462899405	0.03738641638430123	0.01347244067059923
65	65	0.04534528137259664	0.21195761121915146	0.6545000100110273	0.06483380866424114	0.02336328873298341
66	66	0.22888381578174932	0.028419076809998795	0.47096147560187457	0.06483380866424114	0.20690182314213612
67	67	0.02924340583070026	0.01832760920943089	0.540455379576913	0.27854155251860313	0.13343205286435256
68	68	0.18112335308949487	0.26248389945371114	0.06678517724854849	0.015064689636018052	0.4745428805722274
69	69	0.04534528137259664	0.3954961456283042	0.2874229411927219	0.24837234307339384	0.02336328873298341
70	70	0.46911261109831326	0.01002300335269047	0.036638549677223624	0.47598593691706137	0.008239898954711264
71	71	0.02924340583070026	0.25505750413262757	0.06699558973051976	0.6336363949033982	0.015067105402754207
72	72	0.449498347402698	0.016387860913407437	0.48325493462899405	0.03738641638430123	0.01347244067059923
73	73	0.5027031956770937	0.01832760920943089	0.30372548465371646	0.041811657595406476	0.13343205286435256
74	74	0.021580338819115842	0.013524964184187008	0.049439779146835235	0.8169879702305137	0.09846694761934822
75	75	0.5456688841786025	0.013524964184187008	0.3988321427198263	0.030855152191283722	0.01111885672610045
76	76	0.08631110022873605	0.010716711352343426	0.869713443202115	0.02444854975314605	0.008810195463659439
77	77	0.09272902338603299	0.08587161228703878	0.7113095370032734	0.10062452310414956	0.009465304219505274
78	78	0.021580338819115842	0.013524964184187008	0.8355725971860651	0.11820324308453149	0.01111885672610045
79	79	0.5500203169231863	0.30099301917191784	0.12548672678181982	0.01727483638375544	0.006225100739320405
80	80	0.033169513560631136	0.020788203868099483	0.8815271945715403	0.047425130698946744	0.01708995730078226
81	81	0.03831331220257561	0.024011957349733607	0.863154894520883	0.054779634781057254	0.019740201145750487
82	82	0.3797964221598556	0.009413644713729206	0.5207791734177827	0.08227181375528608	0.007738945953346318
83	83	0.03831331220257561	0.3341641477062208	0.39792660898615223	0.054779634781057254	0.1748162963239941
84	84	0.45832079328535474	0.013524964184187008	0.48618023361307405	0.030855152191283722	0.01111885672610045
85	85	0.033169513560631136	0.020788203868099483	0.8815271945715403	0.047425130698946744	0.01708995730078226
86	86	0.055538789377869414	0.4844027088799545	0.3520349132273169	0.07940828979273747	0.02861529872212173
87	87	0.9034911146418622	0.012438486164146716	0.0454682171798553	0.028376517556522735	0.010225664457613016
88	88	0.28362461149885915	0.10087305507743477	0.48618023361307405	0.11820324308453149	0.01111885672610045
89	89	0.02924340583070026	0.01832760920943089	0.8955502219617081	0.041811657595406476	0.015067105402754207
90	90	0.6624972002970307	0.012438486164146716	0.28646213152468675	0.028376517556522735	0.010225664457613016
91	91	0.07164423840345781	0.33488692031337436	0.45411996790208053	0.10243555015962783	0.03691332322145942
92	92	0.435938030264234	0.020788203868099483	0.4787586778679375	0.047425130698946744	0.01708995730078226
93	93	0.055538789377869414	0.25960516221762464	0.5768324598896467	0.07940828979273747	0.02861529872212173
94	94	0.012703398184755032	0.11079752658649143	0.23477497551433618	0.6351789168266593	0.006545182887757955
95	95	0.16708705080415867	0.011513584868913117	0.33951939991264496	0.02626649568602389	0.4556134687282593
96	96	0.02364574993355063	0.014819411485617133	0.14987956380211004	0.41664024582651427	0.3950150289522079
97	97	0.45832079328535474	0.013524964184187008	0.049439779146835235	0.4675956066575226	0.01111885672610045
98	98	0.02924340583070026	0.01832760920943089	0.06699558973051976	0.8703662898265948	0.015067105402754207
99	99	0.03831331220257561	0.1790880525279772	0.39792660898615223	0.3649318251375444	0.019740201145750487
100	100	0.3436608497859706	0.016387860913407437	0.165742441778812	0.46073640685121064	0.01347244067059923
101	101	0.03831331220257561	0.024011957349733607	0.863154894520883	0.054779634781057254	0.019740201145750487
102	102	0.435938030264234	0.15504437610263375	0.21024633339886892	0.18168130293348103	0.01708995730078226
103	103	0.02364574993355063	0.014819411485617133	0.8198355789614615	0.03380823716402769	0.10789102245534296
104	104	0.10090533115583089	0.4716621510257617	0.23117048017167985	0.14427249617448798	0.051989541472239525
105	105	0.01984676204414703	0.41409501007219907	0.5274560458695181	0.028376517556522735	0.010225664457613016
106	106	0.02364574993355063	0.014819411485617133	0.7241275767958398	0.22522424149527095	0.012183020289721309
107	107	0.010536363733831471	0.006603415420216094	0.9197201240268653	0.015064689636018052	0.04807540718306896
108	108	0.8664040313405655	0.036721680811652925	0.08159413045920597	0.011232464896532684	0.004047692492042883
109	109	0.4726530280399066	0.00887413282211689	0.1470622960954436	0.3641151291638871	0.007295413878645644
110	110	0.5205449787639614	0.006084451305198611	0.2187170270238057	0.21035639433033496	0.044297148576699155
111	111	0.19740838410805941	0.009413644713729206	0.034411071946326255	0.32545586449101427	0.4333110347408707
112	112	0.6624972002970307	0.012438486164146716	0.0454682171798553	0.2693704319013541	0.010225664457613016
113	113	0.10017806682575749	0.012438486164146716	0.4471247410879076	0.18903912711974366	0.25121957880244444
114	114	0.16708705080415867	0.011513584868913117	0.19080334507639368	0.10062452310414956	0.529971496146385
115	115	0.42150328595219944	0.012438486164146716	0.5274560458695181	0.028376517556522735	0.010225664457613016
116	116	0.16708705080415867	0.08587161228703878	0.7113095370032734	0.02626649568602389	0.009465304219505274
117	117	0.10090533115583089	0.06324001681879322	0.6395926143786483	0.14427249617448798	0.051989541472239525
118	118	0.5021857607616589	0.11052741365123878	0.14987956380211004	0.22522424149527095	0.012183020289721309
119	119	0.5978937629272806	0.014819411485617133	0.3412955681333533	0.03380823716402769	0.012183020289721309
120	120	0.5021857607616589	0.014819411485617133	0.14987956380211004	0.3209322436608926	0.012183020289721309
121	121	0.7722634469937711	0.008393109527184523	0.030680560460511458	0.07335270926904304	0.11531017374948965
122	122	0.5621844602116517	0.009413644713729206	0.09520708463025832	0.32545586449101427	0.007738945953346318
123	123	0.8577980380618887	0.01832760920943089	0.06699558973051976	0.041811657595406476	0.015067105402754207
124	124	0.6875932427310383	0.011513584868913117	0.04208729024014233	0.24934057794040088	0.009465304219505274
125	125	0.16708705080415867	0.011513584868913117	0.33951939991264496	0.02626649568602389	0.4556134687282593
126	126	0.9034911146418622	0.012438486164146716	0.0454682171798553	0.028376517556522735	0.010225664457613016
127	127	0.8577980380618887	0.01832760920943089	0.06699558973051976	0.041811657595406476	0.015067105402754207
128	128	0.7670108402528801	0.016387860913407437	0.165742441778812	0.03738641638430123	0.01347244067059923
129	129	0.40647775859603724	0.014819411485617133	0.0541715616364884	0.03380823716402769	0.49072303111782956
130	130	0.7893097672585238	0.014819411485617133	0.0541715616364884	0.12951623932964934	0.012183020289721309
131	131	0.3378827999013599	0.007219163066835639	0.07301268424348432	0.5759504875473201	0.0059348652410000004
132	132	0.6936017650929022	0.014819411485617133	0.0541715616364884	0.22522424149527095	0.012183020289721309
133	133	0.24144507822228434	0.011513584868913117	0.48823545474889635	0.24934057794040088	0.009465304219505274
134	134	0.8165231705950886	0.00887413282211689	0.1470622960954436	0.020244986608705152	0.007295413878645644
135	135	0.8850177694241455	0.014819411485617133	0.0541715616364884	0.03380823716402769	0.012183020289721309
136	136	0.37262930667815747	0.007961552731233591	0.5947008840077386	0.018163073695112303	0.006545182887757955
137	137	0.026148356935788528	0.12222535853013479	0.8007674274791762	0.03738641638430123	0.01347244067059923
138	138	0.7468619033952658	0.0405941256573631	0.16050115767124962	0.04756827578185145	0.00447453749426994
139	139	0.38943294463755807	0.036721680811652925	0.2087864202466746	0.3610112618120715	0.004047692492042883
140	140	0.7180583427233552	0.008393109527184523	0.030680560460511458	0.2359680220802908	0.006899965208657817
141	141	0.6837764855795159	0.009413644713729206	0.034411071946326255	0.26465985180708224	0.007738945953346318
142	142	0.8077131568583458	0.013524964184187008	0.136787870040083	0.030855152191283722	0.01111885672610045
143	143	0.7445724982634478	0.07020965739766126	0.15600309731419038	0.021475801071354023	0.007738945953346318
144	144	0.3616298359650413	0.04490132275179088	0.45411996790208053	0.10243555015962783	0.03691332322145942
145	145	0.26084067638897845	0.012438486164146716	0.3667934363062972	0.3497017366829646	0.010225664457613016
146	146	0.20618395072462553	0.006084451305198611	0.6116683120729757	0.17106126582541797	0.00500202007178216
147	147	0.5553358450194253	0.016387860913407437	0.165742441778812	0.03738641638430123	0.22514743590405395
148	148	0.12180219574878014	0.008393109527184523	0.7895520202463343	0.019147604998627114	0.061105069479073744
149	149	0.31580310564041003	0.08587161228703878	0.48823545474889635	0.02626649568602389	0.08382333163763095
150	150	0.033169513560631136	0.42355672057170235	0.3445025056334032	0.18168130293348103	0.01708995730078226
151	151	0.1089284297123636	0.013524964184187008	0.6608764153995696	0.20555133397777925	0.01111885672610045
152	152	0.5821658955154203	0.012438486164146716	0.0454682171798553	0.3497017366829646	0.010225664457613016
153	153	0.012703398184755032	0.007961552731233591	0.029103027803820552	0.06958106062274122	0.8806509606574496
154	154	0.11980951811521356	0.004368028782129186	0.41090682044049687	0.46132468147422584	0.0035909511879344677
155	155	0.011518846397752976	0.007219163066835639	0.4460000596761779	0.5293270656182334	0.0059348652410000004
156	156	0.026148356935788528	0.2280628561468622	0.6949299298624488	0.03738641638430123	0.01347244067059923
157	157	0.021580338819115842	0.013524964184187008	0.136787870040083	0.8169879702305137	0.01111885672610045
158	158	0.1089284297123636	0.013524964184187008	0.8355725971860651	0.030855152191283722	0.01111885672610045
159	159	0.12276945230979969	0.00585440183285707	0.7397791108659143	0.12678413831310245	0.004812896678326435
160	160	0.055538789377869414	0.03480761555529484	0.3520349132273169	0.529003383117397	0.02861529872212173
161	161	0.01010540124037484	0.00633331992553527	0.6366870099462238	0.25986286761171035	0.08701140127615557
162	162	0.01709951012518249	0.010716711352343426	0.24680913227013299	0.5781412705815746	0.14723337567076655
163	163	0.014159504632997349	0.00887413282211689	0.6055558195023528	0.020244986608705152	0.3511655564338276
164	164	0.008684529134952589	0.005442822121157718	0.3362576753522766	0.645140435897343	0.00447453749426994
165	165	0.28362461149885915	0.10087305507743477	0.48618023361307405	0.11820324308453149	0.01111885672610045
166	166	0.2659733007538969	0.01832760920943089	0.30372548465371646	0.3969064999802015	0.015067105402754207
167	167	0.25551976107659297	0.047235713231571615	0.064053503661715	0.6279844073660376	0.0052066146640828825
168	168	0.8973638630504004	0.007219163066835639	0.02638926231439762	0.06309284632736636	0.0059348652410000004
169	169	0.01502034605626325	0.13100567008159333	0.39918714804991856	0.26465985180708224	0.19012698400514247
170	170	0.28362461149885915	0.013524964184187008	0.6608764153995696	0.030855152191283722	0.01111885672610045
171	171	0.42150328595219944	0.012438486164146716	0.4471247410879076	0.10870782233813321	0.010225664457613016
172	172	0.692884321156485	0.04925016275913193	0.02413842990963264	0.22829842633059724	0.005428659844153119
173	173	0.230212404289612	0.008393109527184523	0.4643213946238388	0.29017312635070674	0.006899965208657817
174	174	0.2782847888454834	0.00689757453882469	0.025213712746613468	0.6839334361686779	0.00567048770040053
175	175	0.02364574993355063	0.7804834288105904	0.0541715616364884	0.12951623932964934	0.012183020289721309
176	176	0.2150617542647939	0.11052741365123878	0.24558756596773168	0.12951623932964934	0.2993070267865862
177	177	0.021580338819115842	0.013524964184187008	0.22413596093333077	0.030855152191283722	0.7099035838720826
178	178	0.28362461149885915	0.013524964184187008	0.6608764153995696	0.030855152191283722	0.01111885672610045
179	179	0.00626289210109252	0.15602236047282086	0.19179484235613498	0.642693069729378	0.003226835340573535
180	180	0.1781778626814322	0.14108858846727146	0.6644156350524028	0.0119953210735746	0.004322592725318863
181	181	0.10476569025592637	0.19371285078318243	0.07301268424348432	0.6225739094764068	0.0059348652410000004
182	182	0.021580338819115842	0.013524964184187008	0.049439779146835235	0.7296398793372659	0.18581503851259598
183	183	0.021580338819115842	0.013524964184187008	0.136787870040083	0.8169879702305137	0.01111885672610045
184	184	0.2446359560431865	0.007219163066835639	0.3527532158180045	0.34283337790188656	0.052558287170086704
185	185	0.014159504632997349	0.00887413282211689	0.8348025812058075	0.13486836746043246	0.007295413878645644
186	186	0.01984676204414703	0.012438486164146716	0.9291125697775705	0.028376517556522735	0.010225664457613016
187	187	0.08829856520987454	0.006084451305198611	0.7688488260926436	0.131766137320501	0.00500202007178216
188	188	0.02364574993355063	0.014819411485617133	0.8198355789614615	0.12951623932964934	0.012183020289721309
189	189	0.01984676204414703	0.012438486164146716	0.9291125697775705	0.028376517556522735	0.010225664457613016
190	190	0.7563157497934635	0.006084451305198611	0.2187170270238057	0.01388075180575001	0.00500202007178216
191	191	0.01709951012518249	0.010716711352343426	0.3160207223736865	0.6473528606851281	0.008810195463659439
192	192	0.03831331220257561	0.024011957349733607	0.39792660898615223	0.520007920315788	0.019740201145750487
193	193	0.10017806682575749	0.012438486164146716	0.6881186554327391	0.18903912711974366	0.010225664457613016
194	194	0.2150617542647939	0.014819411485617133	0.0541715616364884	0.7037642523233792	0.012183020289721309
195	195	0.14760835329229857	0.01832760920943089	0.540455379576913	0.27854155251860313	0.015067105402754207
196	196	0.3555185324814143	0.004494827786054325	0.33574833302835855	0.30054311420820556	0.003695192495967226
197	197	0.03831331220257561	0.024011957349733607	0.7080787993426394	0.20985572995930085	0.019740201145750487
198	198	0.055538789377869414	0.03480761555529484	0.3520349132273169	0.07940828979273747	0.47821039204678134
199	199	0.621068143138692	0.01832760920943089	0.30372548465371646	0.041811657595406476	0.015067105402754207
200	200	0.02924340583070026	0.01832760920943089	0.8955502219617081	0.041811657595406476	0.015067105402754207
201	201	0.026148356935788528	0.43973785138031685	0.27157993939553937	0.03738641638430123	0.22514743590405395
202	202	0.07164423840345781	0.04490132275179088	0.744105565463664	0.10243555015962783	0.03691332322145942
203	203	0.10090533115583089	0.06324001681879322	0.6395926143786483	0.14427249617448798	0.051989541472239525
204	204	0.412422350190902	0.028419076809998795	0.47096147560187457	0.06483380866424114	0.02336328873298341
205	205	0.01339198720794829	0.008393109527184523	0.6269367074350866	0.34437823062112266	0.006899965208657817
206	206	0.02364574993355063	0.014819411485617133	0.9155435811270832	0.03380823716402769	0.012183020289721309
207	207	0.1089284297123636	0.013524964184187008	0.136787870040083	0.7296398793372659	0.01111885672610045
208	208	0.3928277171008598	0.008393109527184523	0.030680560460511458	0.5069935434323705	0.061105069479073744
209	209	0.01984676204414703	0.012438486164146716	0.5274560458695181	0.43003304146457505	0.010225664457613016
210	210	0.008684529134952589	0.005442822121157718	0.12534985413504424	0.8560482571145754	0.00447453749426994
211	211	0.1933894073808192	0.024011957349733607	0.7080787993426394	0.054779634781057254	0.019740201145750487
212	212	0.01502034605626325	0.009413644713729206	0.09520708463025832	0.8726199786464028	0.007738945953346318
213	213	0.15724128778016772	0.002952229204303543	0.3158531778479304	0.5024599396797739	0.021493365487824472
214	214	0.055538789377869414	0.03480761555529484	0.8016300065519766	0.07940828979273747	0.02861529872212173
215	215	0.01837099596790733	0.011513584868913117	0.19080334507639368	0.7698467698672806	0.009465304219505274
216	216	0.02924340583070026	0.01832760920943089	0.06699558973051976	0.8703662898265948	0.015067105402754207
217	217	0.015992634463985186	0.01002300335269047	0.4250271010780762	0.21706023598315966	0.3318970251220884
218	218	0.1089284297123636	0.27556923686393037	0.136787870040083	0.030855152191283722	0.4478593111923393
219	219	0.021580338819115842	0.013524964184187008	0.6608764153995696	0.030855152191283722	0.27316312940584375
220	220	0.021580338819115842	0.013524964184187008	0.136787870040083	0.030855152191283722	0.7972516747653304
221	221	0.01502034605626325	0.009413644713729206	0.21679910999812244	0.32545586449101427	0.4333110347408707
222	222	0.5027031956770937	0.13669255667102923	0.30372548465371646	0.041811657595406476	0.015067105402754207
223	223	0.07164423840345781	0.04490132275179088	0.45411996790208053	0.3924211477212113	0.03691332322145942
224	224	0.8349060068032975	0.006084451305198611	0.022241384499220748	0.131766137320501	0.00500202007178216
225	225	0.435938030264234	0.020788203868099483	0.4787586778679375	0.047425130698946744	0.01708995730078226
226	226	0.5021857607616589	0.3976514201481037	0.0541715616364884	0.03380823716402769	0.012183020289721309
227	227	0.5931581654482538	0.004771872032198731	0.2948063634834324	0.10334064879988904	0.003922950236225917
228	228	0.17600730001919607	0.008393109527184523	0.4101162903534229	0.3985833348915386	0.006899965208657817
229	229	0.021580338819115842	0.013524964184187008	0.9229206880793129	0.030855152191283722	0.01111885672610045
230	230	0.44983904624850435	0.005257996683735375	0.5285850432688667	0.0119953210735746	0.004322592725318863
231	231	0.4119243222790634	0.00689757453882469	0.5597718464809335	0.015735769000777763	0.00567048770040053
232	232	0.055538789377869414	0.03480761555529484	0.12723736656498705	0.7538009297797269	0.02861529872212173
233	233	0.6811372282439309	0.0593795396588625	0.1833569885867073	0.06958106062274122	0.006545182887757955
234	234	0.6875932427310383	0.011513584868913117	0.2651613724945193	0.02626649568602389	0.009465304219505274
235	235	0.7044503747333026	0.020788203868099483	0.21024633339886892	0.047425130698946744	0.01708995730078226
236	236	0.37097270239210695	0.013524964184187008	0.5735283245063219	0.030855152191283722	0.01111885672610045
237	237	0.7280383120322149	0.01002300335269047	0.1661014001441745	0.08759738551620881	0.008239898954711264
238	238	0.02364574993355063	0.3019434179824821	0.3412955681333533	0.03380823716402769	0.2993070267865862
239	239	0.07164423840345781	0.04490132275179088	0.744105565463664	0.10243555015962783	0.03691332322145942
240	240	0.2150617542647939	0.3976514201481037	0.3412955681333533	0.03380823716402769	0.012183020289721309
241	241	0.2659733007538969	0.01832760920943089	0.6588203270385115	0.041811657595406476	0.015067105402754207
242	242	0.055538789377869414	0.03480761555529484	0.8016300065519766	0.07940828979273747	0.02861529872212173
243	243	0.04534528137259664	0.028419076809998795	0.47096147560187457	0.4319108774825465	0.02336328873298341
244	244	0.04534528137259664	0.028419076809998795	0.2874229411927219	0.6154494118916992	0.02336328873298341
245	245	0.01837099596790733	0.08587161228703878	0.8600255918395247	0.02626649568602389	0.009465304219505274
246	246	0.015992634463985186	0.39841155475354306	0.4250271010780762	0.1523288107496842	0.008239898954711264
247	247	0.19740838410805941	0.009413644713729206	0.39918714804991856	0.38625187717494636	0.007738945953346318
248	248	0.14760835329229857	0.01832760920943089	0.06699558973051976	0.7520013423649965	0.015067105402754207
249	249	0.31580310564041003	0.011513584868913117	0.19080334507639368	0.4724146601947779	0.009465304219505274
250	250	0.03831331220257561	0.024011957349733607	0.24285051380790865	0.20985572995930085	0.48496848668048126
251	251	0.5456688841786025	0.013524964184187008	0.31148405182657857	0.11820324308453149	0.01111885672610045
252	252	0.02924340583070026	0.01832760920943089	0.540455379576913	0.3969064999802015	0.015067105402754207
253	253	0.02364574993355063	0.014819411485617133	0.43700357029897496	0.5123482479921359	0.012183020289721309
254	254	0.3580296471881793	0.00887413282211689	0.08975060566957994	0.5360502004414781	0.007295413878645644
255	255	0.01837099596790733	0.011513584868913117	0.8600255918395247	0.10062452310414956	0.009465304219505274
256	256	0.011518846397752976	0.007219163066835639	0.585870325463438	0.24958653404371317	0.1458051310282601
257	257	0.01984676204414703	0.012438486164146716	0.12579952196146577	0.2693704319013541	0.5725447979288864
258	258	0.09425857009399294	0.004494827786054325	0.6550660648352069	0.21345646007906505	0.03272407720568072
259	259	0.021580338819115842	0.10087305507743477	0.8355725971860651	0.030855152191283722	0.01111885672610045
260	260	0.033169513560631136	0.15504437610263375	0.747271022337006	0.047425130698946744	0.01708995730078226
261	261	0.01709951012518249	0.010716711352343426	0.5236554926843472	0.4397180903744674	0.008810195463659439
262	262	0.5821658955154203	0.012438486164146716	0.28646213152468675	0.10870782233813321	0.010225664457613016
263	263	0.6624972002970307	0.012438486164146716	0.28646213152468675	0.028376517556522735	0.010225664457613016
264	264	0.01502034605626325	0.2525976954494574	0.39918714804991856	0.32545586449101427	0.007738945953346318
265	265	0.015992634463985186	0.01002300335269047	0.5544899515450271	0.41125451168358595	0.008239898954711264
266	266	0.23782335216924325	0.016387860913407437	0.48325493462899405	0.03738641638430123	0.22514743590405395
267	267	0.033169513560631136	0.020788203868099483	0.07599016116433463	0.8529621641061524	0.01708995730078226
268	268	0.08631110022873605	0.010716711352343426	0.24680913227013299	0.508929680478021	0.14723337567076655
269	269	0.03831331220257561	0.024011957349733607	0.863154894520883	0.054779634781057254	0.019740201145750487
270	270	0.3396497606313624	0.01002300335269047	0.6192213767785025	0.02286596028273337	0.008239898954711264
271	271	0.12878288548472466	0.18080920409970788	0.2616856769471709	0.1921800578862961	0.23654217558210028
272	272	0.01837099596790733	0.011513584868913117	0.48823545474889635	0.4724146601947779	0.009465304219505274
273	273	0.033169513560631136	0.020788203868099483	0.3445025056334032	0.047425130698946744	0.5541146462389194
274	274	0.7592114801692249	0.00887413282211689	0.08975060566957994	0.13486836746043246	0.007295413878645644
275	275	0.761951270149164	0.011513584868913117	0.19080334507639368	0.02626649568602389	0.009465304219505274
276	276	0.3016818580296997	0.020788203868099483	0.6130148501024717	0.047425130698946744	0.01708995730078226
277	277	0.01709951012518249	0.010716711352343426	0.3852323124772401	0.4397180903744674	0.14723337567076655
278	278	0.5093274653627994	0.06324001681879322	0.23117048017167985	0.14427249617448798	0.051989541472239525
279	279	0.3631574606429503	0.010716711352343426	0.24680913227013299	0.0936601398566996	0.2856565558778737
280	280	0.42986404931286526	0.0036477150004408138	0.3431458553653621	0.2203435982236337	0.002998782097698164
281	281	0.10017806682575749	0.012438486164146716	0.6881186554327391	0.18903912711974366	0.010225664457613016
282	282	0.11935375209917228	0.014819411485617133	0.7241275767958398	0.03380823716402769	0.10789102245534296
283	283	0.021580338819115842	0.013524964184187008	0.9229206880793129	0.030855152191283722	0.01111885672610045
284	284	0.01984676204414703	0.012438486164146716	0.0454682171798553	0.9120208701542379	0.010225664457613016
285	285	0.08072405969746062	0.13948585381964135	0.036638549677223624	0.7349116378509631	0.008239898954711264
286	286	0.5456688841786025	0.013524964184187008	0.31148405182657857	0.11820324308453149	0.01111885672610045
287	287	0.18050937160736796	0.012438486164146716	0.20613082674307626	0.3497017366829646	0.25121957880244444
288	288	0.033169513560631136	0.020788203868099483	0.8815271945715403	0.047425130698946744	0.01708995730078226
289	289	0.01502034605626325	0.009413644713729206	0.33839113536598653	0.6294359279106746	0.007738945953346318
290	290	0.03831331220257561	0.3341641477062208	0.24285051380790865	0.054779634781057254	0.32989239150223765
291	291	0.08496004916033512	0.00585440183285707	0.13482866047448117	0.7317345887045356	0.042622299827791005
292	292	0.15138911218501308	0.007219163066835639	0.6791171693216114	0.15633969018553975	0.0059348652410000004
293	293	0.02924340583070026	0.01832760920943089	0.30372548465371646	0.6336363949033982	0.015067105402754207
294	294	0.17371497446452025	0.00633331992553527	0.10495589696775134	0.7097891939781101	0.0052066146640828825
295	295	0.03831331220257561	0.024011957349733607	0.7080787993426394	0.054779634781057254	0.1748162963239941
296	296	0.01339198720794829	0.008393109527184523	0.5727316031646706	0.3985833348915386	0.006899965208657817
297	297	0.026148356935788528	0.5455753489970442	0.3774174370122667	0.03738641638430123	0.01347244067059923
298	298	0.015992634463985186	0.01002300335269047	0.8134156524789288	0.02286596028273337	0.13770274942166214
299	299	0.01339198720794829	0.06259821379760044	0.8437571245167503	0.019147604998627114	0.061105069479073744
300	300	0.02924340583070026	0.01832760920943089	0.8955502219617081	0.041811657595406476	0.015067105402754207
301	301	0.021580338819115842	0.18822114597068257	0.6608764153995696	0.11820324308453149	0.01111885672610045
302	302	0.021580338819115842	0.013524964184187008	0.9229206880793129	0.030855152191283722	0.01111885672610045
303	303	0.009000923322777656	0.005641114654666435	0.8585552614572417	0.12216514701866031	0.004637553546653773
304	304	0.31207411025199516	0.0036477150004408138	0.5787257334871022	0.10255365916276364	0.002998782097698164
305	305	0.7794994190092075	0.028419076809998795	0.10388440678356921	0.06483380866424114	0.02336328873298341
306	306	0.5598401072688785	0.006084451305198611	0.4151926695483907	0.01388075180575001	0.00500202007178216
307	307	0.09272902338603299	0.011513584868913117	0.04208729024014233	0.32369860535852657	0.529971496146385
308	308	0.19627652060561138	0.013524964184187008	0.049439779146835235	0.030855152191283722	0.7099035838720826
309	309	0.31900040947592356	0.009413644713729206	0.15600309731419038	0.021475801071354023	0.49410704742480277
310	310	0.716430628524132	0.004771872032198731	0.04826143733167623	0.22661311187576716	0.003922950236225917
311	311	0.04534528137259664	0.028419076809998795	0.10388440678356921	0.24837234307339384	0.5739788919604415
312	312	0.6330169750718503	0.013524964184187008	0.31148405182657857	0.030855152191283722	0.01111885672610045
313	313	0.10017806682575749	0.012438486164146716	0.12579952196146577	0.7513582605910171	0.010225664457613016
314	314	0.17371497446452025	0.00633331992553527	0.8002965831703692	0.01444850777549227	0.0052066146640828825
315	315	0.11935375209917228	0.014819411485617133	0.0541715616364884	0.03380823716402769	0.7778470376146944
316	316	0.28362461149885915	0.18822114597068257	0.3988321427198263	0.030855152191283722	0.09846694761934822
317	317	0.05555223312285005	0.00689757453882469	0.025213712746613468	0.14937530243435776	0.762961177157354
318	318	0.12399065714240393	0.0026491693952353816	0.8309204279476456	0.04026186655343605	0.0021778789612789634
319	319	0.02364574993355063	0.014819411485617133	0.9155435811270832	0.03380823716402769	0.012183020289721309
320	320	0.03831331220257561	0.024011957349733607	0.863154894520883	0.054779634781057254	0.019740201145750487
321	321	0.02364574993355063	0.014819411485617133	0.8198355789614615	0.03380823716402769	0.10789102245534296
322	322	0.13661237142412735	0.31339370813338946	0.4599831607338506	0.08227181375528608	0.007738945953346318
323	323	0.055538789377869414	0.03480761555529484	0.5768324598896467	0.07940828979273747	0.2534128453844516
324	324	0.012703398184755032	0.007961552731233591	0.6461188709353675	0.06958106062274122	0.2636351175259025
325	325	0.07164423840345781	0.04490132275179088	0.16413437034049708	0.6824067452827948	0.03691332322145942
326	326	0.07164423840345781	0.04490132275179088	0.744105565463664	0.10243555015962783	0.03691332322145942
327	327	0.026148356935788528	0.016387860913407437	0.9066049250959035	0.03738641638430123	0.01347244067059923
328	328	0.22888381578174932	0.028419076809998795	0.6545000100110273	0.06483380866424114	0.02336328873298341
329	329	0.04534528137259664	0.3954961456283042	0.47096147560187457	0.06483380866424114	0.02336328873298341
330	330	0.2150617542647939	0.014819411485617133	0.7241275767958398	0.03380823716402769	0.012183020289721309
331	331	0.5985754615652641	0.01002300335269047	0.36029567584460076	0.02286596028273337	0.008239898954711264
332	332	0.6936017650929022	0.014819411485617133	0.14987956380211004	0.03380823716402769	0.10789102245534296
333	333	0.9168501814713788	0.010716711352343426	0.03917436195947231	0.02444854975314605	0.008810195463659439
334	334	0.02924340583070026	0.01832760920943089	0.7771852745001098	0.16017660505700482	0.015067105402754207
335	335	0.8728483378696074	0.016387860913407437	0.05990494416208464	0.03738641638430123	0.01347244067059923
336	336	0.9106673249854154	0.011513584868913117	0.04208729024014233	0.02626649568602389	0.009465304219505274
337	337	0.5456688841786025	0.18822114597068257	0.22413596093333077	0.030855152191283722	0.01111885672610045
338	338	0.2803363360401992	0.03480761555529484	0.5768324598896467	0.07940828979273747	0.02861529872212173
339	339	0.12180219574878014	0.06259821379760044	0.355911186083007	0.019147604998627114	0.4405407993719852
340	340	0.06717984125076475	0.004629208547270253	0.04681857700538584	0.787876444022654	0.0934959291739251
341	341	0.37097270239210695	0.45026541865042585	0.049439779146835235	0.11820324308453149	0.01111885672610045
342	342	0.6936017650929022	0.014819411485617133	0.24558756596773168	0.03380823716402769	0.012183020289721309
343	343	0.01984676204414703	0.012438486164146716	0.84878126499596	0.10870782233813321	0.010225664457613016
344	344	0.01339198720794829	0.008393109527184523	0.8437571245167503	0.12755781353945894	0.006899965208657817
345	345	0.5093274653627994	0.06324001681879322	0.23117048017167985	0.14427249617448798	0.051989541472239525
346	346	0.2565995029353345	0.007572205184065964	0.6634248857595483	0.06617830538173075	0.006225100739320405
347	347	0.07164423840345781	0.04490132275179088	0.744105565463664	0.10243555015962783	0.03691332322145942
348	348	0.033169513560631136	0.020788203868099483	0.8815271945715403	0.047425130698946744	0.01708995730078226
349	349	0.1980125341140998	0.007219163066835639	0.6324937473925247	0.15633969018553975	0.0059348652410000004
350	350	0.3901611330585357	0.011513584868913117	0.48823545474889635	0.10062452310414956	0.009465304219505274
351	351	0.13198585455251588	0.016387860913407437	0.48325493462899405	0.3548989092344833	0.01347244067059923
352	352	0.34117198117058894	0.012438486164146716	0.0454682171798553	0.10870782233813321	0.49221349314727586
353	353	0.5821658955154203	0.012438486164146716	0.20613082674307626	0.18903912711974366	0.010225664457613016
354	354	0.6096481341825234	0.11680331806801637	0.13909076900134332	0.12755781353945894	0.006899965208657817
355	355	0.6875932427310383	0.011513584868913117	0.19080334507639368	0.02626649568602389	0.08382333163763095
356	356	0.866164523631312	0.009413644713729206	0.034411071946326255	0.021475801071354023	0.06853495863727838
357	357	0.18609457591058834	0.29543258495143515	0.03243891524371628	0.47873851001561446	0.007295413878645644
358	358	0.00717191596485247	0.004494827786054325	0.6840949495449203	0.010254267111070631	0.2939840395931021
359	359	0.04534528137259664	0.028419076809998795	0.2874229411927219	0.6154494118916992	0.02336328873298341
360	360	0.7237499002907501	0.00689757453882469	0.025213712746613468	0.1048287912898311	0.13931002113398053
361	361	0.7355310684954008	0.006603415420216094	0.15207867192638017	0.015064689636018052	0.0907221545219848
362	362	0.2803363360401992	0.03480761555529484	0.3520349132273169	0.07940828979273747	0.2534128453844516
363	363	0.01709951012518249	0.010716711352343426	0.03917436195947231	0.9241992210993424	0.008810195463659439
364	364	0.021580338819115842	0.013524964184187008	0.9229206880793129	0.030855152191283722	0.01111885672610045
365	365	0.7893097672585238	0.014819411485617133	0.0541715616364884	0.12951623932964934	0.012183020289721309
366	366	0.6611733426361528	0.016387860913407437	0.165742441778812	0.1432239140010286	0.01347244067059923
367	367	0.25551976107659297	0.00633331992553527	0.47307743672207847	0.218960474305674	0.046109007970119235
368	368	0.18609457591058834	0.35274427537729885	0.1470622960954436	0.30680343873802346	0.007295413878645644
369	369	0.8738348610209522	0.00887413282211689	0.03243891524371628	0.020244986608705152	0.0646071043045093
370	370	0.5827389075248837	0.00633331992553527	0.064053503661715	0.3416676542237831	0.0052066146640828825
371	371	0.31076975643041554	0.014819411485617133	0.3412955681333533	0.3209322436608926	0.012183020289721309
