0	0	0.04739463333928813	0.6133673497108818	0.025474024709141008	0.031574934842728206	0.28218905739796074
1	1	0.02153871804138647	0.5818284022060229	0.011576792495927371	0.13558164967414527	0.24947443758251783
2	2	0.23112594836296002	0.42180835737295064	0.006945613691482547	0.3359144208817161	0.004205659690890578
3	3	0.2100355194347553	0.06269588493224802	0.007490426294376349	0.7152426185099761	0.004535550828644103
4	4	0.18846772817305033	0.20793146658446002	0.01528217897059267	0.5790650675598117	0.009253558712085297
5	5	0.6027796454947777	0.37071169316820957	0.00931760395181999	0.011549126650705193	0.005641930734487431
6	6	0.07327193032646148	0.19454630418233482	0.010325061820207034	0.7156047440556138	0.0062519596153826976
7	7	0.37881465856605534	0.22601677617662322	0.01661138105080668	0.1945442528253411	0.18401293138117356
8	8	0.20486013509505302	0.13903951444112206	0.01661138105080668	0.629430561502847	0.010058407910171168
9	9	0.6703335353272777	0.24603812750623347	0.029394759507475894	0.0364346673430511	0.017798910315961758
10	10	0.14270748609978454	0.0630258916547596	0.020109523655533933	0.7619805197017521	0.012176578888169816
11	11	0.5638816911858064	0.0630258916547596	0.020109523655533933	0.34080631461573013	0.012176578888169816
12	12	0.02153871804138647	0.09689932477596139	0.011576792495927371	0.6205107271042067	0.24947443758251783
13	13	0.17450431937461097	0.044347759359272015	0.014149935724675449	0.7584300148840845	0.008567970657357085
14	14	0.013935999977637642	0.023475981040824486	0.007490426294376349	0.8329023301842468	0.12219526250291471
15	15	0.2652716576096188	0.01900397629723079	0.006063554213429502	0.7059892507086436	0.0036715611710772984
16	16	0.6336957698032248	0.08198963965685346	0.009795496999776004	0.2685877923313385	0.005931301208807094
17	17	0.4149016696847197	0.05702185775195738	0.2087197794044456	0.3083400913935253	0.01101660176535197
18	18	0.022928558639891954	0.1676795453590778	0.012323814495119568	0.7896058510735304	0.0074622304323801614
19	19	0.2612705484302188	0.41949870703457515	0.00931760395181999	0.30427120984889855	0.005641930734487431
20	20	0.14914394524771793	0.07105635519739849	0.008489271535576923	0.7661700633678743	0.005140364651432232
21	21	0.01822460306061843	0.030700375761636266	0.009795496999776004	0.9353482229691621	0.005931301208807094
22	22	0.39487207133119195	0.07044309532397847	0.022476113460579653	0.2632290889139358	0.24897963097031406
23	23	0.397644335591742	0.086422169093908	0.010325061820207034	0.49935647387876014	0.0062519596153826976
24	24	0.17081561554333177	0.18035559660651862	0.007490426294376349	0.6368028107271291	0.004535550828644103
25	25	0.03741393482827906	0.8000807505552979	0.020109523655533933	0.1302192120727192	0.012176578888169816
26	26	0.10160239975702474	0.1711549952802535	0.05461002353135507	0.06768886952298692	0.6049437119083797
27	27	0.012922371630817778	0.16723751785211802	0.006945613691482547	0.808688837134691	0.004205659690890578
28	28	0.2895202005033151	0.3567325068149751	0.010325061820207034	0.2831082037019065	0.06031402715959612
29	29	0.4285203901670021	0.5280016825763958	0.01528217897059267	0.01894218957392406	0.009253558712085297
30	30	0.030905611624050634	0.8348576083251316	0.01661138105080668	0.020589729354338733	0.09703566964567235
31	31	0.36321861747899375	0.3199686035266469	0.18237059592798444	0.12783291262602808	0.0066092704403466936
32	32	0.022928558639891954	0.10315200031972512	0.012323814495119568	0.7250783060341778	0.13651732051108556
33	33	0.18846772817305033	0.1279139125864761	0.17531728696656054	0.3390124055658598	0.16928866670805318
34	34	0.03384977211279201	0.43807375532388504	0.49450870258339136	0.022551168214579535	0.01101660176535197
35	35	0.11788287335955183	0.4869485613831268	0.01661138105080668	0.2815215145608423	0.09703566964567235
36	36	0.014504879976263324	0.14689697807722438	0.0077961922033092015	0.13212603035052606	0.698675919392677
37	37	0.18846772817305033	0.287949020582444	0.01528217897059267	0.49904751356182775	0.009253558712085297
38	38	0.026326072267836044	0.2666151300194344	0.014149935724675449	0.1657170264569848	0.5271918355310693
39	39	0.024510137651093635	0.041288714676261884	0.08215245582800745	0.4302003535254748	0.42184833831916224
40	40	0.020307741262026127	0.1485131654181631	0.41097784673929616	0.12783291262602808	0.29236833395448636
41	41	0.134611366667682	0.1485131654181631	0.010915157819500627	0.013529287220372218	0.6924310228742819
42	42	0.34850283616901817	0.04789635858849216	0.01528217897059267	0.5790650675598117	0.009253558712085297
43	43	0.47086081358816073	0.044347759359272015	0.08823905927806291	0.3879843971171472	0.008567970657357085
44	44	0.5527691820370577	0.052062252705620864	0.01661138105080668	0.10756699108983993	0.2709901931166747
45	45	0.024510137651093635	0.17924583932953067	0.7029595167677171	0.08530754189230277	0.007976964359355805
46	46	0.24654652117048956	0.6546124046278674	0.03474192724690596	0.04306245682246767	0.0210366901322693
47	47	0.01733547909839103	0.9561558595645963	0.00931760395181999	0.011549126650705193	0.005641930734487431
48	48	0.01733547909839103	0.41949870703457515	0.00931760395181999	0.5482062791807263	0.005641930734487431
49	49	0.030905611624050634	0.052062252705620864	0.27754316625731024	0.629430561502847	0.010058407910171168
50	50	0.01733547909839103	0.2243506515691129	0.00931760395181999	0.35305822371526413	0.39593804166541186
51	51	0.4475409380577604	0.0798389434195855	0.025474024709141008	0.031574934842728206	0.41557115897078484
52	52	0.46579192030155653	0.13903951444112206	0.10358864278630787	0.2815215145608423	0.010058407910171168
53	53	0.11788287335955183	0.13903951444112206	0.19056590452180908	0.5424532997673459	0.010058407910171168
54	54	0.04181699470418437	0.5411831974933219	0.2578461645452514	0.1455440633716	0.01360957988564235
55	55	0.20486013509505302	0.3999712996476256	0.27754316625731024	0.10756699108983993	0.010058407910171168
56	56	0.58855549816297	0.287949020582444	0.09529973296857662	0.01894218957392406	0.009253558712085297
57	57	0.14277098739890184	0.15751545945471906	0.011576792495927371	0.6811268617829644	0.007009898867487081
58	58	0.24859344292799843	0.11843688291265947	0.014149935724675449	0.6102517677773095	0.008567970657357085
59	59	0.4158431161481738	0.24885580246436906	0.23073858061929012	0.010522412483249382	0.09404008828491753
60	60	0.1004151958212235	0.3407042535728218	0.014149935724675449	0.09162790290359737	0.4531027119776818
61	61	0.14765202294605725	0.5627158042587482	0.27768633235764906	0.008025336724264632	0.003920503713280743
62	62	0.11788287335955183	0.22601677617662322	0.01661138105080668	0.629430561502847	0.010058407910171168
63	63	0.04181699470418437	0.423498171950986	0.493216215629923	0.027859037829264143	0.01360957988564235
64	64	0.24800103737129003	0.37890654546927605	0.020109523655533933	0.34080631461573013	0.012176578888169816
65	65	0.06463764254638878	0.47270352600376664	0.21665080587100674	0.22497133544656847	0.0210366901322693
66	66	0.06463764254638878	0.47270352600376664	0.39855968449510754	0.04306245682246767	0.0210366901322693
67	67	0.458588139914301	0.4842000967407815	0.020109523655533933	0.02492566080121371	0.012176578888169816
68	68	0.4407037568699288	0.025474170042376024	0.2634769293351842	0.13774907077226542	0.13259607298024553
69	69	0.7922731570427918	0.10888576875556515	0.03474192724690596	0.04306245682246767	0.0210366901322693
70	70	0.34556628383665544	0.2967346354377832	0.012323814495119568	0.3379130357980616	0.0074622304323801614
71	71	0.639746443772559	0.13903951444112206	0.01661138105080668	0.1945442528253411	0.010058407910171168
72	72	0.03384977211279201	0.9143886272887947	0.018193830618481743	0.022551168214579535	0.01101660176535197
73	73	0.04181699470418437	0.30581314640865015	0.022476113460579653	0.6162841655409435	0.01360957988564235
74	74	0.8286081601569218	0.1279139125864761	0.01528217897059267	0.01894218957392406	0.009253558712085297
75	75	0.030905611624050634	0.22601677617662322	0.01661138105080668	0.5424532997673459	0.18401293138117356
76	76	0.024510137651093635	0.9380100249225091	0.013173893501373053	0.01632897956566837	0.007976964359355805
77	77	0.024510137651093635	0.8690314625958747	0.08215245582800745	0.01632897956566837	0.007976964359355805
78	78	0.030905611624050634	0.8348576083251316	0.10358864278630787	0.020589729354338733	0.010058407910171168
79	79	0.2612705484302188	0.321924679301844	0.39961371488274444	0.011549126650705193	0.005641930734487431
80	80	0.04739463333928813	0.2132210449924096	0.6923845325732614	0.031574934842728206	0.01542485425231256
81	81	0.05468919280954688	0.8616824700239643	0.029394759507475894	0.0364346673430511	0.017798910315961758
82	82	0.20338712207765955	0.763676806242296	0.011576792495927371	0.014349380316629896	0.007009898867487081
83	83	0.36251136406841233	0.39994921313566617	0.029394759507475894	0.19034575297248382	0.017798910315961758
84	84	0.11788287335955183	0.5739258231186279	0.01661138105080668	0.2815215145608423	0.010058407910171168
85	85	0.15950202024652024	0.7765532485779936	0.022476113460579653	0.027859037829264143	0.01360957988564235
86	86	0.06463764254638878	0.2907946473796659	0.03474192724690596	0.58878909269477	0.0210366901322693
87	87	0.02843262017708244	0.04789635858849216	0.01528217897059267	0.8991352835517473	0.009253558712085297
88	88	0.2918373968305542	0.3999712996476256	0.27754316625731024	0.020589729354338733	0.010058407910171168
89	89	0.2771870457888561	0.5411831974933219	0.14016113900291552	0.027859037829264143	0.01360957988564235
90	90	0.02843262017708244	0.20793146658446002	0.09529973296857662	0.5790650675598117	0.08927111271006924
91	91	0.10160239975702474	0.743031625590638	0.05461002353135507	0.06768886952298692	0.033067081597995186
92	92	0.3141588364849363	0.47998524813805776	0.025474024709141008	0.16495703641555232	0.01542485425231256
93	93	0.079010321536895	0.1330973603190273	0.042467063068079215	0.719710894434987	0.025714360641011395
94	94	0.7362742975936593	0.18456816744728785	0.061084760894993206	0.012141472855252498	0.005931301208807094
95	95	0.1004151958212235	0.11843688291265947	0.6809520477051625	0.09162790290359737	0.008567970657357085
96	96	0.4149016696847197	0.05702185775195738	0.3039827537974275	0.21307711700054338	0.01101660176535197
97	97	0.7267237055080602	0.13903951444112206	0.01661138105080668	0.020589729354338733	0.09703566964567235
98	98	0.8656121735005353	0.07044309532397847	0.022476113460579653	0.027859037829264143	0.01360957988564235
99	99	0.516422449697845	0.24603812750623347	0.029394759507475894	0.0364346673430511	0.1717099959453945
100	100	0.5638816911858064	0.16831944292626508	0.020109523655533933	0.02492566080121371	0.22276368143118078
101	101	0.04739463333928813	0.88013155285653	0.025474024709141008	0.031574934842728206	0.01542485425231256
102	102	0.04739463333928813	0.0798389434195855	0.6923845325732614	0.16495703641555232	0.01542485425231256
103	103	0.030905611624050634	0.9218348700606327	0.01661138105080668	0.020589729354338733	0.010058407910171168
104	104	0.14228798703729179	0.6401314062030778	0.07647801960305974	0.09479414868436503	0.04630843847220552
105	105	0.02843262017708244	0.9280894525663155	0.01528217897059267	0.01894218957392406	0.009253558712085297
106	106	0.02843262017708244	0.9280894525663155	0.01528217897059267	0.01894218957392406	0.009253558712085297
107	107	0.013935999977637642	0.8078740588692952	0.12515013796864696	0.009284348464352513	0.04375545472006764
108	108	0.0106077275404841	0.3462544072514225	0.005701521341871536	0.6339839983213398	0.0034523455448820404
109	109	0.020307741262026127	0.3199686035266469	0.06806697052232857	0.5278956015458236	0.06376108314317463
110	110	0.2100355194347553	0.023475981040824486	0.16437004186007048	0.5975829068357055	0.004535550828644103
111	111	0.08215485272014417	0.0362831900972037	0.011576792495927371	0.4992784577466914	0.3707067069400332
112	112	0.18846772817305033	0.04789635858849216	0.01528217897059267	0.7391001755557794	0.009253558712085297
113	113	0.18846772817305033	0.1279139125864761	0.01528217897059267	0.2589948515678759	0.409341328702005
114	114	0.026326072267836044	0.5629716242329842	0.014149935724675449	0.23980615001037228	0.156746217764132
115	115	0.02843262017708244	0.3679665745804279	0.01528217897059267	0.5790650675598117	0.009253558712085297
116	116	0.1004151958212235	0.5629716242329842	0.08823905927806291	0.09162790290359737	0.156746217764132
117	117	0.14228798703729179	0.6401314062030778	0.07647801960305974	0.09479414868436503	0.04630843847220552
118	118	0.12911274650577395	0.05702185775195738	0.2087197794044456	0.5941290145724711	0.01101660176535197
119	119	0.03384977211279201	0.1522848321449393	0.018193830618481743	0.7846549633584349	0.01101660176535197
120	120	0.4149016696847197	0.05702185775195738	0.018193830618481743	0.4988660401794892	0.01101660176535197
121	121	0.07327193032646148	0.1404842366381214	0.010325061820207034	0.39123233879033337	0.38468643242487666
122	122	0.08215485272014417	0.21813159413347677	0.011576792495927371	0.559894592425449	0.12824216822500245
123	123	0.04181699470418437	0.30581314640865015	0.14016113900291552	0.4985991399986076	0.01360957988564235
124	124	0.36940294928426565	0.38618152630943386	0.013173893501373053	0.22326466654557156	0.007976964359355805
125	125	0.30042438695763124	0.17924583932953067	0.013173893501373053	0.15428610421893715	0.35286977599252783
126	126	0.02843262017708244	0.04789635858849216	0.01528217897059267	0.8991352835517473	0.009253558712085297
127	127	0.04181699470418437	0.07044309532397847	0.022476113460579653	0.027859037829264143	0.8374047586819934
128	128	0.03741393482827906	0.16831944292626508	0.020109523655533933	0.7619805197017521	0.012176578888169816
129	129	0.12911274650577395	0.05702185775195738	0.018193830618481743	0.022551168214579535	0.7731203969092073
130	130	0.03384977211279201	0.05702185775195738	0.018193830618481743	0.4036030657865073	0.4873314737302616
131	131	0.7142924895038112	0.16739684548107622	0.008884171741858755	0.10404701139571944	0.005379481877534303
132	132	0.12911274650577395	0.05702185775195738	0.018193830618481743	0.7846549633584349	0.01101660176535197
133	133	0.026326072267836044	0.7852389948931465	0.014149935724675449	0.1657170264569848	0.008567970657357085
134	134	0.2895202005033151	0.19454630418233482	0.010325061820207034	0.49935647387876014	0.0062519596153826976
135	135	0.03384977211279201	0.05702185775195738	0.018193830618481743	0.5941290145724711	0.29680552494429774
136	136	0.01822460306061843	0.23585743134250506	0.009795496999776004	0.7301911673882933	0.005931301208807094
137	137	0.03384977211279201	0.8191256528958127	0.11345680501146367	0.022551168214579535	0.01101660176535197
138	138	0.011651204394733704	0.31473561350020496	0.07184204380938569	0.5979791872457305	0.0037919510499449796
139	139	0.32876924884008996	0.2729943412191156	0.006063554213429502	0.38850129455628757	0.0036715611710772984
140	140	0.1813960654148883	0.03236010154969458	0.010325061820207034	0.7696668115998272	0.0062519596153826976
141	141	0.02153871804138647	0.21813159413347677	0.011576792495927371	0.7417429964617221	0.007009898867487081
142	142	0.030905611624050634	0.22601677617662322	0.01661138105080668	0.7164078232383482	0.010058407910171168
143	143	0.08215485272014417	0.15751545945471906	0.011576792495927371	0.7417429964617221	0.007009898867487081
144	144	0.10160239975702474	0.743031625590638	0.05461002353135507	0.06768886952298692	0.033067081597995186
145	145	0.34850283616901817	0.04789635858849216	0.01528217897059267	0.5790650675598117	0.009253558712085297
146	146	0.013935999977637642	0.6902143471950246	0.007490426294376349	0.28382367570431727	0.004535550828644103
147	147	0.03384977211279201	0.05702185775195738	0.11345680501146367	0.7846549633584349	0.01101660176535197
148	148	0.015122180944154557	0.9191954794865018	0.008127983779719659	0.05263275558711057	0.004921600202513265
149	149	0.09348869997772805	0.6620957756159715	0.22010958048127627	0.01632897956566837	0.007976964359355805
150	150	0.04739463333928813	0.88013155285653	0.025474024709141008	0.031574934842728206	0.01542485425231256
151	151	0.030905611624050634	0.5739258231186279	0.10358864278630787	0.2815215145608423	0.010058407910171168
152	152	0.17450431937461097	0.3407042535728218	0.014149935724675449	0.4620735206705347	0.008567970657357085
153	153	0.3259601864319216	0.18456816744728785	0.061084760894993206	0.012141472855252498	0.41624541237054463
154	154	0.36592693788128683	0.5369875526945785	0.005232867939902142	0.08868407168750042	0.0031685697967320293
155	155	0.38866956268516034	0.49301977229972704	0.10191929369004471	0.011011889447533492	0.005379481877534303
156	156	0.3532945886427955	0.37890654546927605	0.020109523655533933	0.23551276334422466	0.012176578888169816
157	157	0.46579192030155653	0.4869485613831268	0.01661138105080668	0.020589729354338733	0.010058407910171168
158	158	0.11788287335955183	0.3999712996476256	0.3645204279928114	0.10756699108983993	0.010058407910171168
159	159	0.23112594836296002	0.6763791968937832	0.0796801392688633	0.00860905578350275	0.004205659690890578
160	160	0.3013680441316091	0.5778128055084554	0.042467063068079215	0.05263772665084479	0.025714360641011395
161	161	0.48457484667472006	0.45489492384648333	0.007490426294376349	0.04850425235577605	0.004535550828644103
162	162	0.022928558639891954	0.23220709039843052	0.012323814495119568	0.015275310601298034	0.7172652258652599
163	163	0.2895202005033151	0.4648566419034019	0.010325061820207034	0.012797865980839391	0.22250022979223638
164	164	0.8195641123255725	0.16136897011018075	0.006701884496807692	0.008306954583201737	0.004058078484237193
165	165	0.030905611624050634	0.6609030848541292	0.01661138105080668	0.1945442528253411	0.09703566964567235
166	166	0.04181699470418437	0.30581314640865015	0.022476113460579653	0.6162841655409435	0.01360957988564235
167	167	0.30025114840118644	0.26935966454504856	0.0077961922033092015	0.295409612307625	0.12718338254283068
168	168	0.10956419684060247	0.16739684548107622	0.008884171741858755	0.7087753040589281	0.005379481877534303
169	169	0.4203704301818217	0.37712041622947484	0.18237059592798444	0.013529287220372218	0.0066092704403466936
170	170	0.8137009672435614	0.052062252705620864	0.10358864278630787	0.020589729354338733	0.010058407910171168
171	171	0.026326072267836044	0.48888250067959677	0.014149935724675449	0.3879843971171472	0.08265709421074455
172	172	0.05768033853673198	0.11059048522753086	0.05068614137229708	0.6484469618831944	0.13259607298024553
173	173	0.11490950683112215	0.7122207902327685	0.00931760395181999	0.15791016824980186	0.005641930734487431
174	174	0.6825422870486297	0.11550621701414113	0.008489271535576923	0.18832185975021998	0.005140364651432232
175	175	0.12911274650577395	0.05702185775195738	0.6850346513693552	0.11781414260756147	0.01101660176535197
176	176	0.03384977211279201	0.05702185775195738	0.3039827537974275	0.21307711700054338	0.39206849933727966
177	177	0.030905611624050634	0.22601677617662322	0.19056590452180908	0.10756699108983993	0.44494471658767715
178	178	0.030905611624050634	0.8348576083251316	0.01661138105080668	0.10756699108983993	0.010058407910171168
179	179	0.576713858142415	0.36048300396863264	0.029409036443184097	0.030538498004753264	0.002855603441014813
180	180	0.17560037105448018	0.7410034468155459	0.006262377145487094	0.07334185393454182	0.0037919510499449796
181	181	0.7714420106821149	0.11550621701414113	0.008489271535576923	0.09942213611673466	0.005140364651432232
182	182	0.8413064313550981	0.044347759359272015	0.08823905927806291	0.017538779350209914	0.008567970657357085
183	183	0.7267237055080602	0.052062252705620864	0.01661138105080668	0.1945442528253411	0.010058407910171168
184	184	0.6825422870486297	0.11550621701414113	0.008489271535576923	0.18832185975021998	0.005140364651432232
185	185	0.019209862782248063	0.9514152498013227	0.010325061820207034	0.012797865980839391	0.0062519596153826976
186	186	0.02843262017708244	0.8480718985683315	0.01528217897059267	0.09895974357190801	0.009253558712085297
187	187	0.19475868557426965	0.7854809852598544	0.006945613691482547	0.00860905578350275	0.004205659690890578
188	188	0.03384977211279201	0.9143886272887947	0.018193830618481743	0.022551168214579535	0.01101660176535197
189	189	0.02843262017708244	0.9280894525663155	0.01528217897059267	0.01894218957392406	0.009253558712085297
190	190	0.013935999977637642	0.2980153082807892	0.007490426294376349	0.6760227146185526	0.004535550828644103
191	191	0.30042438695763124	0.17924583932953067	0.013173893501373053	0.3612217911988404	0.1459340890126246
192	192	0.516422449697845	0.39994921313566617	0.029394759507475894	0.0364346673430511	0.017798910315961758
193	193	0.5085379441649861	0.287949020582444	0.01528217897059267	0.17897729756989192	0.009253558712085297
194	194	0.31963869529173783	0.1522848321449393	0.018193830618481743	0.4988660401794892	0.01101660176535197
195	195	0.04181699470418437	0.6588682230356577	0.022476113460579653	0.2632290889139358	0.01360957988564235
196	196	0.20720839416940118	0.41125918027301944	0.03355147423620468	0.17569597807197038	0.17228497324940423
197	197	0.2086002784389796	0.7077713843945316	0.029394759507475894	0.0364346673430511	0.017798910315961758
198	198	0.079010321536895	0.5778128055084554	0.042467063068079215	0.05263772665084479	0.2480720832357255
199	199	0.04181699470418437	0.07044309532397847	0.022476113460579653	0.1455440633716	0.7197197331396575
200	200	0.04181699470418437	0.8942382741203294	0.022476113460579653	0.027859037829264143	0.01360957988564235
201	201	0.03741393482827906	0.2736129941977705	0.6518708312845668	0.02492566080121371	0.012176578888169816
202	202	0.10160239975702474	0.743031625590638	0.05461002353135507	0.06768886952298692	0.033067081597995186
203	203	0.14228798703729179	0.6401314062030778	0.07647801960305974	0.09479414868436503	0.04630843847220552
204	204	0.06463764254638878	0.10888576875556515	0.03474192724690596	0.04306245682246767	0.7486722046286725
205	205	0.1813960654148883	0.735166979624469	0.010325061820207034	0.06685993352505282	0.0062519596153826976
206	206	0.03384977211279201	0.9143886272887947	0.018193830618481743	0.022551168214579535	0.01101660176535197
207	207	0.02843262017708244	0.9280894525663155	0.01528217897059267	0.01894218957392406	0.009253558712085297
208	208	0.6679546733128091	0.03236010154969458	0.010325061820207034	0.2831082037019065	0.0062519596153826976
209	209	0.17450431937461097	0.7852389948931465	0.014149935724675449	0.017538779350209914	0.008567970657357085
210	210	0.7142908252550252	0.05609568303963348	0.006701884496807692	0.008306954583201737	0.21460465262533177
211	211	0.05468919280954688	0.8616824700239643	0.029394759507475894	0.0364346673430511	0.017798910315961758
212	212	0.8701646035439942	0.09689932477596139	0.011576792495927371	0.014349380316629896	0.007009898867487081
213	213	0.5020325040528819	0.37332565481869173	0.003638005835406823	0.1188009753044258	0.002202859988593655
214	214	0.079010321536895	0.8001705281031695	0.042467063068079215	0.05263772665084479	0.025714360641011395
215	215	0.4383815116109	0.5241386509627027	0.013173893501373053	0.01632897956566837	0.007976964359355805
216	216	0.6302421224158636	0.18812812086631434	0.022476113460579653	0.027859037829264143	0.13129460542797822
217	217	0.36321861747899375	0.4342722289323028	0.010915157819500627	0.013529287220372218	0.1780647085488305
218	218	0.030905611624050634	0.31299403791212443	0.4514976897283126	0.020589729354338733	0.18401293138117356
219	219	0.20486013509505302	0.31299403791212443	0.01661138105080668	0.10756699108983993	0.35796745485217596
220	220	0.37881465856605534	0.13903951444112206	0.10358864278630787	0.020589729354338733	0.35796745485217596
221	221	0.5670839301502058	0.09689932477596139	0.011576792495927371	0.014349380316629896	0.3100905722612755
222	222	0.15950202024652024	0.07044309532397847	0.022476113460579653	0.7339691910832793	0.01360957988564235
223	223	0.10160239975702474	0.45709331043544577	0.05461002353135507	0.06768886952298692	0.31900539675318745
224	224	0.2884753272176024	0.023475981040824486	0.12515013796864696	0.558363002944282	0.004535550828644103
225	225	0.04739463333928813	0.0798389434195855	0.6923845325732614	0.16495703641555232	0.01542485425231256
226	226	0.22437572089875588	0.05702185775195738	0.39924572819040943	0.3083400913935253	0.01101660176535197
227	227	0.010934146698961634	0.23382197937049626	0.09819244906287951	0.6534928443423633	0.003558580525299216
228	228	0.07327193032646148	0.4648566419034019	0.010325061820207034	0.4452944063345467	0.0062519596153826976
229	229	0.20486013509505302	0.5739258231186279	0.19056590452180908	0.020589729354338733	0.010058407910171168
230	230	0.012046197192975155	0.5288143478204776	0.006474680851484845	0.44874427042178144	0.003920503713280743
231	231	0.05768033853673198	0.23826495800526312	0.22091877174260674	0.4782143315128847	0.004921600202513265
232	232	0.079010321536895	0.5778128055084554	0.042467063068079215	0.05263772665084479	0.2480720832357255
233	233	0.17209239474627003	0.23585743134250506	0.009795496999776004	0.5763233757026417	0.005931301208807094
234	234	0.1004151958212235	0.19252600646604692	0.16232818283145037	0.5361626442239221	0.008567970657357085
235	235	0.04739463333928813	0.34660314656523367	0.025474024709141008	0.5651033411340246	0.01542485425231256
236	236	0.20486013509505302	0.7478803465896303	0.01661138105080668	0.020589729354338733	0.010058407910171168
237	237	0.02153871804138647	0.39997999816974983	0.011576792495927371	0.559894592425449	0.007009898867487081
238	238	0.03384977211279201	0.24754780653792122	0.39924572819040943	0.022551168214579535	0.29680552494429774
239	239	0.079010321536895	0.8001705281031695	0.042467063068079215	0.05263772665084479	0.025714360641011395
240	240	0.030905611624050634	0.9218348700606327	0.01661138105080668	0.020589729354338733	0.010058407910171168
241	241	0.04181699470418437	0.7765532485779936	0.022476113460579653	0.1455440633716	0.01360957988564235
242	242	0.079010321536895	0.1330973603190273	0.2648247856627933	0.05263772665084479	0.4704298058304396
243	243	0.05468919280954688	0.7077713843945316	0.18330584513690862	0.0364346673430511	0.017798910315961758
244	244	0.06463764254638878	0.8365212832519682	0.03474192724690596	0.04306245682246767	0.0210366901322693
245	245	0.022928558639891954	0.9420100858313103	0.012323814495119568	0.015275310601298034	0.0074622304323801614
246	246	0.08215485272014417	0.7030606715635382	0.011576792495927371	0.07496551499538759	0.12824216822500245
247	247	0.8701646035439942	0.09689932477596139	0.011576792495927371	0.014349380316629896	0.007009898867487081
248	248	0.8656121735005353	0.07044309532397847	0.022476113460579653	0.027859037829264143	0.01360957988564235
249	249	0.5449499371415482	0.11843688291265947	0.014149935724675449	0.31389527356375974	0.008567970657357085
250	250	0.05468919280954688	0.39994921313566617	0.029394759507475894	0.4981679242313492	0.017798910315961758
251	251	0.2918373968305542	0.22601677617662322	0.01661138105080668	0.4554760380318447	0.010058407910171168
252	252	0.2771870457888561	0.6588682230356577	0.022476113460579653	0.027859037829264143	0.01360957988564235
253	253	0.6054276184706835	0.3428107809309031	0.018193830618481743	0.022551168214579535	0.01101660176535197
254	254	0.4203704301818217	0.37712041622947484	0.010915157819500627	0.07068109992320015	0.12091289584600257
255	255	0.026326072267836044	0.5629716242329842	0.31050642993822525	0.017538779350209914	0.08265709421074455
256	256	0.21860935742263699	0.6367477239485212	0.0077961922033092015	0.009663343882701856	0.12718338254283068
257	257	0.02843262017708244	0.5280016825763958	0.01528217897059267	0.09895974357190801	0.3293237747040211
258	258	0.2711905346524528	0.5101441177682221	0.005536246716953294	0.2097768312587702	0.00335226960360156
259	259	0.030905611624050634	0.9218348700606327	0.01661138105080668	0.020589729354338733	0.010058407910171168
260	260	0.04181699470418437	0.8942382741203294	0.022476113460579653	0.027859037829264143	0.01360957988564235
261	261	0.23144582463099686	0.6620957756159715	0.013173893501373053	0.08530754189230277	0.007976964359355805
262	262	0.34850283616901817	0.20793146658446002	0.01528217897059267	0.4190299595638438	0.009253558712085297
263	263	0.1004151958212235	0.3407042535728218	0.014149935724675449	0.5361626442239221	0.008567970657357085
264	264	0.14277098739890184	0.6424445368847806	0.19342519653220044	0.014349380316629896	0.007009898867487081
265	265	0.7327315540727717	0.23220709039843052	0.012323814495119568	0.015275310601298034	0.0074622304323801614
266	266	0.14270748609978454	0.8000807505552979	0.020109523655533933	0.02492566080121371	0.012176578888169816
267	267	0.7143051412034086	0.2132210449924096	0.025474024709141008	0.031574934842728206	0.01542485425231256
268	268	0.16246726230436245	0.31720296398279946	0.013173893501373053	0.01632897956566837	0.49082690064579665
269	269	0.05468919280954688	0.24603812750623347	0.18330584513690862	0.0364346673430511	0.4795321672042599
270	270	0.02153871804138647	0.2787477288122345	0.13280906185344277	0.559894592425449	0.007009898867487081
271	271	0.134611366667682	0.4914240416351307	0.010915157819500627	0.12783291262602808	0.23521652125165846
272	272	0.024510137651093635	0.9380100249225091	0.013173893501373053	0.01632897956566837	0.007976964359355805
273	273	0.15950202024652024	0.18812812086631434	0.022476113460579653	0.027859037829264143	0.6020347075973216
274	274	0.1273339978706749	0.03236010154969458	0.06438712936442045	0.7696668115998272	0.0062519596153826976
275	275	0.026326072267836044	0.2666151300194344	0.014149935724675449	0.684340891330697	0.008567970657357085
276	276	0.04739463333928813	0.6133673497108818	0.1588561262819651	0.031574934842728206	0.14880695582513667
277	277	0.28103873879730273	0.2967346354377832	0.2704339946525304	0.07980285564065075	0.07198977547173287
278	278	0.38754071491221703	0.45709331043544577	0.05461002353135507	0.06768886952298692	0.033067081597995186
279	279	0.36940294928426565	0.11026727700289629	0.013173893501373053	0.4991789158521092	0.007976964359355805
280	280	0.07895403041303337	0.4847035835224506	0.004494062443441327	0.42912711018965327	0.0027212134314213605
281	281	0.02843262017708244	0.8480718985683315	0.09529973296857662	0.01894218957392406	0.009253558712085297
282	282	0.03384977211279201	0.533336729716867	0.018193830618481743	0.022551168214579535	0.39206849933727966
283	283	0.030905611624050634	0.6609030848541292	0.01661138105080668	0.2815215145608423	0.010058407910171168
284	284	0.8286081601569218	0.1279139125864761	0.01528217897059267	0.01894218957392406	0.009253558712085297
285	285	0.5391489189547136	0.038624455280372415	0.012323814495119568	0.2733854907587089	0.13651732051108556
286	286	0.02843262017708244	0.6880367905723637	0.01528217897059267	0.2589948515678759	0.009253558712085297
287	287	0.5085379441649861	0.20793146658446002	0.01528217897059267	0.2589948515678759	0.009253558712085297
288	288	0.18077673491211224	0.746749451283706	0.025474024709141008	0.031574934842728206	0.01542485425231256
289	289	0.4458516607926903	0.09689932477596139	0.2540413312109581	0.19619778435290297	0.007009898867487081
290	290	0.05468919280954688	0.8616824700239643	0.029394759507475894	0.0364346673430511	0.017798910315961758
291	291	0.48569678788379267	0.4945428829503314	0.006945613691482547	0.00860905578350275	0.004205659690890578
292	292	0.24911687976288138	0.53953733327382	0.008884171741858755	0.19708213334390542	0.005379481877534303
293	293	0.39487207133119195	0.5411831974933219	0.022476113460579653	0.027859037829264143	0.01360957988564235
294	294	0.7901018942724832	0.10607608258794964	0.0077961922033092015	0.05048423937197659	0.04554159156428121
295	295	0.2086002784389796	0.7077713843945316	0.029394759507475894	0.0364346673430511	0.017798910315961758
296	296	0.23545813295910173	0.6811049120802556	0.06438712936442045	0.012797865980839391	0.0062519596153826976
297	297	0.03741393482827906	0.589493648012287	0.3359901774700504	0.02492566080121371	0.012176578888169816
298	298	0.022928558639891954	0.2967346354377832	0.6575992648886466	0.015275310601298034	0.0074622304323801614
299	299	0.01822460306061843	0.6461715425042427	0.009795496999776004	0.3198770562265557	0.005931301208807094
300	300	0.04181699470418437	0.7765532485779936	0.022476113460579653	0.1455440633716	0.01360957988564235
301	301	0.37881465856605534	0.5739258231186279	0.01661138105080668	0.020589729354338733	0.010058407910171168
302	302	0.030905611624050634	0.8348576083251316	0.01661138105080668	0.10756699108983993	0.010058407910171168
303	303	0.23112594836296002	0.7127464596824736	0.04331287648017292	0.00860905578350275	0.004205659690890578
304	304	0.007985431049827206	0.7775439399909508	0.004292069661562561	0.20757965513052082	0.002598904167138473
305	305	0.06463764254638878	0.2907946473796659	0.03474192724690596	0.58878909269477	0.0210366901322693
306	306	0.013935999977637642	0.3764551160636363	0.007490426294376349	0.558363002944282	0.04375545472006764
307	307	0.24859344292799843	0.044347759359272015	0.014149935724675449	0.3879843971171472	0.3049244648709069
308	308	0.030905611624050634	0.052062252705620864	0.01661138105080668	0.36849877629634353	0.5319219783231783
309	309	0.02153871804138647	0.09689932477596139	0.19342519653220044	0.6811268617829644	0.007009898867487081
310	310	0.22633693684627237	0.23382197937049626	0.005876967571174902	0.5304055356867572	0.003558580525299216
311	311	0.24654652117048956	0.2907946473796659	0.03474192724690596	0.04306245682246767	0.38485444738047087
312	312	0.030905611624050634	0.052062252705620864	0.4514976897283126	0.4554760380318447	0.010058407910171168
313	313	0.7485906061589379	0.04789635858849216	0.01528217897059267	0.17897729756989192	0.009253558712085297
314	314	0.014504879976263324	0.8816730968841696	0.0077961922033092015	0.09130513486125132	0.0047206960750064775
315	315	0.03384977211279201	0.05702185775195738	0.018193830618481743	0.022551168214579535	0.8683833713021892
316	316	0.11788287335955183	0.22601677617662322	0.01661138105080668	0.020589729354338733	0.6188992400586795
317	317	0.1046940834309753	0.026606493380655842	0.008489271535576923	0.054972274299992026	0.8052378773527998
318	318	0.023169116556901972	0.83078378332399	0.0032648595403962245	0.14080532553918076	0.0019769150395309515
319	319	0.03384977211279201	0.9143886272887947	0.018193830618481743	0.022551168214579535	0.01101660176535197
320	320	0.05468919280954688	0.8616824700239643	0.029394759507475894	0.0364346673430511	0.017798910315961758
321	321	0.030905611624050634	0.7478803465896303	0.01661138105080668	0.1945442528253411	0.010058407910171168
322	322	0.14277098739890184	0.46059613284850753	0.13280906185344277	0.2568139190316607	0.007009898867487081
323	323	0.079010321536895	0.5778128055084554	0.2648247856627933	0.05263772665084479	0.025714360641011395
324	324	0.29563444073697437	0.632572455222006	0.008884171741858755	0.011011889447533492	0.05189704285162728
325	325	0.10160239975702474	0.743031625590638	0.05461002353135507	0.06768886952298692	0.033067081597995186
326	326	0.10160239975702474	0.45709331043544577	0.3405483386865473	0.06768886952298692	0.033067081597995186
327	327	0.03384977211279201	0.9143886272887947	0.018193830618481743	0.022551168214579535	0.01101660176535197
328	328	0.06463764254638878	0.6546124046278674	0.21665080587100674	0.04306245682246767	0.0210366901322693
329	329	0.06463764254638878	0.6546124046278674	0.03474192724690596	0.22497133544656847	0.0210366901322693
330	330	0.10845017417506639	0.6880367905723637	0.09529973296857662	0.09895974357190801	0.009253558712085297
331	331	0.3246193914351749	0.09689932477596139	0.13280906185344277	0.43866232306793373	0.007009898867487081
332	332	0.20486013509505302	0.22601677617662322	0.01661138105080668	0.5424532997673459	0.010058407910171168
333	333	0.022928558639891954	0.42578972551648864	0.012323814495119568	0.5314956709161196	0.0074622304323801614
334	334	0.5125570968735278	0.30581314640865015	0.022476113460579653	0.1455440633716	0.01360957988564235
335	335	0.11788287335955183	0.3999712996476256	0.01661138105080668	0.4554760380318447	0.010058407910171168
336	336	0.026326072267836044	0.11843688291265947	0.16232818283145037	0.684340891330697	0.008567970657357085
337	337	0.030905611624050634	0.3999712996476256	0.5384749514638137	0.020589729354338733	0.010058407910171168
338	338	0.079010321536895	0.5778128055084554	0.042467063068079215	0.2749954492455589	0.025714360641011395
339	339	0.019209862782248063	0.24860837172654823	0.4968836697181278	0.2290461361576931	0.0062519596153826976
340	340	0.6673194442289073	0.07119913379371036	0.005232867939902142	0.253079984240748	0.0031685697967320293
341	341	0.11788287335955183	0.052062252705620864	0.10358864278630787	0.7164078232383482	0.010058407910171168
342	342	0.22437572089875588	0.43807375532388504	0.018193830618481743	0.21307711700054338	0.1062795761583339
343	343	0.18846772817305033	0.7680543445703476	0.01528217897059267	0.01894218957392406	0.009253558712085297
344	344	0.07327193032646148	0.7892290471686825	0.11844919690863388	0.012797865980839391	0.0062519596153826976
345	345	0.14228798703729179	0.2396921707365546	0.07647801960305974	0.09479414868436503	0.4467476739387288
346	346	0.01652907489241651	0.772125138144285	0.05540173271595173	0.1505645723698124	0.005379481877534303
347	347	0.10160239975702474	0.743031625590638	0.05461002353135507	0.06768886952298692	0.033067081597995186
348	348	0.03741393482827906	0.9053743018268035	0.020109523655533933	0.02492566080121371	0.012176578888169816
349	349	0.10956419684060247	0.725607577170192	0.05540173271595173	0.10404701139571944	0.005379481877534303
350	350	0.24859344292799843	0.48888250067959677	0.014149935724675449	0.23980615001037228	0.008567970657357085
351	351	0.03741393482827906	0.4842000967407815	0.23069662619854492	0.23551276334422466	0.012176578888169816
352	352	0.02843262017708244	0.04789635858849216	0.01528217897059267	0.5790650675598117	0.3293237747040211
353	353	0.02843262017708244	0.04789635858849216	0.01528217897059267	0.8991352835517473	0.009253558712085297
354	354	0.07327193032646148	0.086422169093908	0.010325061820207034	0.8237288791440407	0.0062519596153826976
355	355	0.1004151958212235	0.044347759359272015	0.08823905927806291	0.7584300148840845	0.008567970657357085
356	356	0.14277098739890184	0.0362831900972037	0.011576792495927371	0.8023591311404799	0.007009898867487081
357	357	0.8775849318044452	0.09136135271533516	0.010915157819500627	0.013529287220372218	0.0066092704403466936
358	358	0.09726366670812664	0.423180683796059	0.46934122790182303	0.006862151990389693	0.00335226960360156
359	359	0.42845539979459035	0.47270352600376664	0.03474192724690596	0.04306245682246767	0.0210366901322693
360	360	0.1046940834309753	0.07105635519739849	0.008489271535576923	0.8106199251846169	0.005140364651432232
361	361	0.1002384961293094	0.025474170042376024	0.008127983779719659	0.8186795922535042	0.047479757795090685
362	362	0.079010321536895	0.5778128055084554	0.042467063068079215	0.2749954492455589	0.025714360641011395
363	363	0.5391489189547136	0.10315200031972512	0.012323814495119568	0.3379130357980616	0.0074622304323801614
364	364	0.030905611624050634	0.9218348700606327	0.01661138105080668	0.020589729354338733	0.010058407910171168
365	365	0.03384977211279201	0.3428107809309031	0.018193830618481743	0.5941290145724711	0.01101660176535197
366	366	0.03741393482827906	0.2736129941977705	0.020109523655533933	0.6566869684302467	0.012176578888169816
367	367	0.30025114840118644	0.351001455523598	0.0077961922033092015	0.25458871681835027	0.08636248705355595
368	368	0.30606680477616577	0.262816790823819	0.18237059592798444	0.18498472532885601	0.06376108314317463
369	369	0.30606680477616577	0.09136135271533516	0.010915157819500627	0.5278956015458236	0.06376108314317463
370	370	0.21860935742263699	0.1877178735664991	0.04861708769258394	0.5403349852432734	0.0047206960750064775
371	371	0.030905611624050634	0.22601677617662322	0.01661138105080668	0.7164078232383482	0.010058407910171168
