0	0	0.14046671641201494	0.005570487934849509	0.010507717702904847	0.013047784773823472	0.007460547326469002	0.00731213753227213	0.056506486967497806	0.49470133872358296	0.010836063366668914	0.04104097091854976	0.15697031138737094	0.019739688822480277	0.018296323094166577	0.0083933076308864	0.009150117406462505
1	1	0.009955630607422671	0.0026806846640435376	0.23562117040701086	0.006278982550901852	0.0035902375226985867	0.003518818310602553	0.20011601191955314	0.06514160685864505	0.005214636352393087	0.019750137263655227	0.4213856035181102	0.009499326040788575	0.008804735473902965	0.004039109555548228	0.004403308954723465
2	2	0.006092601452970555	0.0016405131852652859	0.003094531330158345	0.003842583129217264	0.002197137199023253	0.0021534303950502443	0.016641205942349024	0.11041498315027433	0.0031912293927032352	0.2237363572778131	0.08150284289551311	0.5349377499468515	0.005388281893597694	0.0024718358602510582	0.0026947169489619713
3	3	0.006555060438746419	0.0017650363581112323	0.0033294217675919158	0.004134254447358521	0.0023639109242560605	0.002316886554807469	0.017904356877395618	0.004938515913386996	0.0034334596977247636	0.1648140562412094	0.04973681120633039	0.727352230016575	0.005797279494839556	0.0026594605906326532	0.0028992594710339475
4	4	0.0878524195901267	0.003483963004721294	0.00657186590638662	0.008160505861825344	0.004666067171204198	0.0045732468943150825	0.11025452407945367	0.009748018312143683	0.006777223885560769	0.025668348272247486	0.02326075798080686	0.6116541806816469	0.011443111183082793	0.005249445580936016	0.08063632159554256
5	5	0.008090295350914782	0.0021784185783882237	0.004109192538998856	0.005102521913796394	0.002917553200187253	0.0028595154382040247	0.06893887888033051	0.19345999841180747	0.004237596783374297	0.10973208177526378	0.38927396525966984	0.1950843383406028	0.007155037513891097	0.0032823223909818127	0.0035782836235888718
6	6	0.00892655685328734	0.002403593002082563	0.004533943351812226	0.005629949214832788	0.0032191290162252397	0.0031550921226991876	0.024381813269471968	0.006725177209829638	0.004675620229837596	0.017708644494383086	0.32614565545176716	0.5770304411889522	0.007894625150851967	0.003621602940689206	0.003948156503277893
7	7	0.013986667670113402	0.003766094484903053	0.007104055901863687	0.008821343992054824	0.16700401508704352	0.00494358863266915	0.03820289558445815	0.010537413271710424	0.0073260437793900915	0.10872701705876567	0.025144415204026906	0.580205918837819	0.012369774839267583	0.005674545919222056	0.0061862097366924525
8	8	0.013986667670113402	0.003766094484903053	0.007104055901863687	0.008821343992054824	0.005043925499738505	0.00494358863266915	0.03820289558445815	0.17249750285901547	0.0073260437793900915	0.02774697226511316	0.025144415204026906	0.6611859636314715	0.012369774839267583	0.005674545919222056	0.0061862097366924525
9	9	0.1595811598132768	0.006328509330008893	0.011937587927246704	0.014823302490344695	0.008475764406050634	0.008307159289546603	0.06419578215808426	0.01770696897581835	0.012310614243953915	0.04662574812267007	0.042252436006102484	0.4306601178245796	0.020786051915112614	0.009535452957252373	0.14647334453995203
10	10	0.01668973935051092	0.004493932136296981	0.008476989954291407	0.010526162158208827	0.006018717530116925	0.005898989500672667	0.0455860098186076	0.012573880003544516	0.008741879340546396	0.03310936856390179	0.030003839783292033	0.7889671546858297	0.014760364853239573	0.006771212025484097	0.007381760295456618
11	11	0.01668973935051092	0.004493932136296981	0.008476989954291407	0.010526162158208827	0.006018717530116925	0.005898989500672667	0.0455860098186076	0.012573880003544516	0.008741879340546396	0.03310936856390179	0.030003839783292033	0.6923368584583222	0.11139066108074702	0.006771212025484097	0.007381760295456618
12	12	0.009955630607422671	0.0026806846640435376	0.29326230634826467	0.006278982550901852	0.0035902375226985867	0.003518818310602553	0.20011601191955314	0.0075004709173912614	0.005214636352393087	0.019750137263655227	0.07553878787058747	0.2977050057470575	0.06644587141515676	0.004039109555548228	0.004403308954723465
13	13	0.012037132596422539	0.003241156489497554	0.006113855342817191	0.42574750818651075	0.004340876717659006	0.0042545253292003956	0.03287797569538445	0.0787612749228481	0.0063049013860640366	0.09357207535190162	0.02163965477760728	0.22056328953108392	0.010645610765909329	0.004883597956653995	0.07501656495043983
14	14	0.006555060438746419	0.0017650363581112323	0.0033294217675919158	0.5354693377314763	0.0023639109242560605	0.002316886554807469	0.017904356877395618	0.004938515913386996	0.04138596564659033	0.050956538394612706	0.04973681120633039	0.2719221586301883	0.005797279494839556	0.0026594605906326532	0.0028992594710339475
15	15	0.06716548216738168	0.0014376596415263873	0.00271188481919345	0.003367438149052427	0.03283857874262991	0.0018871533600623427	0.014583479355440531	0.004022526213176666	0.002796625925320008	0.07241830698381761	0.009598567187711576	0.7779225943669555	0.004722007409126737	0.0021661871959815717	0.0023615084826235475
16	16	0.00848787784523315	0.0022854729014380164	0.004311131151673221	0.005353275848208928	0.052204068104976166	0.0030000409976738023	0.07232675166270731	0.0063946809035959245	0.004445845583445476	0.01683838614858883	0.015259011637035141	0.15552825755521116	0.10579293287925869	0.544018135074355	0.0037541317065991134
17	17	0.015219112045258013	0.004097946365111791	0.0077300344368133045	0.009598642490928469	0.005488374296079341	0.005379196180304014	0.04156916873027034	0.01146592433822012	0.007971582921445024	0.030191914884898374	0.11547568624214617	0.7194467975214047	0.01345974564446775	0.006174562246527008	0.0067313116561255335
18	18	0.07173144873656381	0.0028446537367917465	0.00536592463323028	0.006663048219081031	0.0038098410909357915	0.0037340533896471012	0.028855890396863284	0.06912611462906997	0.005533599302004346	0.0209581912124127	0.018992395160638036	0.6829158677648535	0.00934329352618482	0.004286169218116923	0.06583950898360671
19	19	0.008090295350914782	0.0021784185783882237	0.004109192538998856	0.005102521913796394	0.002917553200187253	0.0028595154382040247	0.39682737008800933	0.14661878538213907	0.004237596783374297	0.10973208177526378	0.01454426102232259	0.2419255513702712	0.007155037513891097	0.0032823223909818127	0.050419496653257276
20	20	0.007397298482764365	0.001991820044359052	0.0037572081630722984	0.04749434909603882	0.0026676420235621154	0.0026145756483508535	0.02020482849878326	0.0055730494958169405	0.003874613582886984	0.05750377554497093	0.01329843167977676	0.8208073133442896	0.006542152770682727	0.0030011658894514718	0.003271775735193842
21	21	0.00848787784523315	0.0022854729014380164	0.004311131151673221	0.4967846477244082	0.0030609309173562347	0.0030000409976738023	0.023183614475087374	0.15382409246645573	0.053588982771065406	0.01683838614858883	0.015259011637035141	0.10638512036759123	0.007506658504018814	0.10172990038577569	0.0037541317065991134
22	22	0.12544148326514748	0.004974632332178307	0.009383743907827884	0.011652108892130577	0.0066625186841916696	0.006529983766378651	0.05046218577868992	0.013918863950203007	0.009676967584854914	0.03665096186604035	0.03321324553833863	0.5524607078576506	0.016339229433530868	0.11446200577812658	0.008171361364710613
23	23	0.060609558900796036	0.002403593002082563	0.004533943351812226	0.005629949214832788	0.0032191290162252397	0.0031550921226991876	0.024381813269471968	0.006725177209829638	0.004675620229837596	0.22444065268441787	0.17109664930924107	0.47366443709393474	0.007894625150851967	0.003621602940689206	0.003948156503277893
24	24	0.08246007233647754	0.0017650363581112323	0.0033294217675919158	0.04208676039622409	0.0023639109242560605	0.11617440440140415	0.017904356877395618	0.004938515913386996	0.0034334596977247636	0.01300403244574715	0.12564182310406152	0.46168468837451615	0.005797279494839556	0.040611966539498216	0.07880427136876507
25	25	0.01668973935051092	0.004493932136296981	0.008476989954291407	0.010526162158208827	0.006018717530116925	0.10252928572818011	0.33547689850112994	0.012573880003544516	0.008741879340546396	0.03310936856390179	0.31989472846581435	0.015924784865770102	0.014760364853239573	0.006771212025484097	0.10401205652296405
26	26	0.03971683866030089	0.010694281909332788	0.02017282806332602	0.025049275807710342	0.014322838006350336	0.014037919306981445	0.3384344095178822	0.02992226259180454	0.020803189556442652	0.07879089192346612	0.07140061560194748	0.2678491198870603	0.035125475427232815	0.016113561146933568	0.01756649259322857
27	27	0.006092601452970555	0.0016405131852652859	0.003094531330158345	0.10966746226587035	0.002197137199023253	0.0021534303950502443	0.22829096421565517	0.004590104013621252	0.10901610852935631	0.012086599004506945	0.010952923471077737	0.49966279023463384	0.005388281893597694	0.0024718358602510582	0.0026947169489619713
28	28	0.060609558900796036	0.002403593002082563	0.004533943351812226	0.005629949214832788	0.0032191290162252397	0.10652109621771658	0.07606481531698067	0.2134571853998644	0.004675620229837596	0.017708644494383086	0.01604764316671499	0.47366443709393474	0.007894625150851967	0.003621602940689206	0.003948156503277893
29	29	0.012938876843728698	0.003483963004721294	0.00657186590638662	0.008160505861825344	0.004666067171204198	0.0045732468943150825	0.18516806682585168	0.6839699030297256	0.006777223885560769	0.025668348272247486	0.02326075798080686	0.012345838710462922	0.011443111183082793	0.005249445580936016	0.005722778849144559
30	30	0.013986667670113402	0.003766094484903053	0.16906414548916873	0.008821343992054824	0.005043925499738505	0.00494358863266915	0.6860432539336782	0.010537413271710424	0.0073260437793900915	0.02774697226511316	0.025144415204026906	0.013345605282251418	0.012369774839267583	0.005674545919222056	0.0061862097366924525
31	31	0.009413051619406428	0.00253458812535487	0.004781041952850631	0.005936779818339645	0.00339457061633995	0.22132588656103458	0.080210325746783	0.007091697422222685	0.0049304401797423385	0.34567202474193937	0.2894207886148303	0.008981615519648444	0.008324879937718327	0.0038189792532545546	0.00416332989053486
32	32	0.13289831216796721	0.0028446537367917465	0.18886651492744053	0.49599795567030835	0.0038098410909357915	0.0037340533896471012	0.028855890396863284	0.007959251197666545	0.005533599302004346	0.0209581912124127	0.018992395160638036	0.07124723345081928	0.00934329352618482	0.004286169218116923	0.004672645552203311
33	33	0.012938876843728698	0.3031381339903133	0.00657186590638662	0.008160505861825344	0.004666067171204198	0.0045732468943150825	0.03534098133305566	0.009748018312143683	0.5311720231103467	0.025668348272247486	0.02326075798080686	0.012345838710462922	0.011443111183082793	0.005249445580936016	0.005722778849144559
34	34	0.015219112045258013	0.004097946365111791	0.0077300344368133045	0.009598642490928469	0.005488374296079341	0.005379196180304014	0.04156916873027034	0.09958157877520138	0.007971582921445024	0.030191914884898374	0.11547568624214617	0.014521562025554637	0.6302693267033366	0.006174562246527008	0.0067313116561255335
35	35	0.013986667670113402	0.003766094484903053	0.007104055901863687	0.008821343992054824	0.005043925499738505	0.00494358863266915	0.03820289558445815	0.6583777716209305	0.0073260437793900915	0.02774697226511316	0.025144415204026906	0.17530569486955647	0.012369774839267583	0.005674545919222056	0.0061862097366924525
36	36	0.006813655749097566	0.001834666551314168	0.5557568710046361	0.004297349634943053	0.002457166552455481	0.0024082870847167578	0.01861067877428926	0.005133338992019147	0.04301863047562867	0.013517037907336375	0.20949780156184272	0.04595108163614765	0.006025980557807493	0.002764375570933402	0.08191307794683211
37	37	0.0878524195901267	0.003483963004721294	0.00657186590638662	0.008160505861825344	0.004666067171204198	0.3791409606263051	0.03534098133305566	0.009748018312143683	0.006777223885560769	0.2504089765114415	0.02326075798080686	0.08725938145686092	0.011443111183082793	0.005249445580936016	0.08063632159554256
38	38	0.012037132596422539	0.003241156489497554	0.3545769631523733	0.007591778815043393	0.07403349827957023	0.0042545253292003956	0.24195584038111814	0.0787612749228481	0.0063049013860640366	0.0238794537899904	0.02163965477760728	0.011485424845350235	0.010645610765909329	0.004883597956653995	0.14470918651235107
39	39	0.011252889244806162	0.1333340033747864	0.39662756960479684	0.0070971591857465184	0.004058059885764825	0.0039773344636033405	0.0307359095806211	0.008477812390343762	0.005894124404502237	0.022323659440711883	0.02022978783008725	0.010737126361196917	0.00995202785484782	0.33032545858853457	0.004977077789650323
40	40	0.009413051619406428	0.00253458812535487	0.2227798847832431	0.005936779818339645	0.00339457061633995	0.003327043730642115	0.18920974716197922	0.0615914081298208	0.0049304401797423385	0.12767318191154692	0.01692223507683972	0.1724807476424428	0.17182401206051268	0.0038189792532545546	0.00416332989053486
41	41	0.009413051619406428	0.6565311166165323	0.004781041952850631	0.005936779818339645	0.00339457061633995	0.003327043730642115	0.13471003645438112	0.007091697422222685	0.0049304401797423385	0.07317347120394878	0.07142194578443783	0.008981615519648444	0.008324879937718327	0.0038189792532545546	0.00416332989053486
42	42	0.012938876843728698	0.003483963004721294	0.00657186590638662	0.008160505861825344	0.004666067171204198	0.0045732468943150825	0.11025452407945367	0.3094021892977357	0.006777223885560769	0.025668348272247486	0.09817430072720486	0.38691355244245296	0.011443111183082793	0.005249445580936016	0.005722778849144559
43	43	0.012037132596422539	0.003241156489497554	0.28488434159046205	0.007591778815043393	0.004340876717659006	0.0042545253292003956	0.24195584038111814	0.009068653360936872	0.0063049013860640366	0.0238794537899904	0.02163965477760728	0.011485424845350235	0.010645610765909329	0.004883597956653995	0.35378705119808473
44	44	0.013986667670113402	0.003766094484903053	0.0880841006955162	0.08980138878570734	0.005043925499738505	0.00494358863266915	0.03820289558445815	0.010537413271710424	0.0073260437793900915	0.10872701705876567	0.10612445999767942	0.013345605282251418	0.012369774839267583	0.4105747698874846	0.08716625453034496
45	45	0.011252889244806162	0.003029988638011713	0.0057155253944727105	0.0070971591857465184	0.004058059885764825	0.0039773344636033405	0.09588791694900846	0.008477812390343762	0.4619581759832137	0.022323659440711883	0.02022978783008725	0.07588913372958427	0.2705600573283972	0.004565421746597832	0.004977077789650323
46	46	0.027205078545480457	0.00732532570931226	0.013817901687523159	0.017158151022158938	0.00981079930076191	0.0096156368493467	0.3893314592103629	0.020496029682297152	0.014249684138260502	0.21148189896725636	0.20641973756213217	0.025958165912273012	0.02406010523945294	0.011037401551496214	0.012032624621885337
47	47	0.382819999588262	0.0021784185783882237	0.004109192538998856	0.005102521913796394	0.002917553200187253	0.09654194149754083	0.25630373099900416	0.052936359322802246	0.004237596783374297	0.01604965571592696	0.15506790011132782	0.0077194862219291584	0.007155037513891097	0.0032823223909818127	0.0035782836235888718
48	48	0.008090295350914782	0.0021784185783882237	0.004109192538998856	0.426673439180812	0.002917553200187253	0.0028595154382040247	0.022097665850662102	0.006095146293133836	0.004237596783374297	0.01604965571592696	0.24875032617066462	0.1950843383406028	0.053996250543559506	0.0032823223909818127	0.0035782836235888718
49	49	0.013986667670113402	0.003766094484903053	0.007104055901863687	0.008821343992054824	0.005043925499738505	0.16690367821997418	0.03820289558445815	0.010537413271710424	0.0073260437793900915	0.02774697226511316	0.025144415204026906	0.6611859636314715	0.012369774839267583	0.005674545919222056	0.0061862097366924525
50	50	0.008090295350914782	0.0021784185783882237	0.004109192538998856	0.005102521913796394	0.002917553200187253	0.0028595154382040247	0.11578009190999893	0.006095146293133836	0.004237596783374297	0.01604965571592696	0.15506790011132782	0.10140191228126598	0.24136110266223312	0.3311708135986607	0.0035782836235888718
51	51	0.020687894001980154	0.005570487934849509	0.2500653625229744	0.013047784773823472	0.007460547326469002	0.00731213753227213	0.056506486967497806	0.015586049083443809	0.010836063366668914	0.28059861573861933	0.27674913379740573	0.019739688822480277	0.018296323094166577	0.0083933076308864	0.009150117406462505
52	52	0.013986667670113402	0.003766094484903053	0.007104055901863687	0.008821343992054824	0.005043925499738505	0.00494358863266915	0.03820289558445815	0.010537413271710424	0.16928613336669512	0.5136272410270283	0.025144415204026906	0.17530569486955647	0.012369774839267583	0.005674545919222056	0.0061862097366924525
53	53	0.013986667670113402	0.003766094484903053	0.3310242350764737	0.008821343992054824	0.005043925499738505	0.00494358863266915	0.44310311955272075	0.09151745806536293	0.0073260437793900915	0.02774697226511316	0.025144415204026906	0.013345605282251418	0.012369774839267583	0.005674545919222056	0.0061862097366924525
54	54	0.01847498236969226	0.004974632332178307	0.009383743907827884	0.011652108892130577	0.0066625186841916696	0.4343959873481995	0.2643951875696004	0.013918863950203007	0.009676967584854914	0.03665096186604035	0.14017974643379386	0.017628203380374432	0.016339229433530868	0.007495504882671359	0.008171361364710613
55	55	0.013986667670113402	0.003766094484903053	0.007104055901863687	0.08980138878570734	0.005043925499738505	0.00494358863266915	0.44310311955272075	0.010537413271710424	0.0073260437793900915	0.02774697226511316	0.025144415204026906	0.013345605282251418	0.012369774839267583	0.3295947250938321	0.0061862097366924525
56	56	0.012938876843728698	0.003483963004721294	0.08148540865278461	0.008160505861825344	0.004666067171204198	0.0045732468943150825	0.2600816095722497	0.08466156105854168	0.006777223885560769	0.4751496047506355	0.02326075798080686	0.012345838710462922	0.011443111183082793	0.005249445580936016	0.005722778849144559
57	57	0.009955630607422671	0.0026806846640435376	0.005056626641995732	0.006278982550901852	0.0035902375226985867	0.003518818310602553	0.08483374003704557	0.0075004709173912614	0.005214636352393087	0.019750137263655227	0.01789765192933369	0.8164752292183416	0.008804735473902965	0.004039109555548228	0.004403308954723465
58	58	0.012037132596422539	0.003241156489497554	0.006113855342817191	0.007591778815043393	0.004340876717659006	0.0042545253292003956	0.10257059725729568	0.009068653360936872	0.0063049013860640366	0.09357207535190162	0.02163965477760728	0.6387190189025512	0.08033823232782056	0.004883597956653995	0.0053239433885286175
59	59	0.050226196445807135	0.001991820044359052	0.0037572081630722984	0.004665451132996043	0.0026676420235621154	0.0026145756483508535	0.14869152238791158	0.6480065189414584	0.003874613582886984	0.05750377554497093	0.01329843167977676	0.04988715000951969	0.006542152770682727	0.0030011658894514718	0.003271775735193842
60	60	0.012037132596422539	0.003241156489497554	0.006113855342817191	0.007591778815043393	0.004340876717659006	0.0042545253292003956	0.4510337050668518	0.009068653360936872	0.0063049013860640366	0.37234256159954654	0.02163965477760728	0.011485424845350235	0.08033823232782056	0.004883597956653995	0.0053239433885286175
61	61	0.005691095148786848	0.06743303726416862	0.0028905997506609234	0.036539671930913696	0.0020523444625585602	0.002011517964718547	0.37799803207150384	0.004287613244685545	0.0029809253494866923	0.011290084455851548	0.24088334114792656	0.005430250526487942	0.10388414310473519	0.13411021018647212	0.00251713339104331
62	62	0.3379068468447235	0.003766094484903053	0.007104055901863687	0.008821343992054824	0.005043925499738505	0.00494358863266915	0.20016298517176317	0.010537413271710424	0.0073260437793900915	0.02774697226511316	0.025144415204026906	0.3372657844568615	0.012369774839267583	0.005674545919222056	0.0061862097366924525
63	63	0.01847498236969226	0.004974632332178307	0.009383743907827884	0.011652108892130577	0.0066625186841916696	0.006529983766378651	0.2643951875696004	0.013918863950203007	0.009676967584854914	0.03665096186604035	0.24714624732924906	0.017628203380374432	0.1233057303289861	0.007495504882671359	0.22210436315562107
64	64	0.01668973935051092	0.004493932136296981	0.008476989954291407	0.010526162158208827	0.006018717530116925	0.005898989500672667	0.0455860098186076	0.012573880003544516	0.008741879340546396	0.03310936856390179	0.4165250246933218	0.3058156735482924	0.014760364853239573	0.006771212025484097	0.10401205652296405
65	65	0.027205078545480457	0.00732532570931226	0.013817901687523159	0.017158151022158938	0.00981079930076191	0.0096156368493467	0.3893314592103629	0.020496029682297152	0.1717617185405178	0.05396986456499906	0.20641973756213217	0.025958165912273012	0.02406010523945294	0.011037401551496214	0.012032624621885337
66	66	0.027205078545480457	0.00732532570931226	0.013817901687523159	0.017158151022158938	0.00981079930076191	0.0096156368493467	0.07430739040584824	0.020496029682297152	0.014249684138260502	0.05396986456499906	0.048907703159874874	0.498494269119045	0.18157213964171026	0.011037401551496214	0.012032624621885337
67	67	0.01668973935051092	0.004493932136296981	0.008476989954291407	0.010526162158208827	0.006018717530116925	0.005898989500672667	0.33547689850112994	0.012573880003544516	0.008741879340546396	0.03310936856390179	0.5131553209208293	0.015924784865770102	0.014760364853239573	0.006771212025484097	0.007381760295456618
68	68	0.0070934920361465864	0.1661896905955056	0.2089524929774323	0.004473841434687001	0.0025580821827749685	0.0025071952392745375	0.019375017836818047	0.005344164806616671	0.0037154835183943074	0.014072181554033062	0.012752266173053492	0.2531878818667822	0.29376289735580263	0.002877908250637902	0.003137404172040687
69	69	0.6572532161545097	0.00732532570931226	0.013817901687523159	0.017158151022158938	0.00981079930076191	0.0096156368493467	0.07430739040584824	0.020496029682297152	0.014249684138260502	0.05396986456499906	0.048907703159874874	0.025958165912273012	0.02406010523945294	0.011037401551496214	0.012032624621885337
70	70	0.010564585305160395	0.0028446537367917465	0.00536592463323028	0.06782991165048445	0.0038098410909357915	0.12606778025245394	0.15118961725967012	0.007959251197666545	0.005533599302004346	0.4491262352322366	0.08015925859204145	0.07124723345081928	0.00934329352618482	0.004286169218116923	0.004672645552203311
71	71	0.013986667670113402	0.003766094484903053	0.007104055901863687	0.008821343992054824	0.005043925499738505	0.00494358863266915	0.11918294037811067	0.010537413271710424	0.0073260437793900915	0.6755873306143333	0.10612445999767942	0.013345605282251418	0.012369774839267583	0.005674545919222056	0.0061862097366924525
72	72	0.015219112045258013	0.004097946365111791	0.0077300344368133045	0.09771429692790974	0.005488374296079341	0.005379196180304014	0.21780047760423288	0.09958157877520138	0.007971582921445024	0.11830756932187964	0.20359134067912743	0.10263721646253589	0.10157540008144902	0.006174562246527008	0.0067313116561255335
73	73	0.12544148326514748	0.004974632332178307	0.22331674569873836	0.011652108892130577	0.0066625186841916696	0.006529983766378651	0.05046218577868992	0.013918863950203007	0.009676967584854914	0.03665096186604035	0.14017974643379386	0.3385277060667401	0.016339229433530868	0.007495504882671359	0.008171361364710613
74	74	0.012938876843728698	0.15331104849751728	0.00657186590638662	0.008160505861825344	0.004666067171204198	0.0045732468943150825	0.03534098133305566	0.3094021892977357	0.006777223885560769	0.3253225192578395	0.09817430072720486	0.012345838710462922	0.011443111183082793	0.005249445580936016	0.005722778849144559
75	75	0.013986667670113402	0.003766094484903053	0.007104055901863687	0.33274152316666483	0.005043925499738505	0.00494358863266915	0.03820289558445815	0.010537413271710424	0.0073260437793900915	0.02774697226511316	0.10612445999767942	0.013345605282251418	0.0933498196329201	0.005674545919222056	0.3301063889113025
76	76	0.011252889244806162	0.003029988638011713	0.0057155253944727105	0.07224916655413388	0.004058059885764825	0.0039773344636033405	0.4867999611593326	0.008477812390343762	0.005894124404502237	0.022323659440711883	0.345989824672024	0.010737126361196917	0.00995202785484782	0.004565421746597832	0.004977077789650323
77	77	0.011252889244806162	0.003029988638011713	0.0057155253944727105	0.0070971591857465184	0.004058059885764825	0.0039773344636033405	0.5519519685277199	0.008477812390343762	0.005894124404502237	0.022323659440711883	0.08538179519847461	0.010737126361196917	0.00995202785484782	0.004565421746597832	0.2655851072631997
78	78	0.09496671246376592	0.003766094484903053	0.007104055901863687	0.008821343992054824	0.005043925499738505	0.00494358863266915	0.2811430299654157	0.010537413271710424	0.0073260437793900915	0.02774697226511316	0.43004463917228947	0.013345605282251418	0.0933498196329201	0.005674545919222056	0.0061862097366924525
79	79	0.008090295350914782	0.0021784185783882237	0.004109192538998856	0.005102521913796394	0.04975876622985566	0.0028595154382040247	0.20946251796933574	0.09977757235247066	0.004237596783374297	0.10973208177526378	0.01454426102232259	0.05456069925159756	0.42872595478090675	0.0032823223909818127	0.0035782836235888718
80	80	0.2602455388220497	0.005570487934849509	0.010507717702904847	0.013047784773823472	0.007460547326469002	0.00731213753227213	0.1762853093775326	0.1353648714934786	0.010836063366668914	0.04104097091854976	0.03719148897733618	0.019739688822480277	0.25785396791423615	0.0083933076308864	0.009150117406462505
81	81	0.4317373529600668	0.006328509330008893	0.011937587927246704	0.014823302490344695	0.008475764406050634	0.008307159289546603	0.06419578215808426	0.01770696897581835	0.012310614243953915	0.18270384469606507	0.042252436006102484	0.15850392467778954	0.020786051915112614	0.009535452957252373	0.010395247966557013
82	82	0.3558024462549454	0.0026806846640435376	0.005056626641995732	0.006278982550901852	0.0035902375226985867	0.003518818310602553	0.08483374003704557	0.0075004709173912614	0.005214636352393087	0.019750137263655227	0.47902673945936397	0.009499326040788575	0.008804735473902965	0.004039109555548228	0.004403308954723465
83	83	0.02350306323988177	0.2784847024767989	0.14801568450064173	0.014823302490344695	0.008475764406050634	0.008307159289546603	0.06419578215808426	0.01770696897581835	0.012310614243953915	0.04662574812267007	0.3144086291528925	0.022425828104394516	0.020786051915112614	0.009535452957252373	0.010395247966557013
84	84	0.580846981225681	0.003766094484903053	0.007104055901863687	0.008821343992054824	0.005043925499738505	0.00494358863266915	0.03820289558445815	0.010537413271710424	0.0073260437793900915	0.02774697226511316	0.025144415204026906	0.25628573966320894	0.012369774839267583	0.005674545919222056	0.0061862097366924525
85	85	0.01847498236969226	0.004974632332178307	0.009383743907827884	0.011652108892130577	0.0066625186841916696	0.006529983766378651	0.05046218577868992	0.12088536484565823	0.009676967584854914	0.03665096186604035	0.67501225091107	0.017628203380374432	0.016339229433530868	0.007495504882671359	0.008171361364710613
86	86	0.027205078545480457	0.00732532570931226	0.013817901687523159	0.17467018542441626	0.00981079930076191	0.0096156368493467	0.07430739040584824	0.020496029682297152	0.014249684138260502	0.05396986456499906	0.5214438063666468	0.025958165912273012	0.02406010523945294	0.011037401551496214	0.012032624621885337
87	87	0.16276596233652468	0.003483963004721294	0.00657186590638662	0.008160505861825344	0.004666067171204198	0.0045732468943150825	0.03534098133305566	0.009748018312143683	0.006777223885560769	0.025668348272247486	0.02326075798080686	0.012345838710462922	0.011443111183082793	0.005249445580936016	0.6799446635667266
88	88	0.013986667670113402	0.003766094484903053	0.007104055901863687	0.008821343992054824	0.16700401508704352	0.00494358863266915	0.03820289558445815	0.010537413271710424	0.0073260437793900915	0.02774697226511316	0.025144415204026906	0.25628573966320894	0.4172699988075302	0.005674545919222056	0.0061862097366924525
89	89	0.23240798416060268	0.004974632332178307	0.009383743907827884	0.011652108892130577	0.0066625186841916696	0.006529983766378651	0.3713616884650556	0.013918863950203007	0.009676967584854914	0.03665096186604035	0.03321324553833863	0.017628203380374432	0.23027223122444132	0.007495504882671359	0.008171361364710613
90	90	0.012938876843728698	0.003483963004721294	0.00657186590638662	0.15798759135462134	0.15449315266400018	0.07948678964071308	0.4099086950650457	0.009748018312143683	0.006777223885560769	0.10058189101864548	0.02326075798080686	0.012345838710462922	0.011443111183082793	0.005249445580936016	0.005722778849144559
91	91	0.03971683866030089	0.010694281909332788	0.02017282806332602	0.025049275807710342	0.014322838006350336	0.014037919306981445	0.10848175391529435	0.02992226259180454	0.020803189556442652	0.07879089192346612	0.5313059268071231	0.03789646428447251	0.035125475427232815	0.016113561146933568	0.01756649259322857
92	92	0.14046671641201494	0.005570487934849509	0.010507717702904847	0.13282660718385825	0.007460547326469002	0.00731213753227213	0.056506486967497806	0.015586049083443809	0.010836063366668914	0.04104097091854976	0.03719148897733618	0.13951851123251505	0.13807514550420136	0.0083933076308864	0.24870776222653207
93	93	0.406212505489244	0.008694872815322606	0.016401304531061638	0.020366048801641078	0.01164503197835138	0.011413381842818886	0.08819994283612985	0.02432797917505597	0.01691381327702455	0.0640601014718443	0.0580515154601348	0.21777189444404557	0.028558396347397513	0.013100960491067919	0.014282251038859915
94	94	0.05763101503285308	0.0022854729014380164	0.004311131151673221	0.005353275848208928	0.0030609309173562347	0.0030000409976738023	0.023183614475087374	0.694398601530275	0.004445845583445476	0.01683838614858883	0.16268842319989493	0.008098845992351365	0.007506658504018814	0.0034436260105358287	0.0037541317065991134
95	95	0.012037132596422539	0.003241156489497554	0.006113855342817191	0.007591778815043393	0.004340876717659006	0.0042545253292003956	0.03287797569538445	0.009068653360936872	0.0063049013860640366	0.0238794537899904	0.16102489790142974	0.011485424845350235	0.35910871857546545	0.35334670576621013	0.0053239433885286175
96	96	0.27956607535620176	0.004097946365111791	0.0077300344368133045	0.009598642490928469	0.18171968317004186	0.005379196180304014	0.04156916873027034	0.01146592433822012	0.007971582921445024	0.030191914884898374	0.02736003180516492	0.014521562025554637	0.01345974564446775	0.006174562246527008	0.3591939294040506
97	97	0.013986667670113402	0.003766094484903053	0.007104055901863687	0.008821343992054824	0.005043925499738505	0.00494358863266915	0.11918294037811067	0.010537413271710424	0.0073260437793900915	0.3516671514397232	0.025144415204026906	0.09432565007590392	0.012369774839267583	0.005674545919222056	0.3301063889113025
98	98	0.01847498236969226	0.004974632332178307	0.009383743907827884	0.011652108892130577	0.0066625186841916696	0.006529983766378651	0.05046218577868992	0.013918863950203007	0.009676967584854914	0.7854164681342269	0.03321324553833863	0.017628203380374432	0.016339229433530868	0.007495504882671359	0.008171361364710613
99	99	0.02350306323988177	0.006328509330008893	0.011937587927246704	0.014823302490344695	0.008475764406050634	0.14438525586294162	0.06419578215808426	0.5620193552693985	0.012310614243953915	0.04662574812267007	0.042252436006102484	0.022425828104394516	0.020786051915112614	0.009535452957252373	0.010395247966557013
100	100	0.01668973935051092	0.004493932136296981	0.008476989954291407	0.010526162158208827	0.006018717530116925	0.005898989500672667	0.14221630604611504	0.012573880003544516	0.008741879340546396	0.4196305534739316	0.030003839783292033	0.11255508109327754	0.11139066108074702	0.006771212025484097	0.10401205652296405
101	101	0.020687894001980154	0.005570487934849509	0.010507717702904847	0.013047784773823472	0.007460547326469002	0.00731213753227213	0.056506486967497806	0.015586049083443809	0.010836063366668914	0.28059861573861933	0.5163067786174753	0.019739688822480277	0.018296323094166577	0.0083933076308864	0.009150117406462505
102	102	0.14046671641201494	0.005570487934849509	0.010507717702904847	0.013047784773823472	0.24701819214653856	0.00731213753227213	0.056506486967497806	0.1353648714934786	0.010836063366668914	0.04104097091854976	0.03719148897733618	0.019739688822480277	0.25785396791423615	0.0083933076308864	0.009150117406462505
103	103	0.013986667670113402	0.003766094484903053	0.007104055901863687	0.008821343992054824	0.005043925499738505	0.00494358863266915	0.11918294037811067	0.010537413271710424	0.0073260437793900915	0.02774697226511316	0.7539648183468995	0.013345605282251418	0.012369774839267583	0.005674545919222056	0.0061862097366924525
104	104	0.051577138664611125	0.013887823894388494	0.32481831862123406	0.032529526905014185	0.018599944679451412	0.018229943144556372	0.14087673271594092	0.03885769207504989	0.027015468214778203	0.10231954242387867	0.09272237106125059	0.0492131614506479	0.04561469587914711	0.02092541616326587	0.022812224106785198
105	105	0.46242013332211673	0.0783975057511193	0.00657186590638662	0.008160505861825344	0.004666067171204198	0.0045732468943150825	0.03534098133305566	0.009748018312143683	0.006777223885560769	0.025668348272247486	0.32291492896639884	0.012345838710462922	0.011443111183082793	0.005249445580936016	0.005722778849144559
106	106	0.012938876843728698	0.003483963004721294	0.00657186590638662	0.008160505861825344	0.004666067171204198	0.0045732468943150825	0.03534098133305566	0.2344886465513377	0.006777223885560769	0.025668348272247486	0.47274201445919484	0.16217292420325893	0.011443111183082793	0.005249445580936016	0.005722778849144559
107	107	0.006555060438746419	0.0017650363581112323	0.0033294217675919158	0.04208676039622409	0.0023639109242560605	0.002316886554807469	0.09380936877512674	0.004938515913386996	0.0034334596977247636	0.01300403244574715	0.20154683500179263	0.006254616988129398	0.27146482113689846	0.230374496283826	0.11675677731763064
108	108	0.005028351973307022	0.0013539499959156044	0.03166714702857326	0.003171364582033376	0.0018133434881003419	0.0017772713445831474	0.21752649404517235	0.0037883092719487705	0.00263378865956362	0.009975324075276733	0.03815284315260683	0.6452875202538639	0.004447062244518919	0.031153223375590674	0.0022240065089454146
109	109	0.009413051619406428	0.00253458812535487	0.004781041952850631	0.005936779818339645	0.00339457061633995	0.003327043730642115	0.080210325746783	0.007091697422222685	0.0049304401797423385	0.018673760496350666	0.18042136719963406	0.4994790118880315	0.11732430135291456	0.058318689960852675	0.00416332989053486
110	110	0.006555060438746419	0.0017650363581112323	0.0033294217675919158	0.15594427824282076	0.0023639109242560605	0.1541269103502697	0.017904356877395618	0.004938515913386996	0.0034334596977247636	0.20276656219007497	0.04973681120633039	0.385779676476785	0.005797279494839556	0.0026594605906326532	0.0028992594710339475
111	111	0.06759676654867645	0.0026806846640435376	0.5814679860545335	0.006278982550901852	0.0035902375226985867	0.003518818310602553	0.027192604095791766	0.0075004709173912614	0.005214636352393087	0.13503240914616282	0.01789765192933369	0.12478159792329616	0.008804735473902965	0.004039109555548228	0.004403308954723465
112	112	0.012938876843728698	0.003483963004721294	0.08148540865278461	0.008160505861825344	0.004666067171204198	0.0045732468943150825	0.03534098133305566	0.009748018312143683	0.006777223885560769	0.10058189101864548	0.09817430072720486	0.6116541806816469	0.011443111183082793	0.005249445580936016	0.005722778849144559
113	113	0.012938876843728698	0.003483963004721294	0.00657186590638662	0.008160505861825344	0.004666067171204198	0.0045732468943150825	0.11025452407945367	0.009748018312143683	0.006777223885560769	0.1754954337650435	0.02326075798080686	0.31200000969605496	0.3110972821686748	0.005249445580936016	0.005722778849144559
114	114	0.012037132596422539	0.003241156489497554	0.3545769631523733	0.007591778815043393	0.07403349827957023	0.0042545253292003956	0.03287797569538445	0.14845389648475935	0.0063049013860640366	0.0238794537899904	0.30041014102525215	0.011485424845350235	0.010645610765909329	0.004883597956653995	0.0053239433885286175
115	115	0.012938876843728698	0.003483963004721294	0.00657186590638662	0.3827282195938153	0.004666067171204198	0.0045732468943150825	0.03534098133305566	0.009748018312143683	0.006777223885560769	0.1754954337650435	0.24800138622000087	0.012345838710462922	0.0863566539294808	0.005249445580936016	0.005722778849144559
116	116	0.012037132596422539	0.003241156489497554	0.006113855342817191	0.007591778815043393	0.004340876717659006	0.0042545253292003956	0.10257059725729568	0.0787612749228481	0.0063049013860640366	0.0238794537899904	0.43979538414907465	0.011485424845350235	0.28941609701355425	0.004883597956653995	0.0053239433885286175
117	117	0.051577138664611125	0.013887823894388494	0.026196867257703395	0.032529526905014185	0.018599944679451412	0.018229943144556372	0.4394981840794716	0.03885769207504989	0.027015468214778203	0.10231954242387867	0.09272237106125059	0.0492131614506479	0.04561469587914711	0.02092541616326587	0.022812224106785198
118	118	0.015219112045258013	0.004097946365111791	0.2720769977477571	0.009598642490928469	0.005488374296079341	0.005379196180304014	0.04156916873027034	0.01146592433822012	0.007971582921445024	0.2064232237588609	0.02736003180516492	0.19075287089951717	0.01345974564446775	0.18240587112048953	0.0067313116561255335
119	119	0.015219112045258013	0.004097946365111791	0.0077300344368133045	0.45017691467583476	0.005488374296079341	0.005379196180304014	0.30591613204121415	0.01146592433822012	0.007971582921445024	0.030191914884898374	0.02736003180516492	0.014521562025554637	0.01345974564446775	0.09429021668350827	0.0067313116561255335
120	120	0.10333476648223927	0.004097946365111791	0.0077300344368133045	0.45017691467583476	0.005488374296079341	0.005379196180304014	0.04156916873027034	0.01146592433822012	0.007971582921445024	0.2945388781958422	0.02736003180516492	0.014521562025554637	0.01345974564446775	0.006174562246527008	0.0067313116561255335
121	121	0.00892655685328734	0.05408659504959126	0.36631495768437305	0.005629949214832788	0.0032191290162252397	0.0031550921226991876	0.024381813269471968	0.05840817925733833	0.004675620229837596	0.017708644494383086	0.11941364726173237	0.008517418666356517	0.007894625150851967	0.003621602940689206	0.3140461687883301
122	122	0.009955630607422671	0.0026806846640435376	0.005056626641995732	0.06392011849215565	0.0035902375226985867	0.003518818310602553	0.027192604095791766	0.06514160685864505	0.005214636352393087	0.3079558169699242	0.01789765192933369	0.18242273386454994	0.2970104151801719	0.004039109555548228	0.004403308954723465
123	123	0.01847498236969226	0.004974632332178307	0.009383743907827884	0.5464846133694067	0.11362901957964688	0.006529983766378651	0.05046218577868992	0.013918863950203007	0.009676967584854914	0.14361746276149556	0.03321324553833863	0.017628203380374432	0.016339229433530868	0.007495504882671359	0.008171361364710613
124	124	0.011252889244806162	0.003029988638011713	0.0057155253944727105	0.463161210764458	0.004058059885764825	0.0039773344636033405	0.22619193168578317	0.008477812390343762	0.005894124404502237	0.08747566680909924	0.02022978783008725	0.07588913372958427	0.00995202785484782	0.004565421746597832	0.07012908515803767
125	125	0.011252889244806162	0.003029988638011713	0.33147556223640945	0.20255318129090857	0.004058059885764825	0.0039773344636033405	0.0307359095806211	0.008477812390343762	0.005894124404502237	0.022323659440711883	0.345989824672024	0.010737126361196917	0.00995202785484782	0.004565421746597832	0.004977077789650323
