0	0	0.011502586127538102	0.011273991747261458	0.01949560170625743	0.01782120682644722	0.006264214968277085	0.4976931631650326	0.020168300825066127	0.009159777148587666	0.010077474230458865	0.008894734497708109	0.15629024581952172	0.009296434635080146	0.0054540871828259695	0.01648984119653018	0.20011833992340738
1	1	0.005520785587169217	0.005411069341974774	0.009357116366676915	0.008553473167035459	0.003006574984820017	0.00774427794799815	0.009679985290103561	0.004396330103761462	0.004836788342179027	0.004269120132826503	0.13279530568904416	0.004461920282651775	0.17596428637214742	0.007914470415880087	0.6160884959757315
2	2	0.003375380377484182	0.0033083004202438112	0.0057208936074824	0.005229550220977281	0.17847686798735035	0.004734812357902066	0.0059182940338214605	0.002687893983723479	0.0029571879223453945	0.002610118451068831	0.010534912765276789	0.002727995487266123	0.0016004765058811143	0.46409939162787317	0.3060179242513036
3	3	0.0036320011055719094	0.11760062526977849	0.006155837145300439	0.005627138295563052	0.001977958298947509	0.08112198957866536	0.006368245373862286	0.0028922470444116668	0.0031820146478862155	0.002808558455572185	0.08736305539528731	0.002935397353091998	0.0017221562575814658	0.5373971714807275	0.13921560429775265
4	4	0.007180376919733863	0.007037679113004154	0.012169938740367085	0.01112471410860134	0.003910374943490653	0.08522422404385074	0.313197686855226	0.005717901322222173	0.006290764752490215	0.005552451038953746	0.022410702205830902	0.005803208421950838	0.003404660594718086	0.4612053555332229	0.04976996140633732
5	5	0.004484328481451496	0.004395210062444821	0.007600437069112915	0.006947667634007061	0.0024421288643019256	0.14709332623713883	0.1017313166264953	0.0035709751786011288	0.003928742998459282	0.00346764725782224	0.20173330530200184	0.0036242516376588595	0.0021262973580968765	0.1941658798180023	0.3126884854744051
6	6	0.004948872322440757	0.0048505218828897596	0.008387787113581567	0.007667395508976142	0.0026951156665636434	0.006942027033835183	0.008677209162979009	0.003940902255175977	0.004335732221107218	0.15921596911897376	0.11903867710456456	0.00399969776820742	0.0023465663116093815	0.5250582514863705	0.13789527504272509
7	7	0.007763845058606314	0.007609551812717284	0.013158852217529913	0.012028693984448066	0.004228126952344323	0.010890727982404508	0.013612900695983652	0.16869994308264424	0.0068019441575897345	0.24977975477167055	0.34926659186623793	0.006274769630407578	0.0036813189098593145	0.0923887747973144	0.05381420408024219
8	8	0.007763845058606314	0.08886825806097882	0.013158852217529913	0.012028693984448066	0.004228126952344323	0.010890727982404508	0.013612900695983652	0.00618253058612117	0.0068019441575897345	0.006003636026885943	0.02423176687319178	0.006274769630407578	0.0036813189098593145	0.7424584247834067	0.05381420408024219
9	9	0.013076908316055206	0.012817026953786032	0.02216390238267428	0.02026033842884916	0.007121578043750124	0.1552104264980133	0.022928671679197276	0.010413446562318011	0.285190351737487	0.010112128371176763	0.17768119209145616	0.14743561083591034	0.006200570658352654	0.018746753041656017	0.0906410943993177
10	10	0.00927045549896174	0.009086220927173238	0.015712389026208	0.11139025649571765	0.005048614759798536	0.013004124676633104	0.01625454773521143	0.007382279558254699	0.008121893229883416	0.007168669673219944	0.22298873093757252	0.007492418020430219	0.004395696059584082	0.4984266013633717	0.06425710203797971
11	11	0.00927045549896174	0.009086220927173238	0.015712389026208	0.014362918302940989	0.005048614759798536	0.4011134774477398	0.1132818859279881	0.007382279558254699	0.008121893229883416	0.007168669673219944	0.22298873093757252	0.007492418020430219	0.004395696059584082	0.013289910399488349	0.1612844402307564
12	12	0.005520785587169217	0.06319324955049502	0.009357116366676915	0.008553473167035459	0.003006574984820017	0.06552645815651839	0.009679985290103561	0.004396330103761462	0.06261896855069927	0.004269120132826503	0.3061418463146049	0.004461920282651775	0.0026177457465866934	0.2968253714584813	0.1538310543075695
13	13	0.006678476360997763	0.0065457529761861035	0.011319273222128421	0.010347108658455508	0.21333379012752693	0.009368227834984862	0.570901169778445	0.0053182262215273795	0.07574996250313339	0.005164340733609355	0.02084421842865451	0.005397570447510476	0.0031666785118974077	0.009574109109601107	0.04629109508534191
14	14	0.0036320011055719094	0.0035598212468265274	0.006155837145300439	0.005627138295563052	0.001977958298947509	0.005094786896697373	0.5765722654886222	0.0028922470444116668	0.0031820146478862155	0.002808558455572185	0.3534582647821753	0.002935397353091998	0.0017221562575814658	0.00520675270695159	0.025174800274800662
15	15	0.002957459082341497	0.0028986846016616397	0.005012563582883933	0.004582055670157644	0.001610608192475736	0.09700950664770172	0.5623511214457988	0.002355093525921087	0.0025910449493249605	0.0022869477379773647	0.04018418135324661	0.0023902298787478273	0.03235595854398642	0.22091525540027354	0.02049928938750108
16	16	0.3494245159901564	0.004611654915767599	0.007974725320013505	0.007289809848056688	0.002562393019215861	0.05584578458942187	0.1559867605848866	0.0037468300723992346	0.004122216391076017	0.003638413703892163	0.014685299419570575	0.0038027301638209427	0.0022310081940421986	0.25297332133457445	0.13110453645310588
17	17	0.008450523679960176	0.008282583861712796	0.014322695961335213	0.013092580105252622	0.0046020865515671965	0.011853965916707116	0.014816903070062852	0.006729348760274412	0.007403546791516863	0.006534631748584756	0.026374962177045318	0.006829745950336201	0.0040069156953057095	0.7196799828546883	0.14701952687565062
18	18	0.005859351703187922	0.00574290703095839	0.00993094820553035	0.009078021013154273	0.003190955341393772	0.008219201319830716	0.010273617296100193	0.004665938184797231	0.0051334078390169345	0.004530926971611822	0.018287645287601368	0.1273869780198543	0.06410399451845851	0.6216569674204534	0.10193913984805086
19	19	0.004484328481451496	0.004395210062444821	0.007600437069112915	0.006947667634007061	0.0024421288643019256	0.006290388500360431	0.007862691468643051	0.0035709751786011288	0.003928742998459282	0.00346764725782224	0.24866761788092798	0.0036242516376588595	0.0021262973580968765	0.5227060678704852	0.1718855477376267
20	20	0.004099512846713543	0.004018041985444609	0.0069482174498021855	0.049258182357280494	0.002232561395523627	0.005750588649942024	0.007187966898226388	0.003264537528979601	0.08940503997196077	0.003170076532108082	0.09860844132775452	0.003313242152032523	0.0019438324760343484	0.6923844539885412	0.028415304439655988
21	21	0.1524420280110667	0.004611654915767599	0.007974725320013505	0.007289809848056688	0.002562393019215861	0.006600162594649444	0.45146049255352116	0.0037468300723992346	0.004122216391076017	0.003638413703892163	0.06393092141434299	0.0038027301638209427	0.0022310081940421986	0.25297332133457445	0.03261329246356102
22	22	0.010266595979116033	0.010062564805658607	0.017400736136087426	0.01590626041124526	0.005591104773531195	0.01440146000722375	0.1254543916105544	0.00817552941578507	0.008994616972819681	0.007938966456495437	0.03204311246157788	0.008297502612576087	0.004868027843485835	0.6594373946653022	0.07116173584854116
23	23	0.004948872322440757	0.0048505218828897596	0.008387787113581567	0.007667395508976142	0.0026951156665636434	0.006942027033835183	0.008677209162979009	0.003940902255175977	0.004335732221107218	0.003826870312736186	0.3780205084482939	0.00399969776820742	0.0023465663116093815	0.36966915268013295	0.18969164131147095
24	24	0.0036320011055719094	0.0035598212468265274	0.006155837145300439	0.005627138295563052	0.001977958298947509	0.005094786896697373	0.04438184671484628	0.15494665240834765	0.0031820146478862155	0.002808558455572185	0.2014038594182393	0.002935397353091998	0.0017221562575814658	0.4993835701397435	0.06318840161578466
25	25	0.00927045549896174	0.009086220927173238	0.015712389026208	0.11139025649571765	0.005048614759798536	0.20705880106218644	0.01625454773521143	0.007382279558254699	0.008121893229883416	0.007168669673219944	0.028934054552019185	0.007492418020430219	0.004395696059584082	0.013289910399488349	0.5493937930018631
26	26	0.02218682963137592	0.2539598467450646	0.269818146559848	0.03437453763004551	0.012082767191174697	0.031122559052027536	0.038901743433922255	0.017667889012414756	0.019437994324640308	0.017156659965754138	0.0692473998675128	0.017931481593860585	0.010520147537111323	0.031806525351717886	0.15378547210352972
27	27	0.003375380377484182	0.0033083004202438112	0.18235955685984323	0.005229550220977281	0.0018382047349895082	0.004734812357902066	0.1825569572861823	0.002687893983723479	0.0029571879223453945	0.002610118451068831	0.04586264541574896	0.002727995487266123	0.0016004765058811143	0.3227884610259845	0.2353624589503593
28	28	0.004948872322440757	0.0048505218828897596	0.008387787113581567	0.007667395508976142	0.0026951156665636434	0.006942027033835183	0.008677209162979009	0.05573726852392183	0.004335732221107218	0.003826870312736186	0.3780205084482939	0.00399969776820742	0.0023465663116093815	0.2660764201426412	0.2414880075802168
29	29	0.007180376919733863	0.007037679113004154	0.012169938740367085	0.01112471410860134	0.003910374943490653	0.5361359574450755	0.012589864587742862	0.005717901322222173	0.006290764752490215	0.005552451038953746	0.022410702205830902	0.005803208421950838	0.07855661616158886	0.010293622131998222	0.2752258281069497
30	30	0.007763845058606314	0.08886825806097882	0.013158852217529913	0.012028693984448066	0.08548683320060586	0.010890727982404508	0.013612900695983652	0.00618253058612117	0.0068019441575897345	0.006003636026885943	0.02423176687319178	0.41256830087171525	0.0036813189098593145	0.011130068549052869	0.2975903228250268
31	31	0.05984499170066428	0.005115485440403328	0.2819748933097745	0.06271201634582176	0.11209390517288413	0.0073212406986016	0.009151208510806402	0.004156177127974319	0.004572574990084966	0.004035916101351729	0.23479282479227018	0.004218184391962623	0.0024747493345658915	0.007482136269605063	0.20005369581322924
32	32	0.005859351703187922	0.00574290703095839	0.00993094820553035	0.009078021013154273	0.003190955341393772	0.008219201319830716	0.623530753754291	0.004665938184797231	0.0051334078390169345	0.004530926971611822	0.018287645287601368	0.0047355507282161495	0.0027782808726394296	0.008399830962262655	0.28591628078550807
33	33	0.15748428805347542	0.1573415902467457	0.012169938740367085	0.01112471410860134	0.003910374943490653	0.010072268476979968	0.38834964242209674	0.005717901322222173	0.006290764752490215	0.005552451038953746	0.09756265777270169	0.08095516398882162	0.003404660594718086	0.010293622131998222	0.04976996140633732
34	34	0.008450523679960176	0.008282583861712796	0.014322695961335213	0.013092580105252622	0.0046020865515671965	0.011853965916707116	0.10326259153633005	0.006729348760274412	0.53807767758912	0.006534631748584756	0.026374962177045318	0.006829745950336201	0.0040069156953057095	0.012114475124550597	0.23546521534191783
35	35	0.007763845058606314	0.007609551812717284	0.013158852217529913	0.0932874002327096	0.004228126952344323	0.2546668467271891	0.013612900695983652	0.0874412368343827	0.0068019441575897345	0.006003636026885943	0.10549047312145332	0.006274769630407578	0.08494002515812085	0.011130068549052869	0.2975903228250268
36	36	0.0037755223053411403	0.6754680159192958	0.006399089585758713	0.005849498811425126	0.002056118778503242	0.005296111154793221	0.12516710170191733	0.04252227312404556	0.0033077543012269835	0.002919540712308659	0.011783797285617782	0.00305139174231971	0.0017902085309959754	0.005412501376536787	0.10520107466991384
37	37	0.007180376919733863	0.23249354581361648	0.012169938740367085	0.01112471410860134	0.003910374943490653	0.010072268476979968	0.08774182015461365	0.005717901322222173	0.006290764752490215	0.005552451038953746	0.47332243560705556	0.005803208421950838	0.003404660594718086	0.010293622131998222	0.1249219169732081
38	38	0.006678476360997763	0.42593924527884647	0.011319273222128421	0.010347108658455508	0.0036370439761967592	0.009368227834984862	0.011709846708231018	0.0053182262215273795	0.005851047119356656	0.005164340733609355	0.02084421842865451	0.005397570447510476	0.0031666785118974077	0.289169770644708	0.18608892585289538
39	39	0.00624215639904838	0.5287761936308423	0.010579759507530817	0.009671108653048743	0.003399427669194466	0.2700852250760899	0.07627707713184698	0.004970774476969829	0.005468784980736114	0.004826942675941387	0.01948241850603018	0.005044934965257299	0.0029597922442621675	0.008948610912617701	0.0432667931705839
40	40	0.005219208349757704	0.3328701855458428	0.17272332660796133	0.06271201634582176	0.2213454718746973	0.0073212406986016	0.009151208510806402	0.004156177127974319	0.05919835834099154	0.004035916101351729	0.016289691388643886	0.004218184391962623	0.0024747493345658915	0.06210791962051163	0.036176345760509494
41	41	0.05984499170066428	0.6059991023003757	0.0088459765552416	0.06271201634582176	0.0028423384710709832	0.0073212406986016	0.009151208510806402	0.004156177127974319	0.004572574990084966	0.004035916101351729	0.016289691388643886	0.004218184391962623	0.0024747493345658915	0.007482136269605063	0.20005369581322924
42	42	0.007180376919733863	0.007037679113004154	0.012169938740367085	0.01112471410860134	0.003910374943490653	0.010072268476979968	0.012589864587742862	0.005717901322222173	0.006290764752490215	0.005552451038953746	0.32301852447331403	0.005803208421950838	0.003404660594718086	0.5363573111000937	0.04976996140633732
43	43	0.006678476360997763	0.07644466835996283	0.011319273222128421	0.010347108658455508	0.0036370439761967592	0.009368227834984862	0.22140659285956119	0.0053182262215273795	0.005851047119356656	0.005164340733609355	0.5101366261150916	0.005397570447510476	0.0031666785118974077	0.07947302449337783	0.04629109508534191
44	44	0.007763845058606314	0.08886825806097882	0.013158852217529913	0.012028693984448066	0.004228126952344323	0.010890727982404508	0.013612900695983652	0.00618253058612117	0.0068019441575897345	0.006003636026885943	0.34926659186623793	0.006274769630407578	0.0036813189098593145	0.41742359979036053	0.05381420408024219
45	45	0.00624215639904838	0.006118104133078887	0.07591202069475123	0.009671108653048743	0.003399427669194466	0.008756180327208244	0.010944815944626556	0.13563529685141065	0.39746235210405856	0.004826942675941387	0.01948241850603018	0.005044934965257299	0.0029597922442621675	0.13961313328705852	0.17393131554502472
46	46	0.015150510211171588	0.014849419529980664	0.02567842652501008	0.02347301493818743	0.16682058046622028	0.021252367127240268	0.026564465086734695	0.012064704031165179	0.013273439080439505	0.011715605894100747	0.04728631608123872	0.012244701000679764	0.007183793508678617	0.021719420716226307	0.5807232358029262
47	47	0.004484328481451496	0.004395210062444821	0.007600437069112915	0.006947667634007061	0.19017937918000646	0.006290388500360431	0.19559994178434756	0.0035709751786011288	0.003928742998459282	0.00346764725782224	0.10786468014414959	0.0036242516376588595	0.09599492251594914	0.006428629502297769	0.35962279805333125
48	48	0.004484328481451496	0.004395210062444821	0.007600437069112915	0.006947667634007061	0.0024421288643019256	0.05322470107928656	0.3833371921000521	0.0035709751786011288	0.003928742998459282	0.00346764725782224	0.013996054986297326	0.0036242516376588595	0.0021262973580968765	0.1941658798180023	0.3126884854744051
49	49	0.007763845058606314	0.007609551812717284	0.013158852217529913	0.012028693984448066	0.004228126952344323	0.010890727982404508	0.013612900695983652	0.00618253058612117	0.0068019441575897345	0.006003636026885943	0.02423176687319178	0.16879218212693067	0.0036813189098593145	0.6611997185351453	0.05381420408024219
50	50	0.14528726621822988	0.004395210062444821	0.007600437069112915	0.006947667634007061	0.0024421288643019256	0.006290388500360431	0.007862691468643051	0.0035709751786011288	0.4732718687877206	0.00346764725782224	0.013996054986297326	0.0036242516376588595	0.0021262973580968765	0.10029725466015003	0.21881986031655284
51	51	0.011502586127538102	0.3724424309075086	0.01949560170625743	0.258600166266612	0.1266536946883595	0.016135244284702994	0.020168300825066127	0.009159777148587666	0.010077474230458865	0.008894734497708109	0.035900766099439325	0.009296434635080146	0.0054540871828259695	0.01648984119653018	0.07972886020332497
52	52	0.007763845058606314	0.007609551812717284	0.013158852217529913	0.3370635189774942	0.004228126952344323	0.010890727982404508	0.013612900695983652	0.00618253058612117	0.08806065040585127	0.006003636026885943	0.34926659186623793	0.08753347587866911	0.0036813189098593145	0.011130068549052869	0.05381420408024219
53	53	0.007763845058606314	0.007609551812717284	0.5007110897070991	0.012028693984448066	0.004228126952344323	0.09214943423066604	0.013612900695983652	0.00618253058612117	0.0068019441575897345	0.006003636026885943	0.02423176687319178	0.006274769630407578	0.0036813189098593145	0.011130068549052869	0.2975903228250268
54	54	0.010266595979116033	0.010062564805658607	0.017400736136087426	0.01590626041124526	0.4354040649957584	0.01440146000722375	0.018001151554997614	0.00817552941578507	0.008994616972819681	0.007938966456495437	0.03204311246157788	0.008297502612576087	0.004868027843485835	0.014717954331961412	0.39352145601521155
55	55	0.007763845058606314	0.007609551812717284	0.4194523834588376	0.0932874002327096	0.004228126952344323	0.010890727982404508	0.013612900695983652	0.24995864933090578	0.08806065040585127	0.006003636026885943	0.02423176687319178	0.006274769630407578	0.0036813189098593145	0.011130068549052869	0.05381420408024219
56	56	0.007180376919733863	0.007037679113004154	0.012169938740367085	0.01112471410860134	0.003910374943490653	0.010072268476979968	0.012589864587742862	0.005717901322222173	0.23174663145310256	0.005552451038953746	0.5484743911739264	0.08095516398882162	0.003404660594718086	0.010293622131998222	0.04976996140633732
57	57	0.1210851460042097	0.005411069341974774	0.009357116366676915	0.008553473167035459	0.003006574984820017	0.00774427794799815	0.06746216549862381	0.0621785103122817	0.004836788342179027	0.004269120132826503	0.017230945272003688	0.004461920282651775	0.0026177457465866934	0.5857362725010826	0.09604887409904925
58	58	0.006678476360997763	0.0065457529761861035	0.08121818860590516	0.08024602404223223	0.0036370439761967592	0.009368227834984862	0.011709846708231018	0.0053182262215273795	0.005851047119356656	0.005164340733609355	0.02084421842865451	0.005397570447510476	0.0031666785118974077	0.568765432179815	0.18608892585289538
59	59	0.08991294875571625	0.004018041985444609	0.049854935404303545	0.09216490031178184	0.002232561395523627	0.5206312041039582	0.007187966898226388	0.003264537528979601	0.0035916040629580532	0.003170076532108082	0.09860844132775452	0.003313242152032523	0.0019438324760343484	0.005876966716519615	0.11422874034865871
60	60	0.006678476360997763	0.0065457529761861035	0.011319273222128421	0.4996395163448926	0.0036370439761967592	0.009368227834984862	0.08160876209200775	0.0053182262215273795	0.005851047119356656	0.005164340733609355	0.09074313381243124	0.005397570447510476	0.0031666785118974077	0.009574109109601107	0.2559878412366721
61	61	0.267123505973859	0.0030899766801394885	0.3353069514395981	0.0048844379825841895	0.0017168966063913175	0.004422349216301049	0.005527729718502788	0.0025105125512696605	0.0027620350506632643	0.002437869637489001	0.00983968522713849	0.002547967647556281	0.0014948567095122852	0.13650497523266575	0.2198302503263294
62	62	0.17028125755512938	0.007609551812717284	0.013158852217529913	0.012028693984448066	0.004228126952344323	0.010890727982404508	0.013612900695983652	0.00618253058612117	0.0068019441575897345	0.006003636026885943	0.02423176687319178	0.006274769630407578	0.0036813189098593145	0.41742359979036053	0.2975903228250268
63	63	0.010266595979116033	0.010062564805658607	0.3397604563027578	0.12335950046680205	0.005591104773531195	0.01440146000722375	0.018001151554997614	0.00817552941578507	0.008994616972819681	0.007938966456495437	0.1394963525171347	0.008297502612576087	0.004868027843485835	0.014717954331961412	0.28606821595965476
64	64	0.49440714646284506	0.009086220927173238	0.015712389026208	0.305444932881271	0.005048614759798536	0.013004124676633104	0.01625454773521143	0.007382279558254699	0.008121893229883416	0.007168669673219944	0.028934054552019185	0.007492418020430219	0.004395696059584082	0.013289910399488349	0.06425710203797971
65	65	0.015150510211171588	0.014849419529980664	0.02567842652501008	0.02347301493818743	0.008250844791732815	0.021252367127240268	0.18513420076122217	0.012064704031165179	0.013273439080439505	0.011715605894100747	0.04728631608123872	0.3293841723496547	0.007183793508678617	0.021719420716226307	0.26358376445395126
66	66	0.17372024588565904	0.014849419529980664	0.02567842652501008	0.02347301493818743	0.008250844791732815	0.021252367127240268	0.18513420076122217	0.012064704031165179	0.17184317475492697	0.011715605894100747	0.04728631608123872	0.012244701000679764	0.007183793508678617	0.021719420716226307	0.26358376445395126
67	67	0.1062977936917384	0.009086220927173238	0.015712389026208	0.014362918302940989	0.005048614759798536	0.013004124676633104	0.01625454773521143	0.007382279558254699	0.008121893229883416	0.007168669673219944	0.028934054552019185	0.007492418020430219	0.004395696059584082	0.013289910399488349	0.7434484693874164
68	68	0.003930852852069164	0.45640893024310303	0.04780382995526792	0.006090155805340432	0.002140710532484101	0.005514000965705644	0.0480337157583764	0.003130229648326057	0.003443840183523243	0.0030396549159503856	0.13569301726219174	0.003176930491473801	0.0018638603458676268	0.12905959685830282	0.15067067418201766
69	69	0.015150510211171588	0.014849419529980664	0.02567842652501008	0.02347301493818743	0.008250844791732815	0.021252367127240268	0.026564465086734695	0.012064704031165179	0.013273439080439505	0.011715605894100747	0.6815652587791885	0.012244701000679764	0.007183793508678617	0.021719420716226307	0.10501402877946377
70	70	0.06718506534900699	0.00574290703095839	0.00993094820553035	0.07040373465897334	0.003190955341393772	0.253522055903107	0.010273617296100193	0.004665938184797231	0.0051334078390169345	0.004530926971611822	0.2635904998708776	0.0047355507282161495	0.0027782808726394296	0.25370268554553893	0.04061342620223179
71	71	0.08902255130686784	0.007609551812717284	0.013158852217529913	0.0932874002327096	0.004228126952344323	0.010890727982404508	0.013612900695983652	0.00618253058612117	0.0068019441575897345	0.006003636026885943	0.5930427106110225	0.006274769630407578	0.0036813189098593145	0.011130068549052869	0.13507291032850374
72	72	0.008450523679960176	0.09672827232798	0.014322695961335213	0.013092580105252622	0.0046020865515671965	0.011853965916707116	0.014816903070062852	0.006729348760274412	0.007403546791516863	0.006534631748584756	0.11482065064331251	0.006829745950336201	0.0040069156953057095	0.012114475124550597	0.6776936576732538
73	73	0.22517307609022963	0.010062564805658607	0.017400736136087426	0.01590626041124526	0.005591104773531195	0.01440146000722375	0.34036087172166796	0.00817552941578507	0.008994616972819681	0.007938966456495437	0.1394963525171347	0.008297502612576087	0.004868027843485835	0.014717954331961412	0.17861497590409797
74	74	0.007180376919733863	0.007037679113004154	0.012169938740367085	0.01112471410860134	0.003910374943490653	0.08522422404385074	0.012589864587742862	0.005717901322222173	0.23174663145310256	0.005552451038953746	0.5484743911739264	0.005803208421950838	0.003404660594718086	0.010293622131998222	0.04976996140633732
75	75	0.007763845058606314	0.007609551812717284	0.013158852217529913	0.012028693984448066	0.004228126952344323	0.010890727982404508	0.17613031319250672	0.00618253058612117	0.0068019441575897345	0.24977975477167055	0.02423176687319178	0.2500508883751922	0.0036813189098593145	0.011130068549052869	0.21633161657676528
76	76	0.00624215639904838	0.006118104133078887	0.010579759507530817	0.07500336984026915	0.003399427669194466	0.008756180327208244	0.010944815944626556	0.004970774476969829	0.005468784980736114	0.004826942675941387	0.01948241850603018	0.005044934965257299	0.0029597922442621675	0.008948610912617701	0.8272539274172288
77	77	0.00624215639904838	0.006118104133078887	0.010579759507530817	0.009671108653048743	0.003399427669194466	0.008756180327208244	0.010944815944626556	0.004970774476969829	0.005468784980736114	0.004826942675941387	0.01948241850603018	0.005044934965257299	0.0029597922442621675	0.008948610912617701	0.8925861886044493
78	78	0.007763845058606314	0.007609551812717284	0.013158852217529913	0.012028693984448066	0.08548683320060586	0.010890727982404508	0.013612900695983652	0.0874412368343827	0.0068019441575897345	0.006003636026885943	0.02423176687319178	0.006274769630407578	0.0036813189098593145	0.011130068549052869	0.7038838540663345
79	79	0.004484328481451496	0.004395210062444821	0.007600437069112915	0.006947667634007061	0.0024421288643019256	0.006290388500360431	0.007862691468643051	0.0035709751786011288	0.14473168073523768	0.00346764725782224	0.38947055561770644	0.0036242516376588595	0.0021262973580968765	0.28803450497585453	0.12495123515870057
80	80	0.011502586127538102	0.011273991747261458	0.01949560170625743	0.01782120682644722	0.006264214968277085	0.016135244284702994	0.020168300825066127	0.009159777148587666	0.010077474230458865	0.008894734497708109	0.035900766099439325	0.37046487379532733	0.0054540871828259695	0.01648984119653018	0.4408972993635722
81	81	0.013076908316055206	0.012817026953786032	0.02216390238267428	0.02026033842884916	0.007121578043750124	0.01834362358418393	0.296662277506856	0.010413446562318011	0.011456745909828273	0.4207125371126649	0.040814389177626774	0.010568807922080958	0.006200570658352654	0.018746753041656017	0.0906410943993177
82	82	0.17886732621272994	0.005411069341974774	0.009357116366676915	0.0663356533755557	0.003006574984820017	0.00774427794799815	0.1830265259156643	0.004396330103761462	0.004836788342179027	0.004269120132826503	0.07501312548052394	0.004461920282651775	0.0026177457465866934	0.007914470415880087	0.44274195535017075
83	83	0.013076908316055206	0.14968382986761541	0.02216390238267428	0.02026033842884916	0.007121578043750124	0.01834362358418393	0.296662277506856	0.14728024947614737	0.011456745909828273	0.010112128371176763	0.040814389177626774	0.010568807922080958	0.006200570658352654	0.018746753041656017	0.22750789731314708
84	84	0.007763845058606314	0.007609551812717284	0.013158852217529913	0.012028693984448066	0.004228126952344323	0.010890727982404508	0.013612900695983652	0.00618253058612117	0.0068019441575897345	0.006003636026885943	0.10549047312145332	0.006274769630407578	0.0036813189098593145	0.17364748104557592	0.622625147818073
85	85	0.010266595979116033	0.010062564805658607	0.017400736136087426	0.01590626041124526	0.005591104773531195	0.01440146000722375	0.1254543916105544	0.00817552941578507	0.008994616972819681	0.007938966456495437	0.03204311246157788	0.008297502612576087	0.004868027843485835	0.014717954331961412	0.715881176181882
86	86	0.015150510211171588	0.014849419529980664	0.18424816219949755	0.02347301493818743	0.008250844791732815	0.021252367127240268	0.026564465086734695	0.012064704031165179	0.013273439080439505	0.011715605894100747	0.04728631608123872	0.012244701000679764	0.007183793508678617	0.021719420716226307	0.5807232358029262
87	87	0.007180376919733863	0.08218963467987493	0.012169938740367085	0.01112471410860134	0.003910374943490653	0.010072268476979968	0.16289377572148442	0.6069335458571884	0.006290764752490215	0.005552451038953746	0.022410702205830902	0.005803208421950838	0.003404660594718086	0.010293622131998222	0.04976996140633732
88	88	0.007763845058606314	0.007609551812717284	0.013158852217529913	0.012028693984448066	0.004228126952344323	0.010890727982404508	0.013612900695983652	0.00618253058612117	0.08806065040585127	0.006003636026885943	0.34926659186623793	0.006274769630407578	0.0036813189098593145	0.011130068549052869	0.46010773532154986
89	89	0.5475327962569	0.010062564805658607	0.017400736136087426	0.01590626041124526	0.005591104773531195	0.01440146000722375	0.018001151554997614	0.00817552941578507	0.008994616972819681	0.007938966456495437	0.03204311246157788	0.008297502612576087	0.004868027843485835	0.014717954331961412	0.28606821595965476
90	90	0.007180376919733863	0.007037679113004154	0.012169938740367085	0.01112471410860134	0.1542142860772322	0.010072268476979968	0.012589864587742862	0.005717901322222173	0.006290764752490215	0.005552451038953746	0.09756265777270169	0.005803208421950838	0.003404660594718086	0.010293622131998222	0.6509856059413036
91	91	0.02218682963137592	0.021745904041803887	0.03760420385658725	0.03437453763004551	0.012082767191174697	0.031122559052027536	0.038901743433922255	0.017667889012414756	0.019437994324640308	0.017156659965754138	0.30146134257077356	0.017931481593860585	0.010520147537111323	0.031806525351717886	0.38599941480679045
92	92	0.011502586127538102	0.011273991747261458	0.01949560170625743	0.01782120682644722	0.006264214968277085	0.016135244284702994	0.020168300825066127	0.009159777148587666	0.010077474230458865	0.12928421421779052	0.035900766099439325	0.009296434635080146	0.0054540871828259695	0.37765828035677734	0.3205078196434898
93	93	0.01800566351546219	0.017647831507325098	0.030517593214446376	0.027896566041635446	0.38671097289510903	0.025257431338384397	0.03157060806224824	0.014338329084034315	0.015774853417091488	0.01392344248930948	0.05619754611410758	0.014552246953578587	0.008537598198273887	0.025812502398682456	0.3132568147703114
94	94	0.004705162026749448	0.004611654915767599	0.007974725320013505	0.007289809848056688	0.002562393019215861	0.006600162594649444	0.00824989460056937	0.0037468300723992346	0.004122216391076017	0.05288403569866459	0.6056327633568397	0.10229397415336579	0.0022310081940421986	0.1544820773450296	0.03261329246356102
95	95	0.6357687148149884	0.0065457529761861035	0.011319273222128421	0.010347108658455508	0.0036370439761967592	0.009368227834984862	0.011709846708231018	0.0053182262215273795	0.005851047119356656	0.005164340733609355	0.02084421842865451	0.005397570447510476	0.0031666785118974077	0.009574109109601107	0.2559878412366721
96	96	0.008450523679960176	0.008282583861712796	0.014322695961335213	0.013092580105252622	0.0046020865515671965	0.011853965916707116	0.014816903070062852	0.0951750372265416	0.09584923525778406	0.006534631748584756	0.4686034045083813	0.006829745950336201	0.0040069156953057095	0.012114475124550597	0.23546521534191783
97	97	0.007763845058606314	0.007609551812717284	0.013158852217529913	0.012028693984448066	0.004228126952344323	0.010890727982404508	0.0948716069442452	0.24995864933090578	0.0068019441575897345	0.006003636026885943	0.43052529811449947	0.006274769630407578	0.0036813189098593145	0.011130068549052869	0.13507291032850374
98	98	0.010266595979116033	0.010062564805658607	0.017400736136087426	0.01590626041124526	0.005591104773531195	0.01440146000722375	0.018001151554997614	0.00817552941578507	0.008994616972819681	0.007938966456495437	0.7842157928504754	0.008297502612576087	0.004868027843485835	0.014717954331961412	0.07116173584854116
99	99	0.013076908316055206	0.012817026953786032	0.15903070529650365	0.02026033842884916	0.007121578043750124	0.5658108352395014	0.022928671679197276	0.010413446562318011	0.011456745909828273	0.010112128371176763	0.040814389177626774	0.010568807922080958	0.006200570658352654	0.018746753041656017	0.0906410943993177
100	100	0.00927045549896174	0.009086220927173238	0.015712389026208	0.014362918302940989	0.005048614759798536	0.013004124676633104	0.01625454773521143	0.007382279558254699	0.10514923142266008	0.007168669673219944	0.6110980837086792	0.007492418020430219	0.004395696059584082	0.11031724859226501	0.06425710203797971
101	101	0.011502586127538102	0.011273991747261458	0.01949560170625743	0.01782120682644722	0.006264214968277085	0.016135244284702994	0.020168300825066127	0.009159777148587666	0.010077474230458865	0.008894734497708109	0.035900766099439325	0.009296434635080146	0.0054540871828259695	0.01648984119653018	0.8020657385238193
102	102	0.2522815455677029	0.011273991747261458	0.01949560170625743	0.01782120682644722	0.006264214968277085	0.016135244284702994	0.020168300825066127	0.009159777148587666	0.010077474230458865	0.12928421421779052	0.035900766099439325	0.009296434635080146	0.0054540871828259695	0.25726880063669494	0.20011833992340738
103	103	0.007763845058606314	0.007609551812717284	0.013158852217529913	0.012028693984448066	0.004228126952344323	0.010890727982404508	0.013612900695983652	0.00618253058612117	0.0068019441575897345	0.006003636026885943	0.02423176687319178	0.006274769630407578	0.0036813189098593145	0.011130068549052869	0.8664012665628575
104	104	0.02889715099736566	0.028322869157546286	0.04897745081355874	0.04477098444724713	0.015737153698409587	0.04053545744449364	0.05066742625008002	0.02301147415286593	0.025316941014894956	0.02234562584551247	0.09019100986454821	0.32580094665673687	0.013701925734561004	0.041426286723288436	0.20029729719889094
105	105	0.007180376919733863	0.007037679113004154	0.012169938740367085	0.01112471410860134	0.003910374943490653	0.010072268476979968	0.012589864587742862	0.005717901322222173	0.006290764752490215	0.30616027330643686	0.022410702205830902	0.005803208421950838	0.003404660594718086	0.085445577698869	0.500681694807562
106	106	0.007180376919733863	0.007037679113004154	0.16247384987410862	0.01112471410860134	0.003910374943490653	0.010072268476979968	0.012589864587742862	0.2311737680228345	0.006290764752490215	0.005552451038953746	0.022410702205830902	0.005803208421950838	0.003404660594718086	0.010293622131998222	0.500681694807562
107	107	0.3077408118334439	0.1556142266107625	0.006155837145300439	0.005627138295563052	0.001977958298947509	0.005094786896697373	0.006368245373862286	0.0028922470444116668	0.041195615988870206	0.002808558455572185	0.011335852713319338	0.002935397353091998	0.0017221562575814658	0.00520675270695159	0.4433244150256246
108	108	0.002785044526725307	0.002729696492764018	0.004720340123969131	0.004314930049757378	0.0015167126260296762	0.033055821633181784	0.03403231873732615	0.002217795800948078	0.03158909413845413	0.06045182770718263	0.008692413255756147	0.002250883767477687	0.0013205617839666813	0.5286764196155186	0.2816461397409425
109	109	0.005219208349757704	0.005115485440403328	0.0088459765552416	0.28121514974944806	0.11209390517288413	0.0073212406986016	0.06377699186171298	0.004156177127974319	0.004572574990084966	0.004035916101351729	0.016289691388643886	0.0588439677428692	0.0024747493345658915	0.33523683637504453	0.09080212911141608
110	110	0.0036320011055719094	0.0035598212468265274	0.08218303982726842	0.005627138295563052	0.001977958298947509	0.2331763949426013	0.27246345476075023	0.0028922470444116668	0.0031820146478862155	0.002808558455572185	0.2014038594182393	0.002935397353091998	0.0017221562575814658	0.11924755672990356	0.06318840161578466
111	111	0.005520785587169217	0.6410150516356975	0.009357116366676915	0.008553473167035459	0.003006574984820017	0.00774427794799815	0.06746216549862381	0.0621785103122817	0.004836788342179027	0.004269120132826503	0.13279530568904416	0.004461920282651775	0.0026177457465866934	0.007914470415880087	0.038266693890528995
112	112	0.007180376919733863	0.1573415902467457	0.012169938740367085	0.08627666967547211	0.003910374943490653	0.010072268476979968	0.012589864587742862	0.15602181245596372	0.006290764752490215	0.005552451038953746	0.022410702205830902	0.005803208421950838	0.003404660594718086	0.4612053555332229	0.04976996140633732
113	113	0.007180376919733863	0.007037679113004154	0.4630816721415918	0.08627666967547211	0.003910374943490653	0.010072268476979968	0.012589864587742862	0.005717901322222173	0.006290764752490215	0.005552451038953746	0.022410702205830902	0.005803208421950838	0.07855661616158886	0.23574948883261054	0.04976996140633732
114	114	0.006678476360997763	0.286141414511293	0.011319273222128421	0.010347108658455508	0.0036370439761967592	0.009368227834984862	0.011709846708231018	0.0053182262215273795	0.005851047119356656	0.005164340733609355	0.02084421842865451	0.35489214736639413	0.0031666785118974077	0.009574109109601107	0.2559878412366721
115	115	0.007180376919733863	0.007037679113004154	0.012169938740367085	0.01112471410860134	0.003910374943490653	0.010072268476979968	0.38834964242209674	0.005717901322222173	0.006290764752490215	0.1558563621726953	0.022410702205830902	0.005803208421950838	0.003404660594718086	0.010293622131998222	0.35037778367382044
116	116	0.006678476360997763	0.0065457529761861035	0.5705105962923422	0.010347108658455508	0.0036370439761967592	0.009368227834984862	0.011709846708231018	0.0053182262215273795	0.005851047119356656	0.005164340733609355	0.02084421842865451	0.005397570447510476	0.0031666785118974077	0.009574109109601107	0.32588675662044886
117	117	0.02889715099736566	0.028322869157546286	0.04897745081355874	0.04477098444724713	0.015737153698409587	0.04053545744449364	0.05066742625008002	0.02301147415286593	0.025316941014894956	0.02234562584551247	0.09019100986454821	0.0233547892976784	0.013701925734561004	0.041426286723288436	0.5027434545579494
118	118	0.18534190061249456	0.008282583861712796	0.014322695961335213	0.013092580105252622	0.0046020865515671965	0.011853965916707116	0.10326259153633005	0.006729348760274412	0.007403546791516863	0.006534631748584756	0.2032663391095797	0.1837211228828706	0.0040069156953057095	0.18900585205708498	0.05857383840938342
119	119	0.18534190061249456	0.008282583861712796	0.014322695961335213	0.013092580105252622	0.0046020865515671965	0.011853965916707116	0.2801539684688644	0.006729348760274412	0.007403546791516863	0.006534631748584756	0.026374962177045318	0.006829745950336201	0.0040069156953057095	0.012114475124550597	0.4123565922744522
120	120	0.09689621214622737	0.008282583861712796	0.014322695961335213	0.4553210224365886	0.0046020865515671965	0.011853965916707116	0.2801539684688644	0.006729348760274412	0.007403546791516863	0.006534631748584756	0.026374962177045318	0.006829745950336201	0.0040069156953057095	0.012114475124550597	0.05857383840938342
121	121	0.10854160485993247	0.0048505218828897596	0.008387787113581567	0.007667395508976142	0.0026951156665636434	0.16233112584007275	0.2676590405067083	0.21112636733015944	0.05613209848985308	0.003826870312736186	0.06724231083581872	0.00399969776820742	0.05414293258035524	0.00709458879891193	0.034302542505233354
122	122	0.005520785587169217	0.005411069341974774	0.009357116366676915	0.0663356533755557	0.11857093540186049	0.00774427794799815	0.24080870612418454	0.004396330103761462	0.23596550917626	0.004269120132826503	0.017230945272003688	0.004461920282651775	0.0026177457465866934	0.12347883083292058	0.1538310543075695
123	123	0.010266595979116033	0.010062564805658607	0.017400736136087426	0.01590626041124526	0.005591104773531195	0.01440146000722375	0.6627205918883383	0.00817552941578507	0.008994616972819681	0.007938966456495437	0.03204311246157788	0.008297502612576087	0.004868027843485835	0.014717954331961412	0.17861497590409797
124	124	0.00624215639904838	0.006118104133078887	0.010579759507530817	0.009671108653048743	0.003399427669194466	0.008756180327208244	0.010944815944626556	0.004970774476969829	0.005468784980736114	0.4621527709864843	0.4114759856293526	0.005044934965257299	0.0029597922442621675	0.008948610912617701	0.0432667931705839
125	125	0.2022389399607096	0.39811167125640134	0.010579759507530817	0.009671108653048743	0.003399427669194466	0.008756180327208244	0.07627707713184698	0.004970774476969829	0.005468784980736114	0.004826942675941387	0.2154792020676914	0.005044934965257299	0.0029597922442621675	0.008948610912617701	0.0432667931705839
