0	0	0.1220693452077948	0.007230674687171627	0.007787649231205507	0.005897377059137342	0.014492529563430721	0.007885299516244046	0.007100583871861022	0.00388010615939899	0.01592124227642489	0.00965143523909987	0.013589320342189593	0.007654743293111456	0.26553169691540546	0.02028811603781102	0.008144375558240918	0.010353691943497263	0.00471912255116333	0.005268950608508525	0.006648910355167213	0.005973737201720104	0.01652656150370223	0.005761850805674959	0.0054226214219129645	0.008289299958856619	0.0044134967446058755	0.008009720097979948	0.04282116059406629	0.33763130948153186	0.015549801144546047	0.005485270628539514
1	1	0.006648148007063484	0.0036515877339280815	0.003932867351819433	0.05797676371935443	0.062317431058683447	0.00398218205597753	0.05858439930369562	0.0019595056714607033	0.008040440971384883	0.0048741042929818365	0.0068627891062499734	0.0038657480698288506	0.5190866339280403	0.010245770813008209	0.004113018933314694	0.005228753351166663	0.002383220206726248	0.002660890752952492	0.0033577889404969316	0.00301681743893303	0.008346135302974483	0.002909811965964181	0.0027384965755856074	0.004186207700135315	0.002228875073708844	0.004045016119155767	0.02162526064895077	0.005512813893984609	0.06285136739298999	0.11276715361948358
2	2	0.004142190613749389	0.0022751557908591642	0.0024504096798867053	0.001855629266627223	0.004560122531710076	0.00248113566620146	0.002234222284015519	0.001220888282163618	0.005009671729132797	0.0030368561336742467	0.004275924752253901	0.6877552711182133	0.11781776384170327	0.006383723052973357	0.002562654802758359	0.003257823536690463	0.0014848875747517747	0.0016578927980216227	0.0020921017127627675	0.0018796562389505984	0.07373480550650165	0.0018129854811274498	0.0017062458295338048	0.0026082557464548843	0.0013887214002647865	0.002520285015229806	0.0477411543524375	0.003434810106927303	0.00489279654407479	0.0017259586103482991
3	3	0.004446961654688084	0.0024425555228696143	0.0026307041130753635	0.0019921613859625945	0.004895643858561638	0.0026636908333123894	0.14955313274241744	0.0013107178982584833	0.0053782696547282445	0.003260299690802871	0.1149564274611283	0.22331759162191933	0.0529092109810171	0.2275852036643727	0.07632846917553587	0.0034975252701587353	0.0015941415357674407	0.0017798760095475777	0.0022460328270460838	0.0020179561971056742	0.07916001055453481	0.0019463799875163786	0.0018317867246916025	0.00280016406092085	0.0014908997175367277	0.0027057206842219946	0.014465187113214779	0.0036875340275117846	0.005252795113645482	0.0018529499179300657
4	4	0.008523201513747986	0.0046814869446847145	0.005042099082448621	0.003818245862895268	0.009383161445090164	0.005105322578779291	0.07510763001918029	0.00251216755214339	0.010308178847055949	0.21777991428036797	0.43186060109901814	0.004956049378793408	0.03089726549460809	0.013135503182264306	0.0052730608827083495	0.006703478687647845	0.003055387162256656	0.003411372320439696	0.004304824704576768	0.003867685095893772	0.010700091660516237	0.003730499640904142	0.003510866204185884	0.005366891917681111	0.0028575102994106622	0.005185878454163936	0.09823485131130913	0.00706765608652188	0.010067689973632452	0.003551428317073827
5	5	0.005449328281147251	0.0029931193301416946	0.0032236775209426648	0.002441204180317341	0.005999145619967352	0.0483450651874611	0.002939268569206359	0.0016061600405427433	0.006590557600659676	0.13923808372236537	0.05070623004859892	0.003168661447116846	0.01975423699630966	0.1887220761686828	0.0033713434734594407	0.0042858843517597205	0.0019534687342876006	0.09234299981573221	0.002752299469887339	0.0024728132664268757	0.006841127949687362	0.00238510343363327	0.002244680296122813	0.0034313345591684466	0.0018269557117863646	0.003315603189398357	0.33329246918701416	0.04959968758064704	0.006436800492238145	0.0022706137752910365
6	6	0.05553767817814634	0.003289727515973961	0.0035431332578276346	0.002683119407645011	0.006593641028474124	0.0035875610385717907	0.0032305403234617522	0.0017653251666986424	0.05679199953333886	0.25213279454831894	0.006182709496307432	0.2512243630782522	0.17035683496390755	0.009230448950396174	0.003705432415858178	0.004710601258119137	0.0021470509986237403	0.0023972053158290312	0.10212172232908776	0.0027178608492180755	0.007519061010948612	0.0026214592632682956	0.002467120659158691	0.003771368418937857	0.0020080009557269718	0.0036441684547533363	0.01948226913349671	0.004966512344474292	0.007074666045188422	0.0024956240599905595
7	7	0.009169765040799267	0.005036620952242495	0.0054245888500824785	0.004107895064346205	0.010094960872692956	0.0054926084323339295	0.004946004494659338	0.002702738655083716	0.08694938209332977	0.006722833352011393	0.00946581868544554	0.4604874077318295	0.03324110834781419	0.24170965049985668	0.005673071235294841	0.00721199943736936	0.0032871664880122853	0.0036701564071506387	0.004631385403609765	0.0041610847196256635	0.011511792403791651	0.004013492481281779	0.0037771978205769835	0.005774020220584862	0.003074278838180066	0.005579275214615401	0.0298276390486845	0.00760380305429169	0.010831417210177417	0.0038208369442256336
8	8	0.009169765040799267	0.005036620952242495	0.0054245888500824785	0.004107895064346205	0.010094960872692956	0.0054926084323339295	0.004946004494659338	0.002702738655083716	0.011090149385013707	0.006722833352011393	0.00946581868544554	0.5363466404401456	0.10910034105613023	0.08999118508322458	0.005673071235294841	0.00721199943736936	0.0032871664880122853	0.0036701564071506387	0.004631385403609765	0.0041610847196256635	0.011511792403791651	0.004013492481281779	0.0037771978205769835	0.005774020220584862	0.003074278838180066	0.005579275214615401	0.0298276390486845	0.08346303576260775	0.010831417210177417	0.0038208369442256336
9	9	0.014773172811561217	0.008114370584496771	0.008739415694663369	0.0066181241730111145	0.01626373204053687	0.00884900029565368	0.13018324111548882	0.0043543127919183884	0.3845116358096652	0.010830984049285394	0.015250137230430416	0.008590266675901861	0.05355389542536036	0.14498248568381933	0.00913973927995026	0.01161906695875962	0.005295869454856332	0.0059128946714614005	0.007461506005884043	0.0067038166597580065	0.018546352910391285	0.00646603459740439	0.0060853463418701036	0.009302375595952447	0.00495289163302281	0.008988626921414477	0.04805454275725686	0.012250291697369041	0.017450217920318912	0.0061556522125372545
10	10	0.010809813330786436	0.005937440280031822	0.2746756559889864	0.09426956088574764	0.011900484050558852	0.006474982901792875	0.005830616715108104	0.0031861340190685182	0.01307366591500853	0.3656330493361618	0.011158817326012715	0.00628566255960294	0.03918641039868975	0.016659507249382016	0.0066877221818593055	0.008501893703145998	0.0038750890523943466	0.004326578214334502	0.005459726770882102	0.004905310972812079	0.013570721434418172	0.004731321286220145	0.004452764402601487	0.006806726287423861	0.003624125614958709	0.006577150376561778	0.03516242878413509	0.008963772927140618	0.012768658480226437	0.004504208553946929
11	11	0.010809813330786436	0.005937440280031822	0.006394797751605847	0.0048426081399541385	0.011900484050558852	0.006474982901792875	0.005830616715108104	0.0031861340190685182	0.01307366591500853	0.007925238352987729	0.10058577007180623	0.00628566255960294	0.21804031589027678	0.016659507249382016	0.18554162767344634	0.008501893703145998	0.0038750890523943466	0.004326578214334502	0.005459726770882102	0.004905310972812079	0.013570721434418172	0.004731321286220145	0.004452764402601487	0.09623367903321738	0.003624125614958709	0.006577150376561778	0.03516242878413509	0.008963772927140618	0.1916225639718135	0.004504208553946929
12	12	0.006648148007063484	0.0036515877339280815	0.003932867351819433	0.00297825454237361	0.007318921881702627	0.00398218205597753	0.003585890126714788	0.0019595056714607033	0.06303895014836572	0.279866650177886	0.0068627891062499734	0.0038657480698288506	0.07909856051219365	0.28523831669791233	0.059111528110295526	0.005228753351166663	0.11238023856068789	0.002660890752952492	0.0033577889404969316	0.00301681743893303	0.008346135302974483	0.002909811965964181	0.0027384965755856074	0.004186207700135315	0.002228875073708844	0.004045016119155767	0.02162526064895077	0.005512813893984609	0.007852858216009163	0.002770135265521929
13	13	0.007961811255220363	0.0043731355391792796	0.0047099955527066615	0.33289737910664713	0.008765128958005481	0.004769054762308589	0.004294456191487848	0.0023467008094777793	0.009629219047904963	0.005837219384669169	0.2716833661302094	0.004629613609611058	0.02886218233532383	0.2098686942667179	0.004925744794100021	0.006261946520724083	0.0028541406487071984	0.003186678443870366	0.004021282581359299	0.0036129356648982773	0.009995318082902561	0.003484786084270955	0.0032796190510070433	0.005013395542369915	0.0026692971680956344	0.004844304734314656	0.025898377029054932	0.006602136965426727	0.009404570244742208	0.003317509494686666
14	14	0.07802422290554728	0.0024425555228696143	0.0026307041130753635	0.0019921613859625945	0.004895643858561638	0.0026636908333123894	0.0023986102406990204	0.0013107178982584833	0.04216690028015785	0.003260299690802871	0.7035745174680019	0.0025858078693417413	0.0529092109810171	0.006853419911795109	0.0027512079246766797	0.0034975252701587353	0.0015941415357674407	0.0017798760095475777	0.0022460328270460838	0.0020179561971056742	0.005582749303675608	0.0019463799875163786	0.0018317867246916025	0.00280016406092085	0.0014908997175367277	0.0027057206842219946	0.05125381773864438	0.0036875340275117846	0.005252795113645482	0.0018529499179300657
15	15	0.00364286546305688	0.0020008945088339576	0.0021550222154357902	0.06190501766450155	0.004010417295363799	0.002182044302249671	0.0019648953788403856	0.0010737148943802258	0.004405775065670226	0.15335346823073626	0.3051258653183643	0.21307401487308883	0.013205669394494017	0.005614189786004775	0.0022537366203568146	0.15354779886299572	0.0013058900873924876	0.0014580401962470157	0.0018399068959617734	0.00165307090710983	0.03470981954680816	0.0015944370527759425	0.001500564455740325	0.0022938405456381546	0.0012213163754560754	0.0022164743477920295	0.01184960308705015	0.0030207569562710657	0.004302988734755627	0.0015179009366283762
16	16	0.05291578871096307	0.0031344221051793648	0.0033758647641803714	0.002556451481565458	0.006282360497309493	0.003418195144849397	0.0030780290927937028	0.0016819855743254418	0.006901692565657792	0.4762758164735126	0.005890828714849033	0.003318251425412597	0.020686818760832303	0.008794686821435955	0.0035305019084765988	0.004488217531828925	0.0020456904343462805	0.002284035165861886	0.05009143532177878	0.002589552807405866	0.29041930408258426	0.0024977022633993727	0.002350649861626076	0.0035933251254684573	0.0019132048330113825	0.00347213017008628	0.01856252675474447	0.004732047260016787	0.006740676706847348	0.0023778076396506627
17	17	0.00992247649421686	0.005450058184320745	0.005869872904730682	0.004445096688445995	0.010923618165095744	0.005943475958138651	0.00535200336324763	0.0029245962852655523	0.012000497951751277	0.6639645352047022	0.010242832066792558	0.005769696209333306	0.1180559768787856	0.015291991085215366	0.006138752272470916	0.007804005290779534	0.0035569975964221978	0.00397142571461977	0.005011558376742376	0.004502652482067499	0.012456752056863016	0.004342944953119908	0.0040872537542592765	0.00624798777950938	0.0033266348017409126	0.006037256889950003	0.03227607752452943	0.008227970589995326	0.011720527427786037	0.004134475049102204
18	18	0.007035066157698323	0.0038641079081767867	0.004161757827910119	0.003151587136417947	0.0077448786618616264	0.0042139426177088615	0.0037945867403783354	0.0020735477038815397	0.008508389721567863	0.06335716297951922	0.007262199237667916	0.6442840089980809	0.02550265959286863	0.010842068412066714	0.004352394121338994	0.00553306360036834	0.060721310961882484	0.002815752968426614	0.0035532102045390127	0.0031923943699873193	0.008831875276414306	0.0030791612438938825	0.002897875402503969	0.06262923122541435	0.002358594240700801	0.004280433584959626	0.022883837601268685	0.005833656293159281	0.00830988976448065	0.002931355444856883
19	19	0.005449328281147251	0.0029931193301416946	0.0032236775209426648	0.002441204180317341	0.005999145619967352	0.00326409960717775	0.002939268569206359	0.0016061600405427433	0.006590557600659676	0.003995186981515335	0.0056252644683155795	0.3638163860893836	0.20007809931744305	0.09856014500811612	0.0033713434734594407	0.0042858843517597205	0.0019534687342876006	0.00218106865516551	0.002752299469887339	0.04755377884671022	0.09700305911025406	0.00238510343363327	0.002244680296122813	0.0034313345591684466	0.0018269557117863646	0.003315603189398357	0.0628066757053141	0.004518722000363696	0.051517766072521495	0.0022706137752910365
20	20	0.004998641142555762	0.0027455731525639258	0.0029570630094474097	0.2090020074716545	0.005502985793661653	0.0029941419837535956	0.5816317453115895	0.0014733224437885612	0.006045484998401556	0.0036647647173499542	0.0051600265130585	0.002906597044480856	0.01812046121926094	0.007703638888407012	0.0030925162373541784	0.003931419937950912	0.0017919069437766675	0.002000683194691621	0.002524670318433602	0.0022682990441560947	0.006275331906338374	0.002187843260215601	0.002059033829711121	0.08585262706807001	0.0016758571910885022	0.0030413859580187557	0.016259703827816	0.004145000729894454	0.005904444384134422	0.002082822478376017
21	21	0.005706586720683276	0.0031344221051793648	0.09779426874473997	0.333020865413524	0.006282360497309493	0.003418195144849397	0.0030780290927937028	0.0016819855743254418	0.006901692565657792	0.145811402541554	0.05310003070512882	0.19215505938653177	0.020686818760832303	0.008794686821435955	0.0035305019084765988	0.004488217531828925	0.0020456904343462805	0.002284035165861886	0.0028822333314989903	0.002589552807405866	0.007164092140905501	0.0024977022633993727	0.002350649861626076	0.0035933251254684573	0.0019132048330113825	0.05068133216036607	0.01856252675474447	0.004732047260016787	0.006740676706847348	0.0023778076396506627
22	22	0.011871440038097944	0.006520553510710553	0.007022827845485962	0.00531819841862969	0.013069225018733253	0.007110887941739441	0.006403238853478121	0.003499042749701594	0.014357624524942401	0.008703572301954182	0.012254719552332066	0.301531570284149	0.04303488942139752	0.018295629658288303	0.007344520246921256	0.00933686070412812	0.0042556597343612465	0.10296102135115652	0.005995923981437482	0.00538705926735239	0.014903495634249326	0.005195982135082121	0.0048900683103114085	0.007475211689989341	0.2986086450419952	0.0072230892363823965	0.03861571445604048	0.009844100870512788	0.014022662452759582	0.004946564767680281
23	23	0.005989338617253374	0.003289727515973961	0.0035431332578276346	0.002683119407645011	0.006593641028474124	0.0035875610385717907	0.0032305403234617522	0.0017653251666986424	0.007243659972445895	0.10348777586564001	0.05573104905720039	0.449417721321824	0.021711816281228674	0.009230448950396174	0.003705432415858178	0.004710601258119137	0.0021470509986237403	0.0023972053158290312	0.0030250432073018257	0.0027178608492180755	0.10661574013273455	0.0026214592632682956	0.002467120659158691	0.003771368418937857	0.0020080009557269718	0.0036441684547533363	0.01948226913349671	0.15361153102715316	0.007074666045188422	0.0024956240599905595
24	24	0.07802422290554728	0.0024425555228696143	0.0026307041130753635	0.0019921613859625945	0.004895643858561638	0.07624095208417159	0.2231303939932766	0.0013107178982584833	0.04216690028015785	0.11362619156709167	0.041379166210269096	0.2601062222473489	0.016120580355587503	0.006853419911795109	0.0027512079246766797	0.0034975252701587353	0.0015941415357674407	0.0017798760095475777	0.03903466345247568	0.0020179561971056742	0.005582749303675608	0.0019463799875163786	0.0018317867246916025	0.00280016406092085	0.0014908997175367277	0.0027057206842219946	0.014465187113214779	0.0036875340275117846	0.04204142573907508	0.0018529499179300657
25	25	0.010809813330786436	0.005937440280031822	0.006394797751605847	0.0048426081399541385	0.011900484050558852	0.006474982901792875	0.09525756946090162	0.0031861340190685182	0.01307366591500853	0.007925238352987729	0.011158817326012715	0.00628566255960294	0.12861336314448327	0.016659507249382016	0.0066877221818593055	0.008501893703145998	0.0038750890523943466	0.004326578214334502	0.005459726770882102	0.004905310972812079	0.013570721434418172	0.09415827403201367	0.004452764402601487	0.006806726287423861	0.003624125614958709	0.006577150376561778	0.3034432870215157	0.18781767841872765	0.012768658480226437	0.004504208553946929
26	26	0.023325248938347008	0.012811717311887696	0.013798596229388947	0.01044930535975112	0.21864278459169217	0.013971618513126673	0.012581215066559273	0.006874990980098866	0.028210155224037588	0.01710095741919025	0.024078324391180784	0.20652720914064052	0.08455583362818074	0.035947628501163176	0.014430664059489793	0.018345255464167938	0.008361607554122812	0.009335823923357156	0.011780914449603871	0.01058460456805342	0.02928269397855887	0.010209172298478179	0.00960810653951723	0.014687449288062896	0.007820082508918016	0.014192073918734826	0.07587294799355984	0.019341891349492817	0.027552014872614758	0.009719111938022768
27	27	0.03840952465039431	0.0022751557908591642	0.0024504096798867053	0.001855629266627223	0.004560122531710076	0.00248113566620146	0.002234222284015519	0.001220888282163618	0.005009671729132797	0.20864086035354376	0.17561259493547848	0.27654726267847446	0.11781776384170327	0.006383723052973357	0.002562654802758359	0.003257823536690463	0.0014848875747517747	0.0016578927980216227	0.0020921017127627675	0.0018796562389505984	0.03946747146985673	0.0018129854811274498	0.0017062458295338048	0.0026082557464548843	0.0013887214002647865	0.002520285015229806	0.013473820315792574	0.07196947818021714	0.00489279654407479	0.0017259586103482991
28	28	0.005989338617253374	0.003289727515973961	0.0035431332578276346	0.002683119407645011	0.006593641028474124	0.0035875610385717907	0.0032305403234617522	0.0017653251666986424	0.007243659972445895	0.004391096743854096	0.006182709496307432	0.2512243630782522	0.021711816281228674	0.009230448950396174	0.003705432415858178	0.004710601258119137	0.0021470509986237403	0.0023972053158290312	0.0030250432073018257	0.0027178608492180755	0.007519061010948612	0.0026214592632682956	0.002467120659158691	0.3506097453451886	0.0020080009557269718	0.0036441684547533363	0.01948226913349671	0.2527082101489391	0.007074666045188422	0.0024956240599905595
29	29	0.008523201513747986	0.0046814869446847145	0.005042099082448621	0.003818245862895268	0.07989353157720464	0.005105322578779291	0.07510763001918029	0.00251216755214339	0.010308178847055949	0.006248803884024546	0.008798380306331288	0.21648715977513686	0.03089726549460809	0.013135503182264306	0.0052730608827083495	0.006703478687647845	0.003055387162256656	0.003411372320439696	0.004304824704576768	0.003867685095893772	0.010700091660516237	0.003730499640904142	0.003510866204185884	0.005366891917681111	0.0028575102994106622	0.005185878454163936	0.1687452214434236	0.28910913661497983	0.010067689973632452	0.003551428317073827
30	30	0.009169765040799267	0.005036620952242495	0.0054245888500824785	0.004107895064346205	0.16181342628932505	0.0054926084323339295	0.004946004494659338	0.002702738655083716	0.011090149385013707	0.31015976418527563	0.00946581868544554	0.005332011481933203	0.10910034105613023	0.014131952374908519	0.005673071235294841	0.00721199943736936	0.0032871664880122853	0.0036701564071506387	0.004631385403609765	0.0041610847196256635	0.011511792403791651	0.004013492481281779	0.23135489594552516	0.005774020220584862	0.003074278838180066	0.005579275214615401	0.0298276390486845	0.00760380305429169	0.010831417210177417	0.0038208369442256336
31	31	0.006301570996768325	0.05559258747831092	0.0037278416202573762	0.002822994076737595	0.006937376515737658	0.003774585481721757	0.0033989527904756864	0.0018573539719874497	0.007621281832575617	0.004620010597725104	0.006505022563115972	0.16005830731694815	0.2835004927669929	0.009711644825925942	0.0038986016544452925	0.057087533303844785	0.0022589796914361817	0.0025221748939041537	0.0031827428297660724	0.002859546636977233	0.3206992118204992	0.0027581195050542452	0.0025957350193053326	0.003967974991169452	0.002112680780418942	0.0038341439196073754	0.02049790635801082	0.005225423397313833	0.007443478021722787	0.0026257243412438095
32	32	0.007035066157698323	0.0038641079081767867	0.004161757827910119	0.003151587136417947	0.0077448786618616264	0.0042139426177088615	0.0037945867403783354	0.0020735477038815397	0.008508389721567863	0.005157774183760165	0.1818603656249451	0.06229012104049034	0.08370204838862769	0.010842068412066714	0.29534933810013425	0.0637324523961274	0.0025219221661234178	0.002815752968426614	0.0035532102045390127	0.17779056075726452	0.008831875276414306	0.0030791612438938825	0.002897875402503969	0.004429842429655291	0.002358594240700801	0.004280433584959626	0.022883837601268685	0.005833656293159281	0.00830988976448065	0.002931355444856883
33	33	0.008523201513747986	0.07519185707679919	0.005042099082448621	0.003818245862895268	0.009383161445090164	0.005105322578779291	0.0045972598870658065	0.00251216755214339	0.08081854897917044	0.006248803884024546	0.008798380306331288	0.004956049378793408	0.10140763562672257	0.0836458733143788	0.14629380114693732	0.006703478687647845	0.2145864975586001	0.003411372320439696	0.004304824704576768	0.003867685095893772	0.010700091660516237	0.003730499640904142	0.003510866204185884	0.005366891917681111	0.0028575102994106622	0.005185878454163936	0.027724481179194644	0.00706765608652188	0.15108843023786142	0.003551428317073827
34	34	0.00992247649421686	0.005450058184320745	0.005869872904730682	0.004445096688445995	0.010923618165095744	0.005943475958138651	0.00535200336324763	0.0850108275102244	0.34034542285158664	0.007274685405031465	0.010242832066792558	0.005769696209333306	0.1180559768787856	0.015291991085215366	0.006138752272470916	0.007804005290779534	0.0035569975964221978	0.00397142571461977	0.005011558376742376	0.25076134615694406	0.012456752056863016	0.004342944953119908	0.0040872537542592765	0.00624798777950938	0.0033266348017409126	0.006037256889950003	0.03227607752452943	0.008227970589995326	0.011720527427786037	0.004134475049102204
35	35	0.009169765040799267	0.005036620952242495	0.0054245888500824785	0.004107895064346205	0.010094960872692956	0.0054926084323339295	0.004946004494659338	0.002702738655083716	0.011090149385013707	0.4618782296019077	0.00946581868544554	0.15705047689856533	0.10910034105613023	0.014131952374908519	0.005673071235294841	0.00721199943736936	0.07914639919632835	0.0036701564071506387	0.004631385403609765	0.0041610847196256635	0.011511792403791651	0.004013492481281779	0.0037771978205769835	0.005774020220584862	0.003074278838180066	0.005579275214615401	0.0298276390486845	0.00760380305429169	0.010831417210177417	0.0038208369442256336
36	36	0.0046168076873672826	0.002535845817990715	0.04092490598828854	0.002068249451058846	0.04327635222065282	0.0027654271097754682	0.0024902221017765592	0.0013607790978521722	0.005583685809502484	0.0033848226821905554	0.0047658652407936335	0.0026845695052590073	0.016736285376339432	0.007115177550536133	0.041050012289389995	0.0036311087902022358	0.0016550277399679616	0.0018478561052526629	0.002331817188271429	0.7277758136673995	0.005795975298028907	0.0020207194904480795	0.001901749484000602	0.0029071127583751885	0.0015478427320732254	0.002809062237272869	0.01501766649889865	0.04202210017436074	0.005453418928242315	0.0019237209784319902
37	37	0.008523201513747986	0.0046814869446847145	0.005042099082448621	0.003818245862895268	0.009383161445090164	0.005105322578779291	0.0045972598870658065	0.00251216755214339	0.010308178847055949	0.006248803884024546	0.07930875043844576	0.004956049378793408	0.17191800575883706	0.0836458733143788	0.0052730608827083495	0.006703478687647845	0.003055387162256656	0.003411372320439696	0.004304824704576768	0.21539879549223723	0.15172083192474523	0.003730499640904142	0.003510866204185884	0.005366891917681111	0.07336788043152515	0.005185878454163936	0.09823485131130913	0.00706765608652188	0.010067689973632452	0.003551428317073827
38	38	0.13969406177683394	0.0043731355391792796	0.0047099955527066615	0.003566752802613251	0.008765128958005481	0.004769054762308589	0.004294456191487848	0.0023467008094777793	0.009629219047904963	0.664498471992737	0.008218865086982257	0.004629613609611058	0.02886218233532383	0.01227031848429756	0.004925744794100021	0.006261946520724083	0.0028541406487071984	0.003186678443870366	0.004021282581359299	0.0036129356648982773	0.009995318082902561	0.003484786084270955	0.0032796190510070433	0.005013395542369915	0.0026692971680956344	0.004844304734314656	0.025898377029054932	0.006602136965426727	0.009404570244742208	0.003317509494686666
39	39	0.007469804196349882	0.004102893820843792	0.004418937276531021	0.0033463422076018246	0.008223480182242157	0.004474346870852706	0.00402907653194911	0.002201684389682208	0.009034173072672508	0.005476503330322896	0.37848619736658873	0.004343522605597619	0.027078618647591923	0.011512063469786258	0.0046213541056994755	0.005874984083195108	0.0026777665422182536	0.18837736697670227	0.0037727839229108927	0.18877728326161433	0.009377648699039766	0.0032694406939879645	0.0030769521361836633	0.00470358839966247	0.002504345625434417	0.004544946705318459	0.08609383497144903	0.006194152163163315	0.008823406637903052	0.00311250110690487
40	40	0.006301570996768325	0.0034612254919457056	0.0037278416202573762	0.002822994076737595	0.1633314624748333	0.003774585481721757	0.0033989527904756864	0.0018573539719874497	0.11188400580530604	0.004620010597725104	0.006505022563115972	0.055795583344217727	0.022843682835166863	0.009711644825925942	0.0038986016544452925	0.0049561713174795735	0.0022589796914361817	0.2631789848257302	0.0031827428297660724	0.002859546636977233	0.007911039902307938	0.0027581195050542452	0.0025957350193053326	0.003967974991169452	0.002112680780418942	0.0038341439196073754	0.02049790635801082	0.2658822333291399	0.007443478021722787	0.0026257243412438095
41	41	0.006301570996768325	0.0034612254919457056	0.0037278416202573762	0.002822994076737595	0.11120010048846808	0.003774585481721757	0.0033989527904756864	0.0018573539719874497	0.007621281832575617	0.004620010597725104	0.05863638454948118	0.00366422135785251	0.022843682835166863	0.009711644825925942	0.0038986016544452925	0.0049561713174795735	0.0022589796914361817	0.0025221748939041537	0.0031827428297660724	0.002859546636977233	0.007911039902307938	0.0027581195050542452	0.0025957350193053326	0.003967974991169452	0.5755576626304363	0.0038341439196073754	0.12476063033074125	0.005225423397313833	0.007443478021722787	0.0026257243412438095
42	42	0.008523201513747986	0.0046814869446847145	0.005042099082448621	0.003818245862895268	0.009383161445090164	0.005105322578779291	0.0045972598870658065	0.00251216755214339	0.010308178847055949	0.6408421350730549	0.008798380306331288	0.004956049378793408	0.03089726549460809	0.013135503182264306	0.0052730608827083495	0.006703478687647845	0.003055387162256656	0.003411372320439696	0.07481519483669125	0.003867685095893772	0.010700091660516237	0.003730499640904142	0.003510866204185884	0.005366891917681111	0.0028575102994106622	0.005185878454163936	0.027724481179194644	0.00706765608652188	0.08057806010574693	0.003551428317073827
43	43	0.007961811255220363	0.0043731355391792796	0.0047099955527066615	0.003566752802613251	0.008765128958005481	0.004769054762308589	0.004294456191487848	0.0023467008094777793	0.009629219047904963	0.005837219384669169	0.008218865086982257	0.004629613609611058	0.02886218233532383	0.01227031848429756	0.13665799531571357	0.006261946520724083	0.0028541406487071984	0.003186678443870366	0.004021282581359299	0.3329435619689322	0.14172756860451613	0.003484786084270955	0.0032796190510070433	0.005013395542369915	0.0026692971680956344	0.004844304734314656	0.22349675281147527	0.006602136965426727	0.009404570244742208	0.003317509494686666
44	44	0.009169765040799267	0.15675508636887459	0.0054245888500824785	0.004107895064346205	0.010094960872692956	0.0054926084323339295	0.004946004494659338	0.002702738655083716	0.011090149385013707	0.5377374623102238	0.00946581868544554	0.005332011481933203	0.03324110834781419	0.014131952374908519	0.005673071235294841	0.00721199943736936	0.0032871664880122853	0.0036701564071506387	0.004631385403609765	0.0041610847196256635	0.011511792403791651	0.004013492481281779	0.0037771978205769835	0.005774020220584862	0.003074278838180066	0.005579275214615401	0.0298276390486845	0.00760380305429169	0.08669064991849347	0.0038208369442256336
45	45	0.007469804196349882	0.004102893820843792	0.06621480797716896	0.0033463422076018246	0.008223480182242157	0.004474346870852706	0.00402907653194911	0.002201684389682208	0.1326259144739484	0.005476503330322896	0.007710973162761114	0.004343522605597619	0.027078618647591923	0.011512063469786258	0.0046213541056994755	0.005874984083195108	0.0026777665422182536	0.12658149627606433	0.0037727839229108927	0.0033896711597005	0.009377648699039766	0.0032694406939879645	0.0030769521361836633	0.00470358839966247	0.002504345625434417	0.004544946705318459	0.14788970567208698	0.37696937636699096	0.008823406637903052	0.00311250110690487
46	46	0.29529195912018935	0.009244142123416482	0.009956212859126524	0.007539571900083123	0.018528146930722054	0.010081055028404297	0.00907782597205983	0.004960567905933311	0.02035470170518615	0.012338992266306564	0.017373428350567082	0.009786297680537848	0.06101025525263425	0.025937583446068644	0.010412273878180557	0.013236800709284784	0.006033218399130855	0.00673615262386627	0.008500378588192789	0.007637195433313258	0.021128579276654826	0.007366306748121142	0.14616356660369673	0.010597554203240586	0.005642487448751722	0.010240122002152323	0.05474522247882101	0.01395591146898689	0.15911078006795248	0.007012709528418279
47	47	0.3210160873431307	0.0029931193301416946	0.0032236775209426648	0.002441204180317341	0.005999145619967352	0.00326409960717775	0.002939268569206359	0.0016061600405427433	0.006590557600659676	0.003995186981515335	0.0056252644683155795	0.003168661447116846	0.2451590648977264	0.00839821384754943	0.04845230905374279	0.049366849932043065	0.0019534687342876006	0.00218106865516551	0.002752299469887339	0.0024728132664268757	0.006841127949687362	0.00238510343363327	0.002244680296122813	0.0034313345591684466	0.0018269557117863646	0.003315603189398357	0.01772571012503075	0.22992354990178043	0.006436800492238145	0.0022706137752910365
48	48	0.005449328281147251	0.04807408491042504	0.0032236775209426648	0.2729269976620174	0.005999145619967352	0.00326409960717775	0.002939268569206359	0.0016061600405427433	0.006590557600659676	0.003995186981515335	0.0056252644683155795	0.048249627027400196	0.064835202576593	0.00839821384754943	0.1836952057945928	0.0042858843517597205	0.0019534687342876006	0.00218106865516551	0.002752299469887339	0.0024728132664268757	0.006841127949687362	0.00238510343363327	0.002244680296122813	0.1386742313000185	0.0018269557117863646	0.003315603189398357	0.1529686068658808	0.004518722000363696	0.006436800492238145	0.0022706137752910365
49	49	0.009169765040799267	0.005036620952242495	0.08128382155839853	0.004107895064346205	0.010094960872692956	0.0054926084323339295	0.004946004494659338	0.002702738655083716	0.011090149385013707	0.006722833352011393	0.00946581868544554	0.6122058731484616	0.03324110834781419	0.014131952374908519	0.005673071235294841	0.00721199943736936	0.0032871664880122853	0.0036701564071506387	0.08049061811192582	0.0041610847196256635	0.011511792403791651	0.004013492481281779	0.0037771978205769835	0.005774020220584862	0.003074278838180066	0.005579275214615401	0.0298276390486845	0.00760380305429169	0.010831417210177417	0.0038208369442256336
50	50	0.005449328281147251	0.1833169816512751	0.0032236775209426648	0.002441204180317341	0.005999145619967352	0.00326409960717775	0.002939268569206359	0.0016061600405427433	0.18691441992179306	0.22940001488293207	0.09578719562888229	0.003168661447116846	0.1549971337371597	0.00839821384754943	0.0033713434734594407	0.0042858843517597205	0.0019534687342876006	0.00218106865516551	0.002752299469887339	0.0024728132664268757	0.006841127949687362	0.04746606901391662	0.002244680296122813	0.0034313345591684466	0.0018269557117863646	0.003315603189398357	0.01772571012503075	0.004518722000363696	0.006436800492238145	0.0022706137752910365
51	51	0.013164299755036692	0.007230674687171627	0.007787649231205507	0.005897377059137342	0.014492529563430721	0.007885299516244046	0.007100583871861022	0.00388010615939899	0.01592124227642489	0.00965143523909987	0.013589320342189593	0.007654743293111456	0.047721606009889235	0.02028811603781102	0.008144375558240918	0.010353691943497263	0.00471912255116333	0.3319840869667829	0.006648910355167213	0.005973737201720104	0.01652656150370223	0.005761850805674959	0.11432766687467107	0.008289299958856619	0.0044134967446058755	0.008009720097979948	0.04282116059406629	0.01091617312325752	0.23335989205006227	0.005485270628539514
52	52	0.009169765040799267	0.23261431907719066	0.0054245888500824785	0.004107895064346205	0.085954193581009	0.08135184114064999	0.004946004494659338	0.002702738655083716	0.011090149385013707	0.006722833352011393	0.08532505139376159	0.005332011481933203	0.03324110834781419	0.014131952374908519	0.005673071235294841	0.00721199943736936	0.0032871664880122853	0.0036701564071506387	0.004631385403609765	0.0041610847196256635	0.0873710251121077	0.004013492481281779	0.0037771978205769835	0.005774020220584862	0.003074278838180066	0.08143850792293145	0.0298276390486845	0.00760380305429169	0.16254988262680953	0.0038208369442256336
53	53	0.009169765040799267	0.005036620952242495	0.0054245888500824785	0.004107895064346205	0.010094960872692956	0.0054926084323339295	0.004946004494659338	0.002702738655083716	0.011090149385013707	0.006722833352011393	0.00946581868544554	0.005332011481933203	0.26081880647276234	0.014131952374908519	0.005673071235294841	0.00721199943736936	0.0032871664880122853	0.0036701564071506387	0.004631385403609765	0.0041610847196256635	0.011511792403791651	0.004013492481281779	0.5347918267787893	0.005774020220584862	0.003074278838180066	0.005579275214615401	0.0298276390486845	0.00760380305429169	0.010831417210177417	0.0038208369442256336
54	54	0.011871440038097944	0.006520553510710553	0.007022827845485962	0.00531819841862969	0.013069225018733253	0.007110887941739441	0.006403238853478121	0.003499042749701594	0.014357624524942401	0.008703572301954182	0.012254719552332066	0.006902974537360932	0.04303488942139752	0.018295629658288303	0.007344520246921256	0.5003845202821082	0.0042556597343612465	0.004751489435560509	0.005995923981437482	0.00538705926735239	0.014903495634249326	0.005195982135082121	0.0048900683103114085	0.007475211689989341	0.0039800492952071255	0.0072230892363823965	0.23503477828723254	0.009844100870512788	0.014022662452759582	0.004946564767680281
55	55	0.009169765040799267	0.005036620952242495	0.0054245888500824785	0.004107895064346205	0.16181342628932505	0.0054926084323339295	0.004946004494659338	0.002702738655083716	0.011090149385013707	0.006722833352011393	0.00946581868544554	0.005332011481933203	0.03324110834781419	0.014131952374908519	0.005673071235294841	0.46236739568726565	0.0032871664880122853	0.0036701564071506387	0.004631385403609765	0.0041610847196256635	0.011511792403791651	0.004013492481281779	0.0037771978205769835	0.005774020220584862	0.003074278838180066	0.005579275214615401	0.0298276390486845	0.00760380305429169	0.16254988262680953	0.0038208369442256336
56	56	0.2905646820422059	0.0046814869446847145	0.005042099082448621	0.003818245862895268	0.009383161445090164	0.005105322578779291	0.0045972598870658065	0.00251216755214339	0.010308178847055949	0.006248803884024546	0.008798380306331288	0.004956049378793408	0.10140763562672257	0.013135503182264306	0.0052730608827083495	0.006703478687647845	0.003055387162256656	0.003411372320439696	0.004304824704576768	0.003867685095893772	0.2927415721889741	0.003730499640904142	0.003510866204185884	0.005366891917681111	0.0028575102994106622	0.005185878454163936	0.1687452214434236	0.00706765608652188	0.010067689973632452	0.003551428317073827
57	57	0.006648148007063484	0.0036515877339280815	0.003932867351819433	0.00297825454237361	0.007318921881702627	0.00398218205597753	0.003585890126714788	0.0019595056714607033	0.008040440971384883	0.0048741042929818365	0.0068627891062499734	0.49885233066265633	0.07909856051219365	0.010245770813008209	0.059111528110295526	0.005228753351166663	0.002383220206726248	0.002660890752952492	0.0033577889404969316	0.00301681743893303	0.008346135302974483	0.002909811965964181	0.0027384965755856074	0.004186207700135315	0.002228875073708844	0.11404203447311743	0.13162227900291243	0.005512813893984609	0.007852858216009163	0.002770135265521929
58	58	0.007961811255220363	0.0043731355391792796	0.0047099955527066615	0.003566752802613251	0.008765128958005481	0.004769054762308589	0.004294456191487848	0.0023467008094777793	0.009629219047904963	0.005837219384669169	0.008218865086982257	0.333960239913645	0.0947283075961306	0.01227031848429756	0.20252412057652036	0.006261946520724083	0.0028541406487071984	0.003186678443870366	0.004021282581359299	0.0036129356648982773	0.009995318082902561	0.003484786084270955	0.0032796190510070433	0.005013395542369915	0.0026692971680956344	0.004844304734314656	0.025898377029054932	0.006602136965426727	0.20700294602716254	0.003317509494686666
59	59	0.004998641142555762	0.0027455731525639258	0.0029570630094474097	0.002239304190083467	0.005502985793661653	0.0029941419837535956	0.002696176123190494	0.0014733224437885612	0.006045484998401556	0.0036647647173499542	0.0051600265130585	0.08561167835710928	0.14217808318820357	0.007703638888407012	0.0030925162373541784	0.08663650125057933	0.0017919069437766675	0.002000683194691621	0.002524670318433602	0.0022682990441560947	0.3370956571568521	0.002187843260215601	0.002059033829711121	0.0445000864117558	0.0016758571910885022	0.0030413859580187557	0.016259703827816	0.2109077040114655	0.005904444384134422	0.002082822478376017
60	60	0.007961811255220363	0.0043731355391792796	0.0047099955527066615	0.003566752802613251	0.008765128958005481	0.33409968106634247	0.004294456191487848	0.0023467008094777793	0.009629219047904963	0.005837219384669169	0.008218865086982257	0.07049573887041784	0.3581928086393577	0.01227031848429756	0.004925744794100021	0.006261946520724083	0.0028541406487071984	0.003186678443870366	0.004021282581359299	0.0036129356648982773	0.07586144334370934	0.003484786084270955	0.0032796190510070433	0.005013395542369915	0.0026692971680956344	0.004844304734314656	0.025898377029054932	0.006602136965426727	0.009404570244742208	0.003317509494686666
61	61	0.0038765149484745395	0.0021292297375447564	0.0022932430300133546	0.0017366111948180114	0.4211706727490347	0.0023219982845060867	0.0020909216619467473	0.0011425818166153113	0.004688356755112028	0.06698100337354243	0.004001671522706851	0.00225410598016264	0.14233052274530114	0.005974277900111616	0.002398288871037911	0.00304887022764058	0.06552857641418053	0.0015515573313227395	0.0019579165517718813	0.0017590971028950035	0.004866606193122727	0.0016967025360033509	0.0015968090512312465	0.09864935692396237	0.0012996502984492172	0.0023586366362583397	0.1408874797986869	0.003214505069003257	0.0045789778191260315	0.0016152574754176503
62	62	0.009169765040799267	0.005036620952242495	0.0054245888500824785	0.004107895064346205	0.085954193581009	0.0054926084323339295	0.2325237026196075	0.002702738655083716	0.08694938209332977	0.006722833352011393	0.08532505139376159	0.005332011481933203	0.10910034105613023	0.014131952374908519	0.005673071235294841	0.00721199943736936	0.0032871664880122853	0.0036701564071506387	0.004631385403609765	0.0041610847196256635	0.011511792403791651	0.23159119060622993	0.0037771978205769835	0.005774020220584862	0.003074278838180066	0.005579275214615401	0.0298276390486845	0.00760380305429169	0.010831417210177417	0.0038208369442256336
