0	0	0.02231282348432925	0.005844223533342016	0.002529816255984087	0.014954070870349752	0.013712119294305495	0.007677692272781562	0.004494254770075218	0.0023341984031326935	0.002026458637257399	0.010289318064316592	0.006114769409022913	0.006826896610775829	0.13910854157883215	0.011973212372318935	0.01348039290052567	0.020434565463026372	0.008690654289436654	0.0035107741464589916	0.4488945799679268	0.0021022869510478274	0.028725861515016535	0.1574713665467797	0.0034198363599320333	0.00933737878265293	0.008852287916691268	0.004841042142810007	0.01029931401147529	0.00989288370741994	0.008343214473169507	0.011505165268806537
1	1	0.011210237400147923	0.0029362099007464435	0.0012710108529408075	0.0075131094311301945	0.006889137659170357	0.0038573671827597435	0.002257968963214112	0.0011727300337647198	0.0010181177842055872	0.0051694801542094895	0.003072135481663794	0.003429916960836967	0.014602324967780906	0.0060154893991946285	0.006772715464194611	0.23141665767743158	0.004366291779057985	0.0017638561819730226	0.004380086862077119	0.05634373492478777	0.014432226711840034	0.3555531548209322	0.11229320804086086	0.0046912141317372235	0.004447498504627423	0.0024321992115043335	0.11574954236434869	0.004970306649453015	0.004191733735099364	0.005780336768309048
2	2	0.00721902017348406	0.03749414630308473	8.184887313783202E-4	0.0048381926816470945	0.004436375605997722	0.03808734096653744	0.0014540569405183583	7.551991514190811E-4	6.556340031716048E-4	0.0033289733470917723	0.0019783531094100166	0.0022087524866628142	0.00940341178865573	0.11068374941898658	0.11117137782898355	0.006611334527769316	0.03841507148609011	0.0011358647374068815	0.0028206303123009674	6.801672554226628E-4	0.009293874167169196	0.15775776095893407	0.0011064430142470512	0.003020985929762527	0.00286404116883572	0.42880615241091913	0.0033322074041461113	0.0032007122320469165	0.002699337160795248	0.0037223446971251526
3	3	0.007485529926367913	0.03887834463273194	8.487054677630002E-4	0.005016807715959698	0.004600156470719116	0.002575720428824865	0.0015077374049836034	7.830793809219803E-4	6.79838514582907E-4	0.003451871447217482	0.07588682591376154	0.002290294588673315	0.009750564295759786	0.004016786113630935	0.5582881905641685	0.08069084643483145	0.002915550011363851	0.0011777982717648679	0.00292476154748842	7.052774785285911E-4	0.15730785583850004	0.015910944488197788	0.001147290365718675	0.003132513837187398	0.002969775033794184	0.0016240780043038066	0.0034552248982789922	0.0033188752244635816	0.0027989905295884463	0.0038597651699232727
4	4	0.015493117670179603	0.004057991269302714	0.0017566015778066782	0.010383498968888946	0.00952113827653495	0.005331077436308112	0.0031206278327547345	0.0016207724921356934	0.001407090507520523	0.007144484230259833	0.004245847328400289	0.004740319511207741	0.0201811550378983	0.08472387383154292	0.46782120792573284	0.014188931646414311	0.00603443708644302	0.002437738863605259	0.006053502592092572	0.00145974260639593	0.019946070605631996	0.032931554295308814	0.0023745953610217626	0.00648349628688998	0.0061466689072286074	0.0033614228883910575	0.23638191052864438	0.006869216326840283	0.005793189000537933	0.007988719108080269
5	5	0.010094083691008322	0.002643864479811173	0.001144461929200098	0.0067650623863265745	0.006203216721318066	0.0034733062093057964	0.0020331529897914375	0.0010559664960907874	9.167483037370414E-4	0.004654777901037908	0.00276625655239213	0.0030884153136168566	0.013148436116628174	0.2045476995595817	0.006098386168883863	0.009244379767448203	0.003931559436608484	0.0015882368306939832	0.3026406997173605	9.510522252504344E-4	0.11256084669534909	0.17080394190669532	0.001547097544645185	0.10378970361345277	0.0040046807680229135	0.0021900359035933745	0.0046592999610659295	0.00447543522038988	0.0037743813643016672	0.0052048142263922265
6	6	0.010094083691008322	0.002643864479811173	0.001144461929200098	0.0067650623863265745	0.006203216721318066	0.0034733062093057964	0.0020331529897914375	0.0010559664960907874	9.167483037370414E-4	0.004654777901037908	0.00276625655239213	0.0030884153136168566	0.013148436116628174	0.005416553750863717	0.6034918235950378	0.009244379767448203	0.003931559436608484	0.0015882368306939832	0.0039439810042835545	9.510522252504344E-4	0.012995273790990088	0.17080394190669532	0.001547097544645185	0.0042241307090937815	0.0040046807680229135	0.05197282235577288	0.054442086413245425	0.00447543522038988	0.0037743813643016672	0.0052048142263922265
7	7	0.015493117670179603	0.004057991269302714	0.0017566015778066782	0.010383498968888946	0.08593130011619707	0.15815140111563236	0.0031206278327547345	0.0016207724921356934	0.001407090507520523	0.007144484230259833	0.004245847328400289	0.004740319511207741	0.0201811550378983	0.08472387383154292	0.16218056056708433	0.16700925532573857	0.00603443708644302	0.002437738863605259	0.006053502592092572	0.00145974260639593	0.17276639428495624	0.032931554295308814	0.0023745953610217626	0.00648349628688998	0.0061466689072286074	0.0033614228883910575	0.007151425009657983	0.006869216326840283	0.005793189000537933	0.007988719108080269
8	8	0.015493117670179603	0.004057991269302714	0.0017566015778066782	0.010383498968888946	0.00952113827653495	0.005331077436308112	0.0031206278327547345	0.0016207724921356934	0.001407090507520523	0.007144484230259833	0.004245847328400289	0.08115048135086986	0.0201811550378983	0.008313711991880796	0.23859072240674645	0.09059909348607643	0.00603443708644302	0.002437738863605259	0.15887382627141683	0.00145974260639593	0.019946070605631996	0.10934171613497093	0.0023745953610217626	0.08289365812655211	0.0061466689072286074	0.0033614228883910575	0.007151425009657983	0.006869216326840283	0.005793189000537933	0.0843988809477424
9	9	0.025071830986751167	0.006566868813337429	0.0028426310835163826	0.016803159747515863	0.015407639363007836	0.008627048171050923	0.005049974786286593	0.002622824847513762	0.002277032688876977	0.011561604637738934	0.006870868012452589	0.007671050600548471	0.03265827569369661	0.013453714505386917	0.13879846434647636	0.02296132409851765	0.009765264161304769	0.003944885598834891	0.009796117030656078	0.002362237265012273	0.27958025814520404	0.05329168608924859	0.003842703245457945	0.01049195691716772	0.009946883981277322	0.005439642835408771	0.1352240412207878	0.13476735532003992	0.009374862993221506	0.012927792813703978
10	10	0.01828787694419988	0.004790000731517404	0.0020734699225029175	0.012256548709932187	0.011238629233748276	0.006292735278378166	0.0036835489801970997	0.0019131390157690659	0.0016609115478685172	0.008433257347825579	0.005011743608912007	0.00559541221738826	0.023821575991465706	0.46078126293769833	0.1914358489705972	0.016748432526187625	0.007122971968178868	0.00287747561909467	0.007145476645973257	0.0017230614085734818	0.1137376581834114	0.03887198337704635	0.0028029418403126647	0.007653035676030355	0.0072554489667690765	0.0039677803686105975	0.00844145015460807	0.008108334653014193	0.006838205828659524	0.009429781345529312
11	11	0.01828787694419988	0.004790000731517404	0.0020734699225029175	0.012256548709932187	0.011238629233748276	0.006292735278378166	0.0036835489801970997	0.0019131390157690659	0.0016609115478685172	0.008433257347825579	0.005011743608912007	0.00559541221738826	0.11401514882540516	0.37058769010375886	0.011048703302718305	0.016748432526187625	0.007122971968178868	0.00287747561909467	0.007145476645973257	0.0017230614085734818	0.02354408534947193	0.21925912904492526	0.0028029418403126647	0.09784660850996982	0.0072554489667690765	0.0039677803686105975	0.00844145015460807	0.008108334653014193	0.006838205828659524	0.009429781345529312
12	12	0.011210237400147923	0.0029362099007464435	0.0012710108529408075	0.0075131094311301945	0.17275169784388353	0.0038573671827597435	0.002257968963214112	0.0011727300337647198	0.0010181177842055872	0.0051694801542094895	0.003072135481663794	0.003429916960836967	0.014602324967780906	0.0060154893991946285	0.2832103157720499	0.010266577431147351	0.004366291779057985	0.0017638561819730226	0.004380086862077119	0.0010562148632167047	0.12500726683498217	0.07911555451307685	0.1675807281024319	0.0046912141317372235	0.05973501856619848	0.0024321992115043335	0.005174502241206549	0.004970306649453015	0.004191733735099364	0.005780336768309048
13	13	0.013439316909969109	0.0035200552817730426	0.0015237427218496068	0.009007040174091591	0.008258995856481282	0.004624378428108835	0.0027069507438895464	0.0014059194298057308	0.0012205635853379767	0.00619739614535733	0.0036830087405549075	0.004111932634982186	0.017505898034039184	0.007211628578291261	0.008119423899368882	0.012308016570291827	0.0052344992211653596	0.002114586994636777	0.005251037362676174	0.0012662360095604813	0.017301976896080744	0.028566077140455812	0.002059813929583614	0.5358725712195445	0.0053318533521433675	0.002915825492790403	0.27132768736241913	0.005958618342983921	0.005025231496655504	0.0069297174451119934
14	14	0.007485529926367913	0.001960626371912984	8.487054677630002E-4	0.005016807715959698	0.004600156470719116	0.002575720428824865	0.0015077374049836034	7.830793809219803E-4	6.79838514582907E-4	0.26187589927295013	0.0020513893921236307	0.002290294588673315	0.009750564295759786	0.004016786113630935	0.0045224166518841565	0.006855409913193528	0.002915550011363851	0.0011777982717648679	0.00292476154748842	7.052774785285911E-4	0.009636982795224252	0.05282866274901674	0.001147290365718675	0.003132513837187398	0.002969775033794184	0.0016240780043038066	0.33571468924564957	0.04023659348528254	0.0027989905295884463	0.225366074734837
15	15	0.006128114007887665	0.031828197962055514	6.948023609188717E-4	0.004107066559276821	0.0037659702898772897	0.002108642754160072	0.0012343263339512688	6.410768203079558E-4	5.565575136693789E-4	0.0028259137265095246	0.03190250213838267	0.0018749756515699797	0.007982410094330846	0.0032883875279053347	0.3966027438819264	0.0358353680461986	0.00238684809774117	9.642179189269895E-4	0.0023943892263071373	5.773834101436634E-4	0.007889425310178572	0.04324878417356166	9.392422754879805E-4	0.0025644679955056176	0.002431240027611469	0.03155267882230662	0.03305176800394778	0.0027170348597263705	0.0022914253554575698	0.33561403885416924
16	16	0.009615402177741973	0.0025184871708044607	0.0010901892695991842	0.006444249680631186	0.005909047853872997	0.003308595124753472	0.0019367368335907202	0.0010058904658358002	8.732742768961394E-4	0.004434039080378792	0.0026350751680172843	0.05036394428268212	0.012524911140012413	0.005159690005176566	0.005809188574613441	0.293337919476881	0.0037451170731189897	0.001512919483145223	0.003756949585363785	9.059514382633263E-4	0.012379012076306376	0.020438116177030858	0.0014737311038159793	0.5256656794192975	0.0038147708456499237	0.002086180047774232	0.004438346695331504	0.004263201186137708	0.0035953926974336046	0.004957991589843353
17	17	0.016774889707578133	0.0043937158050435755	0.0019019282209791128	0.011242543540292114	0.010308838277713978	0.0057721265609925665	0.003378802693380202	0.0017548617634902156	0.0015235015040044734	0.007735559590489486	0.0045971135161658174	0.0051324942256292	0.021850776398857248	0.17446492914231448	0.0928663300348398	0.01536280615070071	0.006533676354065109	0.0026394171556292723	0.006554319181499771	0.0015805096007807248	0.021596243030739475	0.03565603792361323	0.002571049683430499	0.3379467061561074	0.006655193304716208	0.08637122392657227	0.0077430745923998305	0.09016922309624294	0.006272469402735264	0.008649639458996954
18	18	0.011866295447773213	0.0031080460596199697	0.41100722127566724	0.007952800021885873	0.00729231147620634	0.12112934859647448	0.0023901123475803705	0.0012413618520643994	0.0010777012115600953	0.005472014251940873	0.003251926429366127	0.0036306463963093932	0.01545689855683139	0.006367534595908677	0.12421531214977154	0.01086740955493302	0.004621820788630373	0.0018670825456735586	0.1802057775905382	0.0011180278504265583	0.015276845620564519	0.025222525326498043	0.0018187204617332053	0.004965758610538278	0.004707779984993198	0.0025745390932729612	0.005477330247128516	0.005261184492637327	0.004437047063644758	0.006118620099827387
19	19	0.009180065236442532	0.002404462766897794	0.0010408309948966037	0.0061524865392589044	0.005641515953371547	0.003158798615467299	0.001849051152466632	9.603488160343085E-4	8.337368196382962E-4	0.09478320654411947	0.0025157722472934686	0.0028087595589767426	0.10250776470135184	0.14075096285400324	0.3677458514077099	0.008407301933826812	0.003575557050430183	0.0014444221152712729	0.0035868538461658484	8.649345238577759E-4	0.14764343041290304	0.06478774050206888	0.0014070079882173181	0.0038416360180651087	0.0036420572512515757	0.001991728331225104	0.004237400729780031	0.00407018492636924	0.0034326114397453633	0.004733518722893796
20	20	0.008417831299178433	0.0022048167867644683	9.54409309774245E-4	0.005641636788413232	0.005173092820580932	0.002896519051686652	0.0016955217925060553	8.806096812526893E-4	7.645104598786548E-4	0.003881792177033841	0.002306884081912918	0.0025755442383526513	0.010964969230084175	0.004517065351689022	0.8353999633099938	0.007709231638057077	0.0032786734381392135	0.0013244896825883416	0.00328903224477891	7.931177741272209E-4	0.010837241478058528	0.01789260718074898	0.0012901821039781195	0.003522659488795901	0.003339652032240458	0.0018263522811897029	0.0038855632908472277	0.00373223165458817	0.0031475968058157218	0.04585620252694461
21	21	0.009615402177741973	0.0025184871708044607	0.0010901892695991842	0.006444249680631186	0.05333103561614542	0.003308595124753472	0.0019367368335907202	0.0010058904658358002	8.732742768961394E-4	0.004434039080378792	0.0026350751680172843	0.002941956520409703	0.012524911140012413	0.005159690005176566	0.10065316409915827	0.008805992903246476	0.0037451170731189897	0.09635689500769007	0.003756949585363785	9.059514382633263E-4	0.012379012076306376	0.020438116177030858	0.0014737311038159793	0.19371176508339058	0.0038147708456499237	0.002086180047774232	0.43123623655578325	0.004263201186137708	0.0035953926974336046	0.004957991589843353
22	22	0.020100843869793772	0.00526485699429239	0.0022790231642587215	0.013471600489908482	0.012352769664152932	0.00691656498622382	0.004048717254802122	0.002102797868474361	0.0018255658547522689	0.009269287505578717	0.005508582330554638	0.006150112870511706	0.22445293368110253	0.010786249112977325	0.3095487275043539	0.018408786777157658	0.007829107110581846	0.0031627338884136777	0.007853842787449383	0.00189387693593308	0.02587812599083189	0.04272555371819914	0.003080811210625866	0.20668152667335205	0.00797471720371216	0.00436112589462548	0.009278292505475247	0.008912153630603267	0.007516110707153088	0.010364601814148494
23	23	0.010094083691008322	0.002643864479811173	0.001144461929200098	0.0067650623863265745	0.006203216721318066	0.0034733062093057964	0.0020331529897914375	0.0010559664960907874	9.167483037370414E-4	0.05443756435321741	0.00276625655239213	0.0030884153136168566	0.013148436116628174	0.005416553750863717	0.45414346423849933	0.10880995267180721	0.003931559436608484	0.0015882368306939832	0.0039439810042835545	9.510522252504344E-4	0.21212641959970807	0.07123836900233631	0.001547097544645185	0.0042241307090937815	0.0040046807680229135	0.0021900359035933745	0.0046592999610659295	0.00447543522038988	0.0037743813643016672	0.0052048142263922265
24	24	0.04610535260497298	0.04036866358139569	8.812387932528115E-4	0.0052091164078941436	0.004776493720154345	0.11767309747057843	0.001565533323135026	8.130970694506572E-4	7.058986832934164E-4	0.0035841916237768635	0.0021300250570689882	0.002378088178029181	0.010124331514179392	0.0041707610967333195	0.34969170068322464	0.007118197523905947	0.0030273114422776095	0.001222946672467011	0.11803551834082146	7.323127960104993E-4	0.01000639610752813	0.05485373757849242	0.001191269310496339	0.0032525921165640712	0.04141649581859439	0.04001921434534348	0.1185863158799815	0.0034460972726755956	0.002906283899786727	0.004007721087914856
25	25	0.020100843869793772	0.00526485699429239	0.0022790231642587215	0.013471600489908482	0.012352769664152932	0.20518637302634016	0.004048717254802122	0.002102797868474361	0.0018255658547522689	0.009269287505578717	0.005508582330554638	0.006150112870511706	0.22445293368110253	0.010786249112977325	0.012144015444179385	0.018408786777157658	0.007829107110581846	0.0031627338884136777	0.007853842787449383	0.00189387693593308	0.12501303001089006	0.24099536175831549	0.003080811210625866	0.008411718633235706	0.00797471720371216	0.00436112589462548	0.009278292505475247	0.008912153630603267	0.007516110707153088	0.010364601814148494
26	26	0.2364261823804011	0.010439403131761987	0.004518953047369194	0.0267121155421048	0.024493645783293404	0.013714486501057327	0.008027984736379484	0.004169525340842438	0.003619816819715917	0.01837957405487825	0.010922673055603065	0.012194729625270424	0.051917118377982796	0.02138747603060288	0.220649013185625	0.036501797967492054	0.015523917435499695	0.006271215741553696	0.015572964485179709	0.0037552672062289992	0.05131235089684156	0.0847182135764697	0.006108775648691239	0.016679146639405312	0.015812639895366822	0.008647443106568281	0.01839742958717918	0.01767143240983095	0.014903293620317878	0.020551414170486913
27	27	0.0069708352618861255	0.0018258164195659576	7.903496559138731E-4	0.004671858969573695	0.004283856086571252	0.0023986174615061367	0.10454198880889548	7.292359278610947E-4	6.33093760422953E-4	0.0032145255500216734	0.0019103387002839842	0.002132817106587603	0.043459436119696694	0.07249921169247996	0.4167631469039285	0.04076334854044505	0.0027150808328768564	0.0010968144947609345	0.00272365899654261	6.567835764603952E-4	0.008974357212908074	0.25547207978398895	0.0010684042700574046	0.002917126526699678	0.0027655774179085237	0.0015124086513334963	0.0032176484224353207	0.003090673963241579	0.0026065358195431895	0.003594373065602867
28	28	0.010094083691008322	0.002643864479811173	0.001144461929200098	0.0067650623863265745	0.006203216721318066	0.0034733062093057964	0.0020331529897914375	0.0010559664960907874	9.167483037370414E-4	0.004654777901037908	0.00276625655239213	0.0030884153136168566	0.11271400902098716	0.005416553750863717	0.25501231842978134	0.009244379767448203	0.003931559436608484	0.0015882368306939832	0.25285791326518103	9.510522252504344E-4	0.1623436331475286	0.07123836900233631	0.001547097544645185	0.0042241307090937815	0.0040046807680229135	0.0021900359035933745	0.0046592999610659295	0.00447543522038988	0.0037743813643016672	0.054987600678571724
29	29	0.08537942391102332	0.003769930286023421	0.0016319072785456802	0.009646414849096929	0.008845269781049485	0.004952645028171156	0.002899106626252355	0.0015057201702422403	0.0013072066368415775	0.006637325141978777	0.14591665572841417	0.004403822705562529	0.018748573502322997	0.007723553982128956	0.07968189243107335	0.013181714693369682	0.005606075918244524	0.0022646932833103213	0.5025265039724712	0.00135612116844115	0.01853017679760913	0.03059387161398256	0.0022060320918593046	0.006023258156360416	0.005710340839521163	0.0031228085794416365	0.006643773222500692	0.006381597434104765	0.005381953093639471	0.007421631076416981
30	30	0.015493117670179603	0.004057991269302714	0.0017566015778066782	0.010383498968888946	0.00952113827653495	0.005331077436308112	0.0031206278327547345	0.0016207724921356934	0.001407090507520523	0.007144484230259833	0.004245847328400289	0.004740319511207741	0.0201811550378983	0.008313711991880796	0.009360236887760075	0.16700925532573857	0.15885476076576727	0.002437738863605259	0.15887382627141683	0.00145974260639593	0.019946070605631996	0.33857220165395735	0.0023745953610217626	0.00648349628688998	0.0061466689072286074	0.0033614228883910575	0.007151425009657983	0.006869216326840283	0.005793189000537933	0.007988719108080269
31	31	0.010622922366687193	0.0027823790625090775	0.001204421381640759	0.00711949045952125	0.006528209164046978	0.003655276035610356	0.0021396718148267023	0.001111289588354363	9.647776220704143E-4	0.21446246269195815	0.0029111833725509705	0.00325022033865884	0.01383729523014631	0.42482796524079613	0.006417886438948368	0.009728701643840482	0.004137537586726348	0.0016714460736445647	0.004150609932183753	0.0010008787587624268	0.11845801685183255	0.12736156925915898	0.0016281514611472842	0.004445436947329305	0.0042144898144611176	0.0023047739741700215	0.004903405131621988	0.004709907541750347	0.003972124805242457	0.005477499409802356
32	32	0.011866295447773213	0.0031080460596199697	0.0013453943712309643	0.007952800021885873	0.1828616658638219	0.004083112338064111	0.0023901123475803705	0.05976447998126959	0.0010777012115600953	0.06399513238114606	0.003251926429366127	0.0036306463963093932	0.01545689855683139	0.006367534595908677	0.007169075891361168	0.01086740955493302	0.12166805704704074	0.0018670825456735586	0.12168265946133301	0.0011180278504265583	0.015276845620564519	0.14226876158490842	0.0018187204617332053	0.004965758610538278	0.004707779984993198	0.0025745390932729612	0.1225235665055389	0.005261184492637327	0.004437047063644758	0.06464173822903257
33	33	0.014393321634664573	0.003769930286023421	0.0016319072785456802	0.009646414849096929	0.15081747433376697	0.004952645028171156	0.002899106626252355	0.5693945383811122	0.0013072066368415775	0.006637325141978777	0.003944451175696661	0.004403822705562529	0.018748573502322997	0.007723553982128956	0.008695790154714594	0.013181714693369682	0.005606075918244524	0.0022646932833103213	0.005623788037960086	0.00135612116844115	0.08951627907396788	0.03059387161398256	0.0022060320918593046	0.006023258156360416	0.005710340839521163	0.0031228085794416365	0.006643773222500692	0.006381597434104765	0.005381953093639471	0.007421631076416981
34	34	0.016774889707578133	0.0043937158050435755	0.0019019282209791128	0.011242543540292114	0.3412356574461038	0.0057721265609925665	0.003378802693380202	0.0017548617634902156	0.0015235015040044734	0.007735559590489486	0.0045971135161658174	0.08786419901772663	0.021850776398857248	0.009001519558119599	0.010134625242742343	0.01536280615070071	0.006533676354065109	0.0026394171556292723	0.006554319181499771	0.0015805096007807248	0.021596243030739475	0.36658285709200306	0.002571049683430499	0.007019886987717622	0.006655193304716208	0.003639519134474826	0.0077430745923998305	0.00743751830414549	0.006272469402735264	0.008649639458996954
35	35	0.015493117670179603	0.004057991269302714	0.0017566015778066782	0.010383498968888946	0.00952113827653495	0.005331077436308112	0.0031206278327547345	0.0016207724921356934	0.001407090507520523	0.007144484230259833	0.004245847328400289	0.004740319511207741	0.0201811550378983	0.008313711991880796	0.009360236887760075	0.09059909348607643	0.00603443708644302	0.6137190335809022	0.006053502592092572	0.00145974260639593	0.019946070605631996	0.10934171613497093	0.0023745953610217626	0.00648349628688998	0.0061466689072286074	0.0033614228883910575	0.007151425009657983	0.006869216326840283	0.005793189000537933	0.007988719108080269
36	36	0.04610535260497298	0.0020357828288278643	8.812387932528115E-4	0.0052091164078941436	0.004776493720154345	0.0026744552128749616	0.001565533323135026	8.130970694506572E-4	7.058986832934164E-4	0.0035841916237768635	0.0021300250570689882	0.002378088178029181	0.010124331514179392	0.08083652260186898	0.004695773910114259	0.007118197523905947	0.7313520457410663	0.001222946672467011	0.0030368760831179895	7.323127960104993E-4	0.01000639610752813	0.05485373757849242	0.001191269310496339	0.0032525921165640712	0.0030836150660265692	0.0016863335927756527	0.0035876736222780242	0.0034460972726755956	0.002906283899786727	0.004007721087914856
37	37	0.014393321634664573	0.003769930286023421	0.0016319072785456802	0.009646414849096929	0.008845269781049485	0.004952645028171156	0.002899106626252355	0.0015057201702422403	0.0013072066368415775	0.1486095296946963	0.003944451175696661	0.004403822705562529	0.018748573502322997	0.007723553982128956	0.15066799470743208	0.013181714693369682	0.21856438274732076	0.0022646932833103213	0.005623788037960086	0.00135612116844115	0.01853017679760913	0.03059387161398256	0.0022060320918593046	0.1479954627090779	0.005710340839521163	0.0031228085794416365	0.1486159777752182	0.006381597434104765	0.005381953093639471	0.007421631076416981
38	38	0.013439316909969109	0.0035200552817730426	0.13408587798295013	0.07528810780464185	0.008258995856481282	0.004624378428108835	0.0027069507438895464	0.0014059194298057308	0.0012205635853379767	0.00619739614535733	0.0036830087405549075	0.004111932634982186	0.017505898034039184	0.007211628578291261	0.008119423899368882	0.012308016570291827	0.13779663448226587	0.3998009927779383	0.005251037362676174	0.0012662360095604813	0.017301976896080744	0.09484714477100606	0.002059813929583614	0.005624030175142428	0.0053318533521433675	0.002915825492790403	0.006203416840218085	0.005958618342983921	0.005025231496655504	0.0069297174451119934
39	39	0.012603915907307117	0.0033012452238275008	0.001429025393122294	0.008447153801676979	0.007745608645977473	0.004336922569942046	0.002538684054388052	0.0013185261114406841	0.0011446921664381299	0.005812159976852023	0.0034540693372143902	0.0038563309054333757	0.016417714395830108	0.006763346735881441	0.007614712617388547	0.01154293829641207	0.3157139778557496	0.0019831422115894194	0.004924627775999842	0.0011875255483755922	0.016226469194026438	0.02679038201806797	0.0019317738935015088	0.37824026722584997	0.005000420165005472	0.002734574945862858	0.005817806419467884	0.0055882248347754486	0.004712858222103094	0.1308209035504926
40	40	0.010622922366687193	0.0027823790625090775	0.001204421381640759	0.00711949045952125	0.3208739339671526	0.003655276035610356	0.0021396718148267023	0.001111289588354363	9.647776220704143E-4	0.004898646156554448	0.0029111833725509705	0.00325022033865884	0.01383729523014631	0.0057003321699887555	0.0588088405727993	0.16690156404539327	0.16131039998827912	0.0016714460736445647	0.004150609932183753	0.0010008787587624268	0.013676108584130684	0.07497061512530806	0.0016281514611472842	0.004445436947329305	0.0042144898144611176	0.0023047739741700215	0.004903405131621988	0.004709907541750347	0.003972124805242457	0.11025940767750422
41	41	0.3249686471697928	0.0027823790625090775	0.001204421381640759	0.00711949045952125	0.006528209164046978	0.003655276035610356	0.3164853966179323	0.001111289588354363	9.647776220704143E-4	0.004898646156554448	0.0029111833725509705	0.00325022033865884	0.01383729523014631	0.0057003321699887555	0.006417886438948368	0.009728701643840482	0.05652849172057727	0.0016714460736445647	0.004150609932183753	0.0010008787587624268	0.013676108584130684	0.022579660991457137	0.0016281514611472842	0.004445436947329305	0.05660544394831204	0.0023047739741700215	0.004903405131621988	0.05710086167560128	0.05636307893909338	0.005477499409802356
42	42	0.014393321634664573	0.003769930286023421	0.0016319072785456802	0.009646414849096929	0.008845269781049485	0.004952645028171156	0.002899106626252355	0.0015057201702422403	0.0013072066368415775	0.006637325141978777	0.003944451175696661	0.07538992498192128	0.018748573502322997	0.007723553982128956	0.2926401992601496	0.013181714693369682	0.07659217819460326	0.0022646932833103213	0.005623788037960086	0.00135612116844115	0.16050238135032663	0.03059387161398256	0.0022060320918593046	0.21898156498543664	0.005710340839521163	0.0031228085794416365	0.006643773222500692	0.006381597434104765	0.005381953093639471	0.007421631076416981
43	43	0.14600145217106963	0.0035200552817730426	0.0015237427218496068	0.009007040174091591	0.008258995856481282	0.004624378428108835	0.0027069507438895464	0.0014059194298057308	0.0012205635853379767	0.00619739614535733	0.0036830087405549075	0.004111932634982186	0.017505898034039184	0.007211628578291261	0.008119423899368882	0.012308016570291827	0.3366398373739166	0.002114586994636777	0.005251037362676174	0.0012662360095604813	0.083583044526631	0.028566077140455812	0.002059813929583614	0.005624030175142428	0.0053318533521433675	0.002915825492790403	0.006203416840218085	0.005958618342983921	0.005025231496655504	0.272053987967313
44	44	0.015493117670179603	0.004057991269302714	0.0017566015778066782	0.010383498968888946	0.00952113827653495	0.005331077436308112	0.0031206278327547345	0.0016207724921356934	0.001407090507520523	0.007144484230259833	0.004245847328400289	0.08115048135086986	0.0201811550378983	0.008313711991880796	0.009360236887760075	0.16700925532573857	0.00603443708644302	0.5373088717412401	0.006053502592092572	0.00145974260639593	0.019946070605631996	0.032931554295308814	0.0023745953610217626	0.00648349628688998	0.0061466689072286074	0.0033614228883910575	0.007151425009657983	0.006869216326840283	0.005793189000537933	0.007988719108080269
45	45	0.07476488794616883	0.0033012452238275008	0.1257509694708457	0.07060812584053869	0.06990658068483918	0.004336922569942046	0.002538684054388052	0.0013185261114406841	0.0011446921664381299	0.13013410405457546	0.0034540693372143902	0.0038563309054333757	0.016417714395830108	0.006763346735881441	0.007614712617388547	0.1358648823741355	0.12923106173916446	0.0019831422115894194	0.004924627775999842	0.12550946962609902	0.016226469194026438	0.02679038201806797	0.0019317738935015088	0.005274434992679684	0.005000420165005472	0.002734574945862858	0.005817806419467884	0.0055882248347754486	0.004712858222103094	0.006498959472769174
46	46	0.02860942026630177	0.00749344193544222	0.003243721105704186	0.1602722170826898	0.017581628963630195	0.009844308814687348	0.005762516948660321	0.0029929006137235257	0.0025983178169401862	0.01319292580620409	0.007840334862915315	0.008753421743754193	0.03726629838033964	0.01535200889918454	0.017284510233179177	0.3083974494799511	0.011143124989549285	0.004501501707601195	0.011178331142069991	0.002695544602193921	0.03683219405970205	0.06081104506618668	0.00438490161193584	0.011972352757874083	0.011350371032370434	0.006207166443449011	0.013205742572913322	0.15378278150353217	0.010697638934061301	0.014751880623253173
47	47	0.009180065236442532	0.22877925877240005	0.0010408309948966037	0.0061524865392589044	0.005641515953371547	0.003158798615467299	0.001849051152466632	9.603488160343085E-4	8.337368196382962E-4	0.23060808414742082	0.0025157722472934686	0.0028087595589767426	0.011957846299150941	0.004926085250701872	0.005546177798906319	0.09895722033602772	0.003575557050430183	0.0014444221152712729	0.0035868538461658484	0.13668981212715914	0.011818552809601675	0.20061261810537026	0.0014070079882173181	0.0038416360180651087	0.0036420572512515757	0.001991728331225104	0.004237400729780031	0.00407018492636924	0.0034326114397453633	0.004733518722893796
48	48	0.009615402177741973	0.0025184871708044607	0.0010901892695991842	0.006444249680631186	0.005909047853872997	0.003308595124753472	0.0019367368335907202	0.0010058904658358002	8.732742768961394E-4	0.09927801460492364	0.0026350751680172843	0.002941956520409703	0.05994689890228483	0.24226962881653868	0.005809188574613441	0.008805992903246476	0.0037451170731189897	0.001512919483145223	0.003756949585363785	9.059514382633263E-4	0.012379012076306376	0.11528209170157569	0.0014737311038159793	0.004023814034300897	0.0038147708456499237	0.002086180047774232	0.2415482855066936	0.004263201186137708	0.0035953926974336046	0.14722395487666062
49	49	0.015493117670179603	0.004057991269302714	0.0017566015778066782	0.010383498968888946	0.00952113827653495	0.005331077436308112	0.0031206278327547345	0.0016207724921356934	0.07781725234718265	0.007144484230259833	0.004245847328400289	0.004740319511207741	0.0201811550378983	0.008313711991880796	0.46782120792573284	0.014188931646414311	0.00603443708644302	0.002437738863605259	0.006053502592092572	0.00145974260639593	0.019946070605631996	0.032931554295308814	0.07878475720068388	0.00648349628688998	0.15896699258655286	0.0033614228883910575	0.007151425009657983	0.006869216326840283	0.005793189000537933	0.007988719108080269
50	50	0.009180065236442532	0.002404462766897794	0.0010408309948966037	0.0061524865392589044	0.05091647515447199	0.003158798615467299	0.001849051152466632	9.603488160343085E-4	8.337368196382962E-4	0.004233288141918558	0.18361560905169527	0.0028087595589767426	0.011957846299150941	0.004926085250701872	0.005546177798906319	0.05368226113492726	0.003575557050430183	0.36364409572407486	0.0035868538461658484	8.649345238577759E-4	0.011818552809601675	0.1553376589042698	0.0014070079882173181	0.0038416360180651087	0.0036420572512515757	0.001991728331225104	0.004237400729780031	0.00407018492636924	0.0034326114397453633	0.09528343712509471
51	51	0.02231282348432925	0.3359765745227696	0.002529816255984087	0.23504230486330147	0.013712119294305495	0.007677692272781562	0.004494254770075218	0.0023341984031326935	0.002026458637257399	0.010289318064316592	0.006114769409022913	0.006826896610775829	0.02906442458235629	0.011973212372318935	0.01348039290052567	0.020434565463026372	0.1187347712859125	0.0035107741464589916	0.008718111982023392	0.0021022869510478274	0.028725861515016535	0.047427249550303856	0.0034198363599320333	0.00933737878265293	0.008852287916691268	0.004841042142810007	0.01029931401147529	0.00989288370741994	0.008343214473169507	0.011505165268806537
52	52	0.015493117670179603	0.004057991269302714	0.0017566015778066782	0.010383498968888946	0.08593130011619707	0.005331077436308112	0.0031206278327547345	0.0016207724921356934	0.001407090507520523	0.08355464606992195	0.08065600916806241	0.004740319511207741	0.0201811550378983	0.008313711991880796	0.009360236887760075	0.014188931646414311	0.00603443708644302	0.002437738863605259	0.006053502592092572	0.00145974260639593	0.24917655612461836	0.33857220165395735	0.0023745953610217626	0.00648349628688998	0.0061466689072286074	0.0033614228883910575	0.007151425009657983	0.006869216326840283	0.005793189000537933	0.007988719108080269
53	53	0.015493117670179603	0.004057991269302714	0.0017566015778066782	0.010383498968888946	0.00952113827653495	0.005331077436308112	0.0031206278327547345	0.0016207724921356934	0.001407090507520523	0.007144484230259833	0.004245847328400289	0.004740319511207741	0.0201811550378983	0.4667746830298536	0.009360236887760075	0.16700925532573857	0.00603443708644302	0.002437738863605259	0.006053502592092572	0.00145974260639593	0.019946070605631996	0.10934171613497093	0.0023745953610217626	0.00648349628688998	0.0061466689072286074	0.0033614228883910575	0.08356158684932011	0.006869216326840283	0.005793189000537933	0.007988719108080269
54	54	0.020100843869793772	0.00526485699429239	0.0022790231642587215	0.013471600489908482	0.012352769664152932	0.00691656498622382	0.004048717254802122	0.002102797868474361	0.49750008595504314	0.009269287505578717	0.005508582330554638	0.006150112870511706	0.22445293368110253	0.010786249112977325	0.012144015444179385	0.018408786777157658	0.007829107110581846	0.0031627338884136777	0.007853842787449383	0.00189387693593308	0.02587812599083189	0.04272555371819914	0.003080811210625866	0.008411718633235706	0.00797471720371216	0.00436112589462548	0.009278292505475247	0.008912153630603267	0.007516110707153088	0.010364601814148494
55	55	0.16831344134950388	0.004057991269302714	0.0017566015778066782	0.010383498968888946	0.08593130011619707	0.005331077436308112	0.0031206278327547345	0.0016207724921356934	0.15422741418684477	0.3127851315889083	0.004245847328400289	0.004740319511207741	0.0201811550378983	0.008313711991880796	0.009360236887760075	0.014188931646414311	0.00603443708644302	0.002437738863605259	0.006053502592092572	0.00145974260639593	0.019946070605631996	0.10934171613497093	0.0023745953610217626	0.00648349628688998	0.0061466689072286074	0.0033614228883910575	0.007151425009657983	0.006869216326840283	0.005793189000537933	0.007988719108080269
56	56	0.22735162846374082	0.003769930286023421	0.0016319072785456802	0.009646414849096929	0.008845269781049485	0.004952645028171156	0.002899106626252355	0.0015057201702422403	0.0013072066368415775	0.4325539388001312	0.003944451175696661	0.004403822705562529	0.16072077805504048	0.007723553982128956	0.008695790154714594	0.013181714693369682	0.005606075918244524	0.0022646932833103213	0.005623788037960086	0.00135612116844115	0.01853017679760913	0.03059387161398256	0.0022060320918593046	0.006023258156360416	0.005710340839521163	0.0031228085794416365	0.006643773222500692	0.006381597434104765	0.005381953093639471	0.007421631076416981
57	57	0.011210237400147923	0.0029362099007464435	0.0012710108529408075	0.0075131094311301945	0.006889137659170357	0.0038573671827597435	0.002257968963214112	0.0011727300337647198	0.0010181177842055872	0.0051694801542094895	0.003072135481663794	0.003429916960836967	0.014602324967780906	0.0060154893991946285	0.5596479160799052	0.010266577431147351	0.004366291779057985	0.0017638561819730226	0.004380086862077119	0.0010562148632167047	0.014432226711840034	0.13440307457464792	0.0017181679177187409	0.0046912141317372235	0.004447498504627423	0.0024321992115043335	0.005174502241206549	0.004970306649453015	0.004191733735099364	0.17164289695302223
58	58	0.013439316909969109	0.0035200552817730426	0.20036694561350038	0.009007040174091591	0.008258995856481282	0.004624378428108835	0.0027069507438895464	0.2665301899520067	0.0012205635853379767	0.00619739614535733	0.0036830087405549075	0.004111932634982186	0.017505898034039184	0.20605483146994202	0.008119423899368882	0.012308016570291827	0.0052344992211653596	0.002114586994636777	0.005251037362676174	0.0012662360095604813	0.017301976896080744	0.1611282124015563	0.002059813929583614	0.005624030175142428	0.0053318533521433675	0.002915825492790403	0.006203416840218085	0.005958618342983921	0.005025231496655504	0.0069297174451119934
59	59	0.09541028679656373	0.0023003160515157805	9.95748521223647E-4	0.005885998210424199	0.005397159765200284	0.0030219786551488386	0.001768961493040888	9.187523412675067E-4	7.976244071469176E-4	0.2206195433244413	0.0024068042816373057	0.0026871011634330803	0.011439905064108946	0.091340563372794	0.0053059510802260495	0.008043148704387293	0.0034206856473085008	0.0013818585268466003	0.4365707241336256	8.274708164049409E-4	0.011306644922054335	0.01866760619223288	0.0013460649524147108	0.003675239691000783	0.003484305463545387	0.0019054587634505032	0.004053862280426827	0.003893889249466061	0.0032839315718123535	0.0478424145568507
60	60	0.014393321634664573	0.003769930286023421	0.0016319072785456802	0.009646414849096929	0.008845269781049485	0.004952645028171156	0.002899106626252355	0.0015057201702422403	0.0013072066368415775	0.21959563197105503	0.003944451175696661	0.004403822705562529	0.16072077805504048	0.007723553982128956	0.008695790154714594	0.15515391924608718	0.005606075918244524	0.0022646932833103213	0.005623788037960086	0.00135612116844115	0.01853017679760913	0.3145382807194176	0.0022060320918593046	0.006023258156360416	0.005710340839521163	0.0031228085794416365	0.006643773222500692	0.006381597434104765	0.005381953093639471	0.007421631076416981
61	61	0.038689879851566585	0.0017083524710477284	7.395024895181753E-4	0.004371294796962689	0.32568338872952685	0.0022443023425303406	0.0013137367518838742	6.823205148053385E-4	5.92363656298239E-4	0.19601279974598482	0.0017874370085597508	0.0019956022606029437	0.008495958662699386	0.0034999460280625873	0.003940517057727601	0.005973323950458947	0.002540406034382222	0.001026250904705548	0.0025484323216575476	6.145293873829949E-4	0.008396991699954786	0.3677063305076084	9.996684525733482E-4	0.002729453113052281	0.002587653920256109	0.0014151078000239244	0.003010640924533339	0.0028918353705909856	0.002438844267404269	0.003363128977638287
62	62	0.015493117670179603	0.004057991269302714	0.0017566015778066782	0.010383498968888946	0.00952113827653495	0.005331077436308112	0.0031206278327547345	0.0016207724921356934	0.001407090507520523	0.007144484230259833	0.004245847328400289	0.004740319511207741	0.0201811550378983	0.008313711991880796	0.544231369765395	0.2434194171654007	0.00603443708644302	0.002437738863605259	0.006053502592092572	0.00145974260639593	0.019946070605631996	0.032931554295308814	0.0023745953610217626	0.00648349628688998	0.0061466689072286074	0.0033614228883910575	0.007151425009657983	0.006869216326840283	0.005793189000537933	0.007988719108080269
