0	0	0.0063492594507434845	0.013642647639046764	0.021532550406350808	0.015360396930279156	0.009140674572052442	0.666995017484525	0.2090225610112423	0.022394478922045175	0.01202658658558539	0.02353582699812943
1	1	0.0029794323009437722	0.006401903302504122	0.010104292744702559	0.0072079686023906716	0.29914673201504643	0.018134446421982836	0.6288285666504106	0.010508758443527262	0.005643555885717394	0.011044343632774374
2	2	0.14488223733294223	0.07542057397515706	0.006128693334956934	0.43359719257276313	0.002601660754047299	0.01099933104945006	0.3098743542030736	0.006374019385501665	0.003423062278197219	0.006698875113910892
3	3	0.0019463957336855475	0.004182218629876027	0.006600905912166268	0.5825798327028444	0.0028021173379467914	0.24299523562189376	0.06407686190059046	0.045389869527978584	0.0036868074147201773	0.045739755218298025
4	4	0.003899198311848404	0.008378203640281969	0.013223539665622302	0.5496670683105114	0.0056134582524154045	0.023732642910698994	0.20554092251805298	0.013752865997205103	0.007385750491944698	0.16880634990141877
5	5	0.0024107664261497656	0.005180011487505689	0.05589170740837783	0.14898010425082886	0.003470645914160041	0.39640090624137664	0.36566005874477675	0.008503016506919281	0.00456640516687617	0.008936377853029078
6	6	0.0026651022434471166	0.005726502612068322	0.00903829003056157	0.6921974184034694	0.003836798999565906	0.016221262630330222	0.19323722250811956	0.06215007617167892	0.0050481608349618465	0.009879165565797278
7	7	0.5060087542962347	0.09270945494385464	0.01432943192176052	0.010222001479152998	0.006082915006694307	0.10934799483451962	0.05546927393342059	0.014903026120031792	0.17526457966221112	0.015662567802119668
8	8	0.004225290517661547	0.009078877647425793	0.01432943192176052	0.5120054652577262	0.006082915006694307	0.02571741753809075	0.05546927393342059	0.34942533530574726	0.008003425069353417	0.015662567802119668
9	9	0.007261856971525358	0.015603545049033194	0.024627486480296477	0.017568191440102944	0.01045449030401976	0.7628641505783006	0.09533307400642171	0.025613302487534722	0.013755202841799107	0.02691869984096607
10	10	0.0050739683166764245	0.01090243081309237	0.017207593954326198	0.7152735168286005	0.007304709081657228	0.13131126935847126	0.06661064779114582	0.017896398375345887	0.00961096640740998	0.018808499073274206
11	11	0.0050739683166764245	0.01090243081309237	0.017207593954326198	0.012275158695347354	0.007304709081657228	0.13131126935847126	0.06661064779114582	0.017896398375345887	0.110039303283589	0.6213785203303485
12	12	0.0029794323009437722	0.3012593128723638	0.010104292744702559	0.12515093243033457	0.004289322445186799	0.1360774102499267	0.03911374751069126	0.0694802403574992	0.005643555885717394	0.3059017532026341
13	13	0.003619833060524775	0.007777931795042488	0.012276114788347125	0.1520509402490286	0.0052112716873680565	0.022032273957631205	0.04752087715346644	0.012767516559077123	0.006856584782130458	0.7298866559673838
14	14	0.0019463957336855475	0.004182218629876027	0.08365037655804121	0.04323353818171984	0.0028021173379467914	0.011846823684268924	0.06407686190059046	0.006865134205041114	0.0036868074147201773	0.77770972635411
15	15	0.0015809594641983424	0.22243895474749065	0.00536158423156923	0.09769984484509804	0.002276019130412328	0.009622579673902981	0.020754708636173406	0.005576203598586886	0.0029946084314219678	0.6316945372411462
16	16	0.05263841771936313	0.005439565573917672	0.008585409739221025	0.5572998717358868	0.0036445490670163794	0.11562217690695843	0.08334100221093911	0.008929075925228057	0.15511577947583977	0.009384151645629708
17	17	0.004610902997172955	0.46622219548651594	0.289426029764899	0.011154891494518614	0.0066380597780618215	0.028064464942769995	0.1517945140721328	0.016263120255653324	0.008733841255572293	0.01709197995270323
18	18	0.0031661445361971428	0.00680309170175315	0.0107374989710767	0.7596642799136736	0.004558121632605689	0.081937929461247	0.04156489071154325	0.07383436210712943	0.005997220888901333	0.011736460075872757
19	19	0.0024107664261497656	0.005180011487505689	0.008175748682459256	0.4352758566063404	0.003470645914160041	0.34868494751545803	0.1747962238411024	0.008503016506919281	0.00456640516687617	0.008936377853029078
20	20	0.0022007451013091005	0.004728738870011461	0.007463493214144656	0.8765048628717355	0.0031682899310012435	0.05695396871863525	0.028891204609927904	0.007762250096472229	0.0041685887494481745	0.008157857837314646
21	21	0.0025315623507922583	0.005439565573917672	0.008585409739221025	0.2566587395244615	0.0036445490670163794	0.06551532153838754	0.08334100221093911	0.008929075925228057	0.004795213370127129	0.5605595606999094
22	22	0.00564042702174137	0.012119580084629359	0.01912865273520479	0.6834866027430564	0.008120208073574876	0.14597088230023203	0.0740470720918843	0.019894355401546868	0.010683936368154678	0.020908283179975316
23	23	0.0026651022434471166	0.005726502612068322	0.00903829003056157	0.3756974690032892	0.003836798999565906	0.49097118673060036	0.0877372393747262	0.00940008460498223	0.0050481608349618465	0.009879165565797278
24	24	0.0019463957336855475	0.004182218629876027	0.006600905912166268	0.4284808914110946	0.0028021173379467914	0.011846823684268924	0.17965106786940288	0.12243934017385352	0.0036868074147201773	0.2383634318329854
25	25	0.0050739683166764245	0.01090243081309237	0.017207593954326198	0.012275158695347354	0.007304709081657228	0.030882932482292215	0.8700373428005781	0.017896398375345887	0.00961096640740998	0.018808499073274206
26	26	0.2654613663683854	0.02743233121863843	0.04329717151371911	0.030886343134390058	0.018379864309084285	0.07770660024182166	0.42029789799871287	0.04503031812535214	0.024182791740596777	0.04732531534929911
27	27	0.0018071553691200008	0.0038830329932459584	0.006128693334956934	0.5766722745365853	0.002601660754047299	0.01099933104945006	0.274105583712118	0.006374019385501665	0.003423062278197219	0.11400518658677755
28	28	0.0554150938101438	0.005726502612068322	0.00903829003056157	0.3229474774365925	0.003836798999565906	0.49097118673060036	0.034987247808029524	0.00940008460498223	0.0050481608349618465	0.06262915713249396
29	29	0.003899198311848404	0.008378203640281969	0.013223539665622302	0.009433105426626174	0.0056134582524154045	0.795495447030535	0.12836464210606938	0.013752865997205103	0.007385750491944698	0.014453789077451575
30	30	0.004225290517661547	0.3436011868331412	0.01432943192176052	0.010222001479152998	0.08971349230312317	0.10934799483451962	0.38999158311913606	0.014903026120031792	0.008003425069353417	0.015662567802119668
31	31	0.0028135151435417158	0.006045397266915443	0.009541609870777809	0.006806574799694397	0.004050460771081702	0.35124962688658296	0.3710606429970364	0.00992355188312896	0.22807930871289164	0.010429311668349145
32	32	0.0031661445361971428	0.00680309170175315	0.0107374989710767	0.007659670736707391	0.004558121632605689	0.26993908175548853	0.10423194147629042	0.01116731134238225	0.005997220888901333	0.5757399169585974
33	33	0.003899198311848404	0.008378203640281969	0.013223539665622302	0.24096194666257698	0.0056134582524154045	0.023732642910698994	0.05118836169408579	0.24528170723315587	0.39326715255186273	0.014453789077451575
34	34	0.004610902997172955	0.009907442809080551	0.015637178158437782	0.011154891494518614	0.0066380597780618215	0.028064464942769995	0.5168463162140812	0.3813149223976016	0.008733841255572293	0.01709197995270323
35	35	0.004225290517661547	0.09270945494385464	0.09796000921818937	0.17748315607201073	0.006082915006694307	0.02571741753809075	0.5572527377119938	0.014903026120031792	0.008003425069353417	0.015662567802119668
36	36	0.002024384615177071	0.0043497932640843735	0.006865393374819019	0.004897476858506551	0.6039397668509379	0.13252658111374205	0.146781032992946	0.007140208861584135	0.0038345317348943875	0.08764083033330868
37	37	0.003899198311848404	0.23990704487623277	0.013223539665622302	0.009433105426626174	0.468671140724317	0.1780852037346662	0.05118836169408579	0.013752865997205103	0.007385750491944698	0.014453789077451575
38	38	0.003619833060524775	0.7242463670493564	0.012276114788347125	0.08040409672359718	0.0052112716873680565	0.022032273957631205	0.04752087715346644	0.08441436008450852	0.006856584782130458	0.013418220713069813
39	39	0.0033778227243375183	0.0741146916079066	0.011455373439968332	0.008171771559888864	0.5397170004141327	0.020559267347021633	0.044343784933043306	0.011913921676916817	0.00639817568964616	0.27994819060713816
40	40	0.058501022239943974	0.06173290436331771	0.009541609870777809	0.006806574799694397	0.5052380246387022	0.01712458430816934	0.14831061461142728	0.12129856607593348	0.005329280327282564	0.06611681876475142
41	41	0.058501022239943974	0.11742041145971997	0.06522911696718008	0.006806574799694397	0.5052380246387022	0.01712458430816934	0.036935600418622754	0.12129856607593348	0.005329280327282564	0.06611681876475142
42	42	0.003899198311848404	0.7029647273481343	0.09039982007760589	0.009433105426626174	0.0056134582524154045	0.1009089233226826	0.05118836169408579	0.013752865997205103	0.007385750491944698	0.014453789077451575
43	43	0.003619833060524775	0.007777931795042488	0.012276114788347125	0.008757253198165792	0.36344548931452497	0.022032273957631205	0.04752087715346644	0.012767516559077123	0.006856584782130458	0.5149461253910895
44	44	0.004225290517661547	0.4272317641295701	0.18159058651461824	0.010222001479152998	0.006082915006694307	0.10934799483451962	0.13909985122984944	0.014903026120031792	0.008003425069353417	0.09929314509854853
45	45	0.13709135710051773	0.0741146916079066	0.07831214062805843	0.008171771559888864	0.0048628629094118045	0.020559267347021633	0.044343784933043306	0.6136248263697278	0.00639817568964616	0.012521121854777696
46	46	0.008480831547075874	0.018222754540188096	0.1966213525571382	0.02051718627542692	0.012209379987321061	0.05161895615335603	0.6149153702247819	0.029912748848240366	0.01606414979730095	0.03143727006917051
47	47	0.0024107664261497656	0.005180011487505689	0.008175748682459256	0.005832228073073111	0.003470645914160041	0.11010515388586514	0.5565238936484511	0.2947987688624308	0.00456640516687617	0.008936377853029078
48	48	0.0024107664261497656	0.10061192893934284	0.008175748682459256	0.005832228073073111	0.003470645914160041	0.014673236434027976	0.2702281412929396	0.008503016506919281	0.052282363892794746	0.5338119238381335
49	49	0.004225290517661547	0.009078877647425793	0.01432943192176052	0.8465277744434416	0.006082915006694307	0.02571741753809075	0.05546927393342059	0.014903026120031792	0.008003425069353417	0.015662567802119668
50	50	0.0024107664261497656	0.48233959874669147	0.008175748682459256	0.005832228073073111	0.003470645914160041	0.014673236434027976	0.07936430638926525	0.34251472758834933	0.00456640516687617	0.056652336578947665
51	51	0.13201925327743017	0.26498263529242017	0.1472025442330375	0.015360396930279156	0.13481066839873915	0.1643150421777782	0.08335256718455562	0.022394478922045175	0.01202658658558539	0.02353582699812943
52	52	0.004225290517661547	0.009078877647425793	0.34885174110747597	0.010222001479152998	0.08971349230312317	0.02571741753809075	0.05546927393342059	0.26579475800931834	0.008003425069353417	0.18292372239497737
53	53	0.6732699088890924	0.009078877647425793	0.01432943192176052	0.010222001479152998	0.006082915006694307	0.02571741753809075	0.2227304285262783	0.014903026120031792	0.008003425069353417	0.015662567802119668
54	54	0.00564042702174137	0.012119580084629359	0.01912865273520479	0.01364555954633016	0.008120208073574876	0.03433070843411099	0.6322479414224895	0.019894355401546868	0.23396428410039674	0.020908283179975316
55	55	0.004225290517661547	0.510862341425999	0.01432943192176052	0.010222001479152998	0.006082915006694307	0.02571741753809075	0.05546927393342059	0.34942533530574726	0.008003425069353417	0.015662567802119668
56	56	0.003899198311848404	0.47143588611218357	0.09039982007760589	0.009433105426626174	0.0056134582524154045	0.023732642910698994	0.3598934833420202	0.013752865997205103	0.007385750491944698	0.014453789077451575
57	57	0.0029794323009437722	0.006401903302504122	0.010104292744702559	0.7148657515700539	0.004289322445186799	0.018134446421982836	0.09808522942466319	0.010508758443527262	0.005643555885717394	0.12898730746071824
58	58	0.003619833060524775	0.007777931795042488	0.1555698018392099	0.6535788449270483	0.0052112716873680565	0.022032273957631205	0.11916772067889782	0.012767516559077123	0.006856584782130458	0.013418220713069813
59	59	0.0022007451013091005	0.3532010297772481	0.007463493214144656	0.005324135603643789	0.0031682899310012435	0.4489852959892765	0.07245024097333248	0.09488032282328138	0.0041685887494481745	0.008157857837314646
60	60	0.003619833060524775	0.36601214942219945	0.08392295831377851	0.008757253198165792	0.0052112716873680565	0.09367911748306261	0.40575509478062344	0.012767516559077123	0.006856584782130458	0.013418220713069813
61	61	0.0016865068184769344	0.23728933117633733	0.00571953207476134	0.004080068606173355	0.00242796976731515	0.07702657991406248	0.2558058614175472	0.27299480617831595	0.1367176964306587	0.0062516476163516676
62	62	0.004225290517661547	0.009078877647425793	0.01432943192176052	0.595636042554155	0.006082915006694307	0.02571741753809075	0.30636100582270714	0.014903026120031792	0.008003425069353417	0.015662567802119668
63	63	0.00564042702174137	0.23539992781687144	0.13076882660132583	0.23692590727857224	0.008120208073574876	0.03433070843411099	0.29732741982412636	0.019894355401546868	0.010683936368154678	0.020908283179975316
64	64	0.0050739683166764245	0.01090243081309237	0.017207593954326198	0.012275158695347354	0.007304709081657228	0.030882932482292215	0.66918066904822	0.017896398375345887	0.00961096640740998	0.21966517282563225
65	65	0.008480831547075874	0.018222754540188096	0.028761453865898907	0.02051718627542692	0.012209379987321061	0.05161895615335603	0.27919557284230334	0.029912748848240366	0.18392404848854021	0.36715706745164906
66	66	0.008480831547075874	0.018222754540188096	0.028761453865898907	0.02051718627542692	0.012209379987321061	0.05161895615335603	0.11133567415106407	0.7013523436131975	0.01606414979730095	0.03143727006917051
67	67	0.0050739683166764245	0.01090243081309237	0.017207593954326198	0.012275158695347354	0.007304709081657228	0.030882932482292215	0.568752332172041	0.21875307212770392	0.110039303283589	0.018808499073274206
68	68	0.002108884140353246	0.21323558412419666	0.04889280606045307	0.2972878192196882	0.003036042830927997	0.05457666191757438	0.027685261305970765	0.09091993794037798	0.08747627905592498	0.17478072340453277
69	69	0.008480831547075874	0.018222754540188096	0.028761453865898907	0.02051718627542692	0.012209379987321061	0.05161895615335603	0.27919557284230334	0.3656325462307189	0.01606414979730095	0.19929716876040982
70	70	0.0031661445361971428	0.00680309170175315	0.13607160050057104	0.32099492456044326	0.004558121632605689	0.45794023404973005	0.04156489071154325	0.01116731134238225	0.005997220888901333	0.011736460075872757
71	71	0.004225290517661547	0.009078877647425793	0.5161128957003337	0.010222001479152998	0.006082915006694307	0.10934799483451962	0.30636100582270714	0.014903026120031792	0.008003425069353417	0.015662567802119668
72	72	0.004610902997172955	0.10117039334456762	0.015637178158437782	0.37620669363646686	0.0066380597780618215	0.028064464942769995	0.42558336567859406	0.016263120255653324	0.008733841255572293	0.01709197995270323
73	73	0.00564042702174137	0.012119580084629359	0.01912865273520479	0.1252857334124512	0.008120208073574876	0.03433070843411099	0.18568724595800531	0.019894355401546868	0.010683936368154678	0.5791091525105805
74	74	0.003899198311848404	0.47143588611218357	0.013223539665622302	0.009433105426626174	0.0056134582524154045	0.1009089233226826	0.3598934833420202	0.013752865997205103	0.007385750491944698	0.014453789077451575
75	75	0.338747599703377	0.009078877647425793	0.01432943192176052	0.010222001479152998	0.006082915006694307	0.02571741753809075	0.13909985122984944	0.014903026120031792	0.09163400236578227	0.3501848769878351
76	76	0.0033778227243375183	0.007257924419816488	0.011455373439968332	0.008171771559888864	0.0048628629094118045	0.020559267347021633	0.7797682240020345	0.011913921676916817	0.00639817568964616	0.14623465623095788
77	77	0.0033778227243375183	0.007257924419816488	0.011455373439968332	0.008171771559888864	0.20543316447368212	0.020559267347021633	0.37862762087349383	0.011913921676916817	0.00639817568964616	0.34680495779522824
78	78	0.004225290517661547	0.009078877647425793	0.01432943192176052	0.010222001479152998	0.006082915006694307	0.10934799483451962	0.30636100582270714	0.09853360341646066	0.42615631155149775	0.015662567802119668
79	79	0.0024107664261497656	0.005180011487505689	0.008175748682459256	0.005832228073073111	0.003470645914160041	0.2532530300636209	0.12708026511518383	0.4856626037661051	0.09999832261871333	0.008936377853029078
80	80	0.0063492594507434845	0.013642647639046764	0.021532550406350808	0.015360396930279156	0.13481066839873915	0.038645048351091504	0.7117025363179892	0.022394478922045175	0.01202658658558539	0.02353582699812943
81	81	0.007261856971525358	0.015603545049033194	0.024627486480296477	0.017568191440102944	0.01045449030401976	0.4753983357500815	0.23906598142053126	0.025613302487534722	0.15748811025590867	0.02691869984096607
82	82	0.0029794323009437722	0.006401903302504122	0.0690757746586745	0.3020653781722503	0.004289322445186799	0.018134446421982836	0.5698570847364387	0.010508758443527262	0.005643555885717394	0.011044343632774374
83	83	0.007261856971525358	0.15933645246314276	0.024627486480296477	0.017568191440102944	0.01045449030401976	0.3316654283359719	0.38279888883464086	0.025613302487534722	0.013755202841799107	0.02691869984096607
84	84	0.004225290517661547	0.009078877647425793	0.09796000921818937	0.26111373336843957	0.006082915006694307	0.10934799483451962	0.47362216041556493	0.014903026120031792	0.008003425069353417	0.015662567802119668
85	85	0.00564042702174137	0.23539992781687144	0.01912865273520479	0.01364555954633016	0.008120208073574876	0.03433070843411099	0.5206077675563685	0.019894355401546868	0.12232411023427571	0.020908283179975316
86	86	0.008480831547075874	0.018222754540188096	0.028761453865898907	0.02051718627542692	0.18006927867856037	0.21947885484459534	0.44705547153354264	0.029912748848240366	0.01606414979730095	0.03143727006917051
87	87	0.003899198311848404	0.008378203640281969	0.09039982007760589	0.009433105426626174	0.0056134582524154045	0.023732642910698994	0.05118836169408579	0.013752865997205103	0.08456203090392829	0.709040312785304
88	88	0.004225290517661547	0.009078877647425793	0.01432943192176052	0.010222001479152998	0.006082915006694307	0.02571741753809075	0.5572527377119938	0.34942533530574726	0.008003425069353417	0.015662567802119668
89	89	0.00564042702174137	0.012119580084629359	0.01912865273520479	0.01364555954633016	0.008120208073574876	0.2576110561663531	0.4089675936902474	0.019894355401546868	0.23396428410039674	0.020908283179975316
90	90	0.003899198311848404	0.008378203640281969	0.09039982007760589	0.009433105426626174	0.2371422994883662	0.023732642910698994	0.591422324577971	0.013752865997205103	0.007385750491944698	0.014453789077451575
91	91	0.012766949118245751	0.02743233121863843	0.2959915887638588	0.030886343134390058	0.018379864309084285	0.07770660024182166	0.42029789799871287	0.04503031812535214	0.024182791740596777	0.04732531534929911
92	92	0.0063492594507434845	0.39065262911910686	0.021532550406350808	0.015360396930279156	0.009140674572052442	0.038645048351091504	0.334692554837929	0.022394478922045175	0.13769658041227206	0.02353582699812943
93	93	0.010191590975771412	0.22361937964384015	0.034563234989713754	0.024655927821719215	0.014672264884384945	0.06203156904969674	0.5372358222256438	0.035946770022493385	0.019304621628059772	0.03777881875867667
94	94	0.0025315623507922583	0.6568286853653391	0.008585409739221025	0.006124462681607104	0.0036445490670163794	0.16572903227552932	0.13344785757951	0.008929075925228057	0.004795213370127129	0.009384151645629708
95	95	0.003619833060524775	0.007777931795042488	0.012276114788347125	0.1520509402490286	0.07685811521279945	0.022032273957631205	0.40575509478062344	0.012767516559077123	0.22179711535842464	0.08506506423850121
96	96	0.004610902997172955	0.009907442809080551	0.19816307922941193	0.011154891494518614	0.0066380597780618215	0.11932741547825708	0.1517945140721328	0.016263120255653324	0.4650485939330077	0.01709197995270323
97	97	0.004225290517661547	0.4272317641295701	0.01432943192176052	0.010222001479152998	0.006082915006694307	0.44387030402023503	0.05546927393342059	0.014903026120031792	0.008003425069353417	0.015662567802119668
98	98	0.00564042702174137	0.012119580084629359	0.01912865273520479	0.01364555954633016	0.008120208073574876	0.8158119254969582	0.0740470720918843	0.019894355401546868	0.010683936368154678	0.020908283179975316
99	99	0.007261856971525358	0.015603545049033194	0.024627486480296477	0.017568191440102944	0.01045449030401976	0.4753983357500815	0.09533307400642171	0.025613302487534722	0.013755202841799107	0.3143845146691852
100	100	0.0050739683166764245	0.01090243081309237	0.017207593954326198	0.3135601693238845	0.007304709081657228	0.5330246168631874	0.06661064779114582	0.017896398375345887	0.00961096640740998	0.018808499073274206
101	101	0.0063492594507434845	0.013642647639046764	0.1472025442330375	0.015360396930279156	0.009140674572052442	0.038645048351091504	0.5860325424913024	0.14806447274873188	0.01202658658558539	0.02353582699812943
102	102	0.0063492594507434845	0.013642647639046764	0.021532550406350808	0.015360396930279156	0.009140674572052442	0.2899850360044649	0.08335256718455562	0.022394478922045175	0.5147065618923322	0.02353582699812943
103	103	0.004225290517661547	0.009078877647425793	0.01432943192176052	0.010222001479152998	0.006082915006694307	0.02571741753809075	0.8917750468977093	0.014903026120031792	0.008003425069353417	0.015662567802119668
104	104	0.017083973963190814	0.03670831832634741	0.05793770649270211	0.04133027217692872	0.024594844108419344	0.10398236281854699	0.2242770355492899	0.06025690047658159	0.032359977362421626	0.40146860872557144
105	105	0.003899198311848404	0.23990704487623277	0.09039982007760589	0.009433105426626174	0.0056134582524154045	0.023732642910698994	0.591422324577971	0.013752865997205103	0.007385750491944698	0.014453789077451575
106	106	0.003899198311848404	0.008378203640281969	0.013223539665622302	0.009433105426626174	0.0056134582524154045	0.1009089233226826	0.8229511658139218	0.013752865997205103	0.007385750491944698	0.014453789077451575
107	107	0.0019463957336855475	0.004182218629876027	0.006600905912166268	0.004708802858782375	0.0028021173379467914	0.011846823684268924	0.6419478917446525	0.006865134205041114	0.19631048402940754	0.12278922586417296
108	108	0.0014878450420984478	0.0031969312025003096	0.005045800792102218	0.5925735851113121	0.0021419674922673157	0.009055834627153788	0.2551219609850195	0.005247779633677036	0.0028182337426194814	0.12331006137124984
109	109	0.0028135151435417158	0.06173290436331771	0.12091662406358233	0.5079941386673148	0.004050460771081702	0.01712458430816934	0.14831061461142728	0.00992355188312896	0.061016787423684826	0.06611681876475142
110	110	0.0019463957336855475	0.004182218629876027	0.006600905912166268	0.46700562673403206	0.0028021173379467914	0.20447050029895628	0.06407686190059046	0.006865134205041114	0.0036868074147201773	0.2383634318329854
111	111	0.12092239612888765	0.24228783095839188	0.010104292744702559	0.0072079686023906716	0.004289322445186799	0.5488777836477302	0.03911374751069126	0.010508758443527262	0.005643555885717394	0.011044343632774374
112	112	0.003899198311848404	0.008378203640281969	0.16757610048958949	0.5496670683105114	0.08278973866439901	0.023732642910698994	0.05118836169408579	0.013752865997205103	0.08456203090392829	0.014453789077451575
113	113	0.003899198311848404	0.008378203640281969	0.013223539665622302	0.3953145074865441	0.08278973866439901	0.3324377645586334	0.05118836169408579	0.013752865997205103	0.007385750491944698	0.09163006948943518
114	114	0.003619833060524775	0.7242463670493564	0.012276114788347125	0.008757253198165792	0.07685811521279945	0.022032273957631205	0.11916772067889782	0.012767516559077123	0.006856584782130458	0.013418220713069813
115	115	0.003899198311848404	0.008378203640281969	0.013223539665622302	0.009433105426626174	0.0056134582524154045	0.023732642910698994	0.5142460441659874	0.0909291464091887	0.007385750491944698	0.323158910725386
116	116	0.003619833060524775	0.07942477532047387	0.012276114788347125	0.008757253198165792	0.0052112716873680565	0.022032273957631205	0.4774019383060548	0.3710017341862341	0.006856584782130458	0.013418220713069813
117	117	0.017083973963190814	0.03670831832634741	0.05793770649270211	0.04133027217692872	0.024594844108419344	0.10398236281854699	0.5624177146544828	0.06025690047658159	0.032359977362421626	0.06332792962037852
118	118	0.004610902997172955	0.009907442809080551	0.3806889803003861	0.011154891494518614	0.0066380597780618215	0.028064464942769995	0.1517945140721328	0.1075260707911404	0.19125974232654644	0.10835493048819031
119	119	0.004610902997172955	0.009907442809080551	0.015637178158437782	0.19368079256549278	0.0066380597780618215	0.028064464942769995	0.42558336567859406	0.016263120255653324	0.008733841255572293	0.29088083155916444
120	120	0.09587385353266002	0.009907442809080551	0.10690012869392485	0.19368079256549278	0.0066380597780618215	0.11932741547825708	0.06053156353664574	0.016263120255653324	0.008733841255572293	0.38214378209465155
121	121	0.0026651022434471166	0.005726502612068322	0.00903829003056157	0.006447528036412427	0.003836798999565906	0.33272121203051036	0.034987247808029524	0.00940008460498223	0.0050481608349618465	0.5901290727994608
122	122	0.0029794323009437722	0.006401903302504122	0.010104292744702559	0.0072079686023906716	0.004289322445186799	0.1360774102499267	0.15705671133863514	0.1284517222714711	0.005643555885717394	0.5417876808585218
123	123	0.00564042702174137	0.012119580084629359	0.01912865273520479	0.23692590727857224	0.008120208073574876	0.03433070843411099	0.18568724595800531	0.019894355401546868	0.010683936368154678	0.4674689786444595
124	124	0.0033778227243375183	0.007257924419816488	0.011455373439968332	0.008171771559888864	0.0048628629094118045	0.020559267347021633	0.31177085368540375	0.011913921676916817	0.00639817568964616	0.6142320265475887
125	125	0.0033778227243375183	0.007257924419816488	0.011455373439968332	0.008171771559888864	0.6065737676022228	0.020559267347021633	0.31177085368540375	0.011913921676916817	0.00639817568964616	0.012521121854777696
126	126	0.003899198311848404	0.008378203640281969	0.16757610048958949	0.009433105426626174	0.0056134582524154045	0.1009089233226826	0.05118836169408579	0.013752865997205103	0.007385750491944698	0.6318640323733203
127	127	0.00564042702174137	0.012119580084629359	0.01912865273520479	0.01364555954633016	0.008120208073574876	0.03433070843411099	0.18568724595800531	0.019894355401546868	0.010683936368154678	0.6907493263767016
128	128	0.0050739683166764245	0.01090243081309237	0.017207593954326198	0.012275158695347354	0.007304709081657228	0.030882932482292215	0.2674673215435039	0.017896398375345887	0.00961096640740998	0.6213785203303485
129	129	0.004610902997172955	0.009907442809080551	0.015637178158437782	0.011154891494518614	0.6454787135264713	0.028064464942769995	0.06053156353664574	0.016263120255653324	0.008733841255572293	0.19961788102367736
130	130	0.004610902997172955	0.10117039334456762	0.015637178158437782	0.011154891494518614	0.0066380597780618215	0.21059036601374415	0.06053156353664574	0.016263120255653324	0.008733841255572293	0.5646696831656257
131	131	0.002300973280087661	0.004944099060784445	0.053346240403119645	0.05110945037442141	0.0033125828477219544	0.2872620067327548	0.21237834616703588	0.008115764999188736	0.0043584381137318695	0.3728720980211537
132	132	0.004610902997172955	0.009907442809080551	0.015637178158437782	0.28494374310097986	0.0066380597780618215	0.11932741547825708	0.06053156353664574	0.016263120255653324	0.008733841255572293	0.4734067326301386
133	133	0.003619833060524775	0.5093058364730623	0.012276114788347125	0.008757253198165792	0.0052112716873680565	0.022032273957631205	0.2624614077297606	0.012767516559077123	0.006856584782130458	0.1567119077639326
134	134	0.0026651022434471166	0.26947646044555174	0.00903829003056157	0.006447528036412427	0.003836798999565906	0.2799712204638137	0.0877372393747262	0.00940008460498223	0.0050481608349618465	0.3263791149659774
135	135	0.004610902997172955	0.009907442809080551	0.015637178158437782	0.8325214463139023	0.0066380597780618215	0.028064464942769995	0.06053156353664574	0.016263120255653324	0.008733841255572293	0.01709197995270323
136	136	0.0025315623507922583	0.005439565573917672	0.008585409739221025	0.006124462681607104	0.0036445490670163794	0.015408466169816662	0.4340889897909353	0.059035931293798936	0.004795213370127129	0.4603458499627676
137	137	0.004610902997172955	0.009907442809080551	0.015637178158437782	0.011154891494518614	0.0066380597780618215	0.11932741547825708	0.7906351678205423	0.016263120255653324	0.008733841255572293	0.01709197995270323
138	138	0.0016320284192331935	0.003506737885455562	0.005534776846710957	0.35927585525331485	0.002349540255565544	0.0745384282345289	0.24754269064674675	0.005756328957452938	0.13230137200894046	0.16756224149205096
139	139	0.0015809594641983424	0.0033970060711802437	0.19311182595412102	0.09769984484509804	0.002276019130412328	0.1347894074889375	0.14592153645120795	0.005576203598586886	0.09686972929269785	0.3187774677035599
140	140	0.0026651022434471166	0.005726502612068322	0.00903829003056157	0.006447528036412427	0.003836798999565906	0.385471203597207	0.034987247808029524	0.00940008460498223	0.0050481608349618465	0.5373790812327641
141	141	0.0029794323009437722	0.006401903302504122	0.010104292744702559	0.12515093243033457	0.004289322445186799	0.4309348198197864	0.09808522942466319	0.010508758443527262	0.005643555885717394	0.3059017532026341
142	142	0.004225290517661547	0.009078877647425793	0.01432943192176052	0.010222001479152998	0.08971349230312317	0.02571741753809075	0.05546927393342059	0.014903026120031792	0.008003425069353417	0.7683377634699794
143	143	0.0029794323009437722	0.3012593128723638	0.010104292744702559	0.0072079686023906716	0.004289322445186799	0.2540203740778706	0.09808522942466319	0.010508758443527262	0.005643555885717394	0.3059017532026341
144	144	0.012766949118245751	0.02743233121863843	0.04329717151371911	0.030886343134390058	0.018379864309084285	0.07770660024182166	0.42029789799871287	0.04503031812535214	0.2768772089907364	0.04732531534929911
145	145	0.003899198311848404	0.008378203640281969	0.09039982007760589	0.009433105426626174	0.0056134582524154045	0.2552614841466498	0.12836464210606938	0.013752865997205103	0.007385750491944698	0.4775114715493532
146	146	0.0019463957336855475	0.004182218629876027	0.006600905912166268	0.1973324794734697	0.0028021173379467914	0.011846823684268924	0.6034231564217151	0.045389869527978584	0.0036868074147201773	0.12278922586417296
147	147	0.004610902997172955	0.009907442809080551	0.015637178158437782	0.19368079256549278	0.0066380597780618215	0.3931162670847183	0.33432041514310695	0.016263120255653324	0.008733841255572293	0.01709197995270323
148	148	0.002108884140353246	0.004531357312079031	0.007151960698029546	0.005101901682723521	0.003036042830927997	0.012835816555150854	0.9459838592792884	0.007438247215530924	0.00399458833107792	0.00781734195483866
149	149	0.0033778227243375183	0.1409714587959967	0.011455373439968332	0.20874207312415918	0.0048628629094118045	0.08741603453511175	0.512341155249674	0.011913921676916817	0.00639817568964616	0.012521121854777696
150	150	0.0063492594507434845	0.013642647639046764	0.021532550406350808	0.015360396930279156	0.009140674572052442	0.1643150421777782	0.7117025363179892	0.022394478922045175	0.01202658658558539	0.02353582699812943
151	151	0.004225290517661547	0.009078877647425793	0.01432943192176052	0.09385257877558185	0.006082915006694307	0.02571741753809075	0.5572527377119938	0.014903026120031792	0.25889515695863996	0.015662567802119668
152	152	0.003619833060524775	0.007777931795042488	0.4421571759409355	0.008757253198165792	0.14850495873823086	0.022032273957631205	0.33410825125519206	0.012767516559077123	0.006856584782130458	0.013418220713069813
153	153	0.45349326066793016	0.25597384241677207	0.008585409739221025	0.006124462681607104	0.0036445490670163794	0.06551532153838754	0.08334100221093911	0.008929075925228057	0.10500892410726888	0.009384151645629708
154	154	0.0013670697363260139	0.0029374214198344736	0.3022766058731216	0.00330727291021014	0.0019680940232477636	0.11655360173885136	0.4779364847357647	0.03188001077765957	0.029647682432501	0.032125756352483416
155	155	0.002300973280087661	0.05048693758349232	0.007803401880411772	0.005566611851713538	0.0033125828477219544	0.6971475534371256	0.21237834616703588	0.008115764999188736	0.0043584381137318695	0.008529389839490673
156	156	0.0050739683166764245	0.01090243081309237	0.017207593954326198	0.21313183244770545	0.007304709081657228	0.13131126935847126	0.16703898466732486	0.11832473525152493	0.00961096640740998	0.3200935097018113
157	157	0.004225290517661547	0.009078877647425793	0.34885174110747597	0.010222001479152998	0.006082915006694307	0.27660914942737735	0.30636100582270714	0.014903026120031792	0.008003425069353417	0.015662567802119668
158	158	0.17148644511051928	0.009078877647425793	0.01432943192176052	0.010222001479152998	0.006082915006694307	0.10934799483451962	0.30636100582270714	0.1821641807128895	0.17526457966221112	0.015662567802119668
159	159	0.0018071553691200008	0.0038830329932459584	0.006128693334956934	0.11167825815416316	0.002601660754047299	0.15407441301327227	0.7033308296035847	0.006374019385501665	0.003423062278197219	0.006698875113910892
160	160	0.010191590975771412	0.021898661669504913	0.236283952964049	0.024655927821719215	0.014672264884384945	0.06203156904969674	0.5372358222256438	0.035946770022493385	0.019304621628059772	0.03777881875867667
161	161	0.0019463957336855475	0.042706953952813494	0.006600905912166268	0.04323353818171984	0.0028021173379467914	0.4741436475595186	0.4107994798070277	0.006865134205041114	0.0036868074147201773	0.007215019895360552
162	162	0.0031661445361971428	0.00680309170175315	0.0107374989710767	0.007659670736707391	0.06722517239735287	0.6459413863439716	0.1668989922410376	0.01116731134238225	0.06866427165364851	0.011736460075872757
163	163	0.0026651022434471166	0.005726502612068322	0.00903829003056157	0.05919751960310911	0.003836798999565906	0.7547211445640838	0.14048723094142287	0.00940008460498223	0.0050481608349618465	0.009879165565797278
164	164	0.0017447478825446793	0.0728160339680908	0.10951769163116906	0.004220967850984909	0.03704536411810836	0.597689800110748	0.1610391015749474	0.006153901881479177	0.0033048517929099982	0.006467539189017659
165	165	0.004225290517661547	0.009078877647425793	0.01432943192176052	0.010222001479152998	0.006082915006694307	0.02571741753809075	0.7245138923048515	0.09853360341646066	0.09163400236578227	0.015662567802119668
166	166	0.00564042702174137	0.1237597539507504	0.01912865273520479	0.5718464288769353	0.008120208073574876	0.03433070843411099	0.18568724595800531	0.019894355401546868	0.010683936368154678	0.020908283179975316
167	167	0.002024384615177071	0.4851700918814643	0.006865393374819019	0.004897476858506551	0.002914393579212834	0.17259493933185704	0.266986107647291	0.047208567079699136	0.0038345317348943875	0.0075041138970786845
168	168	0.002300973280087661	0.5970009998559869	0.007803401880411772	0.005566611851713538	0.0033125828477219544	0.10509065264192329	0.21237834616703588	0.008115764999188736	0.04990127663643974	0.008529389839490673
169	169	0.0028135151435417158	0.45154545403813356	0.009541609870777809	0.006806574799694397	0.004050460771081702	0.35124962688658296	0.09262310751502502	0.06561105897953123	0.005329280327282564	0.010429311668349145
170	170	0.004225290517661547	0.4272317641295701	0.01432943192176052	0.010222001479152998	0.08971349230312317	0.02571741753809075	0.38999158311913606	0.014903026120031792	0.008003425069353417	0.015662567802119668
171	171	0.003619833060524775	0.36601214942219945	0.012276114788347125	0.22369778377445998	0.0052112716873680565	0.022032273957631205	0.33410825125519206	0.012767516559077123	0.006856584782130458	0.013418220713069813
172	172	0.002108884140353246	0.5471623470235849	0.1323744967853001	0.1303244377699941	0.04477688819335153	0.012835816555150854	0.027685261305970765	0.09091993794037798	0.00399458833107792	0.00781734195483866
173	173	0.0024107664261497656	0.005180011487505689	0.008175748682459256	0.005832228073073111	0.003470645914160041	0.014673236434027976	0.6519558111002882	0.008503016506919281	0.00456640516687617	0.29523213020854056
174	174	0.0022007451013091005	0.04828777523341604	0.6172900023018089	0.005324135603643789	0.0031682899310012435	0.013394932355230661	0.028891204609927904	0.007762250096472229	0.0041685887494481745	0.26951207601774213
175	175	0.004610902997172955	0.009907442809080551	0.015637178158437782	0.011154891494518614	0.0066380597780618215	0.028064464942769995	0.06053156353664574	0.2900519718621145	0.4650485939330077	0.10835493048819031
176	176	0.004610902997172955	0.009907442809080551	0.10690012869392485	0.10241784203000569	0.4629528124554972	0.028064464942769995	0.24305746460761987	0.016263120255653324	0.008733841255572293	0.01709197995270323
177	177	0.004225290517661547	0.009078877647425793	0.09796000921818937	0.010222001479152998	0.5078663787852674	0.02571741753809075	0.30636100582270714	0.014903026120031792	0.008003425069353417	0.015662567802119668
178	178	0.004225290517661547	0.009078877647425793	0.01432943192176052	0.010222001479152998	0.006082915006694307	0.02571741753809075	0.7245138923048515	0.014903026120031792	0.008003425069353417	0.18292372239497737
179	179	0.0012335581913040803	0.0026505452922152626	0.346002423586702	0.002984276135197017	0.0017758849012036928	0.32491146182785424	0.18710355171892082	0.004350884245412365	0.0023365708254904313	0.12665084327570017
180	180	0.0016320284192331935	0.16501927565550703	0.13474480706275216	0.00394827215920156	0.002349540255565544	0.009933413126508299	0.5705677661868497	0.03805883651146323	0.003091341792899279	0.07065471883002004
181	181	0.0022007451013091005	0.04828777523341604	0.3559357841213813	0.005324135603643789	0.0031682899310012435	0.187631077808849	0.20312735006354624	0.007762250096472229	0.0041685887494481745	0.18239400329093297
182	182	0.003619833060524775	0.007777931795042488	0.6570977065172297	0.22369778377445998	0.0052112716873680565	0.022032273957631205	0.04752087715346644	0.012767516559077123	0.006856584782130458	0.013418220713069813
183	183	0.004225290517661547	0.009078877647425793	0.43248231840390483	0.010222001479152998	0.006082915006694307	0.10934799483451962	0.13909985122984944	0.1821641807128895	0.008003425069353417	0.09929314509854853
184	184	0.0022007451013091005	0.004728738870011461	0.051022529577549235	0.005324135603643789	0.0031682899310012435	0.187631077808849	0.46448156824397374	0.007762250096472229	0.0041685887494481745	0.26951207601774213
185	185	0.0026651022434471166	0.005726502612068322	0.00903829003056157	0.006447528036412427	0.003836798999565906	0.016221262630330222	0.7207371381750864	0.00940008460498223	0.0050481608349618465	0.22087913183258404
186	186	0.003899198311848404	0.008378203640281969	0.013223539665622302	0.009433105426626174	0.0056134582524154045	0.023732642910698994	0.7457748854019381	0.013752865997205103	0.007385750491944698	0.16880634990141877
187	187	0.0018071553691200008	0.0038830329932459584	0.006128693334956934	0.00437194668129649	0.002601660754047299	0.2613807244861389	0.7033308296035847	0.006374019385501665	0.003423062278197219	0.006698875113910892
