0	0	0.031505311982378485	0.39265529605392824	0.018144246035082478	0.1888850062182288	0.17057952905516535	0.013044048785303889	0.019379691017018287	0.14623094418378005	0.011613981576201615	0.007961945092912835
1	1	0.7795118987333324	0.12596256875526726	0.008538725716438498	0.030067781465567482	0.02145317999346961	0.006138560654115732	0.009120129089061594	0.00999467753499376	0.005465567594443439	0.0037469104633102543
2	2	0.009335280722239983	0.005237725124866224	0.7831409638233937	0.13004099310706527	0.050544104755671795	0.0038650579697009006	0.005742360401170674	0.006293007471599691	0.0034413173999802474	0.0023591892243115986
3	3	0.04815518934464079	0.005439172567178026	0.736339511924361	0.019659885336911584	0.052488074777815696	0.11939630837934198	0.0059632165530440415	0.006535041986466524	0.003573673446141953	0.002449925684098475
4	4	0.021003939351682818	0.1784449831794817	0.6787377924286105	0.0425955489070094	0.030391666198225233	0.00869619731873009	0.012920038849431964	0.014158968670140956	0.007742801112223241	0.005308063984464141
5	5	0.17115678830986578	0.16533398744501332	0.16553089116348207	0.07953314665682447	0.3349769189070738	0.0054924118425882075	0.00816013848150383	0.06157295045482593	0.004890258461820443	0.003352508277002181
6	6	0.17115678830986578	0.007443030280413428	0.744464400767015	0.02690282760195784	0.019195004577874035	0.0054924118425882075	0.00816013848150383	0.008942631399959301	0.004890258461820443	0.003352508277002181
7	7	0.10433411424861198	0.011784633385623364	0.5954076175316814	0.0425955489070094	0.030391666198225233	0.00869619731873009	0.012920038849431964	0.1808193184639993	0.007742801112223241	0.005308063984464141
8	8	0.021003939351682818	0.011784633385623364	0.7620679673255397	0.12592572380393857	0.030391666198225233	0.00869619731873009	0.012920038849431964	0.014158968670140956	0.007742801112223241	0.005308063984464141
9	9	0.03600577841464507	0.020201681754836512	0.4492796962923815	0.215866825364126	0.19494644994057023	0.014907363255319049	0.022148038428990324	0.024271860624857117	0.013273014004063069	0.009099291920211217
10	10	0.0252045361654004	0.11413690475309096	0.7144837250746396	0.051114271229591224	0.03646972298834851	0.010435357679883501	0.015503929095700605	0.016990633610963403	0.009291290904384446	0.0063696284979973
11	11	0.0252045361654004	0.014141452867037132	0.6144882731885859	0.051114271229591224	0.03646972298834851	0.11043080956593734	0.11549938098175443	0.016990633610963403	0.009291290904384446	0.0063696284979973
12	12	0.07364843104802869	0.008318657474383317	0.36147045955909035	0.030067781465567482	0.3155629581956795	0.006138560654115732	0.18558599601038753	0.00999467753499376	0.005465567594443439	0.0037469104633102543
13	13	0.08942972499840864	0.08152741995505267	0.15322089507766393	0.03651066817736265	0.026050140645986	0.007453923775044429	0.5110581355004364	0.012136324571793974	0.006636722601904955	0.0759760446963464
14	14	0.08661605498942716	0.005439172567178026	0.005583064673419888	0.05812075098169795	0.052488074777815696	0.0040137114449828775	0.7751805294487715	0.006535041986466524	0.003573673446141953	0.002449925684098475
15	15	0.07037577551016301	0.035668898040552705	0.41078048077265555	0.01597370922971408	0.07389625647173063	0.034510707079924034	0.3485902435192343	0.005309739029850722	0.002903619198808075	0.00199057114736688
16	16	0.012602554671973505	0.25706520195780364	0.3572499866055516	0.07555657975749312	0.16823186501171225	0.05521666044128574	0.007752140835949545	0.05849437294387541	0.004645751099219047	0.0031848866751361705
17	17	0.022913309434311448	0.10376125151916915	0.5586280126294917	0.1373730435490002	0.03315443070770654	0.009486728024185029	0.014094539272064758	0.01544609441960077	0.008446663018882111	0.09669592742558836
18	18	0.01575310377929148	0.13383500551267197	0.6965528378930704	0.031946964387623025	0.022793965628541434	0.006522209789002067	0.009690120953966317	0.010619327124013846	0.06830537922145331	0.003981085710366213
19	19	0.012002446018482748	0.006734185606340632	0.6735645648615802	0.11957674158895501	0.16022099732542214	0.004969336329557143	0.007382999267448507	0.008090970664850053	0.004424529647761621	0.0030332286896019313
20	20	0.010958775699255687	0.0061486158290901555	0.8758592979112522	0.022224167497474353	0.059334210016577016	0.004537228672048915	0.006741012026643969	0.007387421911234553	0.00403979554749589	0.0027694748889274157
21	21	0.0626014176176297	0.007070887229522668	0.3572499866055516	0.025557716811836932	0.01823527617474367	0.0052177974956295415	0.35774418145554293	0.008495509998219216	0.004645751099219047	0.15318147551210476
22	22	0.028004898662144704	0.015712646004591897	0.7938667938644479	0.05679334769663835	0.04052170965666189	0.011594783272764439	0.017226500830679926	0.018878386388789987	0.010323604390505937	0.0070773292327750165
23	23	0.013265831145265871	0.06007334933528006	0.7970947198218816	0.02690282760195784	0.07182532363274066	0.0054924118425882075	0.00816013848150383	0.008942631399959301	0.004890258461820443	0.003352508277002181
24	24	0.05008136187502401	0.005656735511680876	0.6857940119899321	0.020446266443533843	0.014588287290496665	0.004174256981931767	0.006201740875625243	0.006796438910256913	0.20371297919291154	0.0025479209286071746
25	25	0.3613213872141352	0.34902913455658235	0.016128320576470123	0.16789884388063517	0.04052170965666189	0.011594783272764439	0.017226500830679926	0.018878386388789987	0.010323604390505937	0.0070773292327750165
26	26	0.06300704196540696	0.035351220446911906	0.2862580053853943	0.37774853713826406	0.09116808782809584	0.026086614526278723	0.03875717865827996	0.042473686399926595	0.02322664269969734	0.015922984951744396
27	27	0.00900188325501226	0.04076437213259294	0.4337487477864392	0.26825156968880765	0.048738987479585195	0.003727022427318475	0.1841058073362101	0.0060682608555415254	0.003318415203547444	0.0022749338349452586
28	28	0.11852646925499914	0.007443030280413428	0.2707915292732153	0.18479378476655772	0.07182532363274066	0.0054924118425882075	0.00816013848150383	0.008942631399959301	0.3206721727910202	0.003352508277002181
29	29	0.019388308235465872	0.47240046905911126	0.011165934018525807	0.1931598542621384	0.028053927512096462	0.008027282466822702	0.011926224477834018	0.013069855338874944	0.2379083789736884	0.004899765655442178
30	30	0.021003939351682818	0.1784449831794817	0.012096393253177132	0.6259067731855136	0.030391666198225233	0.09202637221565926	0.012920038849431964	0.014158968670140956	0.007742801112223241	0.005308063984464141
31	31	0.23621941029553903	0.06341067330268424	0.008064364051908747	0.19505984673501495	0.4091404292939248	0.06135168991208301	0.008613468053318906	0.009439431702139527	0.005161932622692472	0.003538754030694318
32	32	0.01575310377929148	0.13383500551267197	0.009072380903497204	0.21944163447568843	0.0852921889912299	0.006522209789002067	0.509675907855474	0.010619327124013846	0.0058071558587648375	0.003981085710366213
33	33	0.019388308235465872	0.010878154840231035	0.011165934018525807	0.03931908285584499	0.028053927512096462	0.4695495966857029	0.011926224477834018	0.3976717838546085	0.007147221864248276	0.004899765655442178
34	34	0.2956293057993914	0.01285591939747585	0.01319601989933181	0.04646771142730692	0.12405976282939984	0.46401338863265157	0.014094539272064758	0.01544609441960077	0.008446663018882111	0.005790595303895053
35	35	0.021003939351682818	0.34510533297334006	0.5120774426347522	0.0425955489070094	0.030391666198225233	0.00869619731873009	0.012920038849431964	0.014158968670140956	0.007742801112223241	0.005308063984464141
36	36	0.01008208959311387	0.6456450920222432	0.0058063831974595245	0.18044335557117444	0.014588287290496665	0.004174256981931767	0.006201740875625243	0.006796438910256913	0.12371443462909126	0.0025479209286071746
37	37	0.019388308235465872	0.24163931194967114	0.1650067054248192	0.03931908285584499	0.2588150846215366	0.008027282466822702	0.24268738158727415	0.013069855338874944	0.007147221864248276	0.004899765655442178
38	38	0.01800347406629023	0.7243636783441184	0.15322089507766393	0.03651066817736265	0.026050140645986	0.007453923775044429	0.011074378975607473	0.012136324571793974	0.006636722601904955	0.004549793764227989
39	39	0.016803278854356597	0.7427388759458864	0.009677187958020275	0.03407669743540363	0.09097816251310063	0.006957010590845306	0.07700075468185706	0.01132726079955165	0.006194287844012731	0.004246483376965763
40	40	0.014002803142308031	0.2300731286676075	0.008064364051908747	0.02839739137009168	0.020261366775770513	0.005797538123775252	0.008613468053318906	0.6760892531618327	0.005161932622692472	0.003538754030694318
41	41	0.12511110671892356	0.45228973582083853	0.008064364051908747	0.08395154315839944	0.020261366775770513	0.005797538123775252	0.008613468053318906	0.06499358349044729	0.005161932622692472	0.22575536118392536
42	42	0.019388308235465872	0.010878154840231035	0.5496086339405527	0.11623946855899168	0.2588150846215366	0.008027282466822702	0.011926224477834018	0.013069855338874944	0.007147221864248276	0.004899765655442178
43	43	0.01800347406629023	0.5100849255477632	0.010368393213427104	0.03651066817736265	0.09747639157810441	0.007453923775044429	0.29677938270408116	0.012136324571793974	0.006636722601904955	0.004549793764227989
44	44	0.021003939351682818	0.2617751580764109	0.012096393253177132	0.0425955489070094	0.6137028904767294	0.00869619731873009	0.012920038849431964	0.014158968670140956	0.007742801112223241	0.005308063984464141
45	45	0.016803278854356597	0.009427778173389394	0.2096711237141558	0.23407063319153917	0.22430745301719102	0.006957010590845306	0.010336109429811892	0.21132119655568718	0.006194287844012731	0.07091112862901094
46	46	0.04200628661314752	0.023568373500740508	0.02419186960457454	0.41849593588814865	0.39408909552001786	0.017391735469174933	0.025839098365076803	0.028316864096108955	0.015485015323213091	0.010615725619797232
47	47	0.012002446018482748	0.006734185606340632	0.006912336995867648	0.548138888074056	0.01736694849705514	0.19544140143404645	0.007382999267448507	0.15094501949321704	0.05204254592388395	0.0030332286896019313
48	48	0.26259686940025445	0.007070887229522668	0.05725680893161442	0.1255554427031493	0.06823413912039986	0.05521666044128574	0.4077430444011991	0.008495509998219216	0.004645751099219047	0.0031848866751361705
49	49	0.021003939351682818	0.011784633385623364	0.7620679673255397	0.0425955489070094	0.030391666198225233	0.09202637221565926	0.012920038849431964	0.014158968670140956	0.007742801112223241	0.005308063984464141
50	50	0.15485649484684974	0.10197021815858529	0.14976638582423463	0.024340709036710356	0.01736694849705514	0.004969336329557143	0.007382999267448507	0.1033270032170947	0.43298667613286257	0.0030332286896019313
51	51	0.15649820563513878	0.26766240240116795	0.018144246035082478	0.0638921125654685	0.2955724227079257	0.013044048785303889	0.019379691017018287	0.02123805053101973	0.13660687522896192	0.007961945092912835
52	52	0.021003939351682818	0.011784633385623364	0.0954265681501063	0.0425955489070094	0.3637123657859419	0.00869619731873009	0.012920038849431964	0.3474796682578577	0.09107297600915241	0.005308063984464141
53	53	0.021003939351682818	0.09511480828255253	0.012096393253177132	0.20925589870086772	0.030391666198225233	0.00869619731873009	0.012920038849431964	0.014158968670140956	0.09107297600915241	0.5052891133660392
54	54	0.028004898662144704	0.015712646004591897	0.016128320576470123	0.3901098362486288	0.04052170965666189	0.011594783272764439	0.017226500830679926	0.018878386388789987	0.010323604390505937	0.45149931396876236
55	55	0.021003939351682818	0.011784633385623364	0.012096393253177132	0.20925589870086772	0.030391666198225233	0.00869619731873009	0.012920038849431964	0.1808193184639993	0.007742801112223241	0.5052891133660392
56	56	0.1732290796417593	0.010878154840231035	0.011165934018525807	0.42392101137157856	0.3357354703246833	0.008027282466822702	0.011926224477834018	0.013069855338874944	0.007147221864248276	0.004899765655442178
57	57	0.13247038668847066	0.008318657474383317	0.4202924151995323	0.08888973710600945	0.02145317999346961	0.006138560654115732	0.18558599601038753	0.12763858881587772	0.005465567594443439	0.0037469104633102543
58	58	0.01800347406629023	0.010101169022934254	0.6532046516024929	0.10793691910948106	0.16890264251022283	0.007453923775044429	0.011074378975607473	0.012136324571793974	0.006636722601904955	0.004549793764227989
59	59	0.011456891569263777	0.27914972701843566	0.09750535783186541	0.20504875899784178	0.3347527982350761	0.004743462075252596	0.007047415329579974	0.0077232068742100575	0.04967702455984397	0.002895357508630759
60	60	0.019388308235465872	0.010878154840231035	0.1650067054248192	0.42392101137157856	0.2588150846215366	0.008027282466822702	0.011926224477834018	0.013069855338874944	0.08406760756739498	0.004899765655442178
61	61	0.20839873463518352	0.004713960553210603	0.0048386673361569005	0.350366886753536	0.07882259888122703	0.0034785580324831673	0.0718337890109868	0.27232634004129835	0.0030971908773083025	0.002123273878609359
62	62	0.021003939351682818	0.011784633385623364	0.42874726773782296	0.4592464233916553	0.030391666198225233	0.00869619731873009	0.012920038849431964	0.014158968670140956	0.007742801112223241	0.005308063984464141
63	63	0.25021589103013836	0.015712646004591897	0.016128320576470123	0.6123208286166225	0.04052170965666189	0.011594783272764439	0.017226500830679926	0.018878386388789987	0.010323604390505937	0.0070773292327750165
64	64	0.0252045361654004	0.014141452867037132	0.514492821302532	0.2511051750016989	0.13646517487440235	0.010435357679883501	0.015503929095700605	0.016990633610963403	0.009291290904384446	0.0063696284979973
65	65	0.04200628661314752	0.023568373500740508	0.02419186960457454	0.5851499692880151	0.06078102872028496	0.017391735469174933	0.025839098365076803	0.1949708974959754	0.015485015323213091	0.010615725619797232
66	66	0.04200628661314752	0.023568373500740508	0.02419186960457454	0.08518786908841575	0.06078102872028496	0.017391735469174933	0.19249313176494323	0.5282789642957083	0.015485015323213091	0.010615725619797232
67	67	0.028004898662144704	0.015712646004591897	0.3494448091284606	0.5012153324326257	0.04052170965666189	0.011594783272764439	0.017226500830679926	0.018878386388789987	0.010323604390505937	0.0070773292327750165
68	68	0.052168045741034806	0.13089005948577837	0.04771418828842886	0.021298178067150397	0.05686199811760641	0.12934581218789043	0.04812601889100088	0.21540900371122806	0.003871473922936676	0.2943152215869451
69	69	0.04200628661314752	0.023568373500740508	0.02419186960457454	0.2518419024882822	0.39408909552001786	0.017391735469174933	0.025839098365076803	0.1949708974959754	0.015485015323213091	0.010615725619797232
70	70	0.14074955050466842	0.008838558787295024	0.32156349771693954	0.031946964387623025	0.39778330580467225	0.006522209789002067	0.07218834431665479	0.010619327124013846	0.0058071558587648375	0.003981085710366213
71	71	0.028004898662144704	0.015712646004591897	0.016128320576470123	0.05679334769663835	0.8182601829446396	0.011594783272764439	0.017226500830679926	0.018878386388789987	0.010323604390505937	0.0070773292327750165
72	72	0.0252045361654004	0.014141452867037132	0.2145064656443705	0.35110062688775273	0.03646972298834851	0.010435357679883501	0.3154902847538621	0.016990633610963403	0.009291290904384446	0.0063696284979973
73	73	0.028004898662144704	0.015712646004591897	0.016128320576470123	0.16789884388063517	0.04052170965666189	0.011594783272764439	0.683859477934661	0.018878386388789987	0.010323604390505937	0.0070773292327750165
74	74	0.021003939351682818	0.011784633385623364	0.012096393253177132	0.0425955489070094	0.6970330653736586	0.00869619731873009	0.17958038864329032	0.014158968670140956	0.007742801112223241	0.005308063984464141
75	75	0.021003939351682818	0.011784633385623364	0.17875674304703548	0.0425955489070094	0.030391666198225233	0.00869619731873009	0.34624073843714864	0.014158968670140956	0.34106350069993996	0.005308063984464141
76	76	0.2834618598625373	0.009427778173389394	0.009677187958020275	0.5007292141997199	0.024313517261055462	0.006957010590845306	0.010336109429811892	0.01132726079955165	0.1395235783481031	0.004246483376965763
77	77	0.01800347406629023	0.010101169022934254	0.010368393213427104	0.39364192283795474	0.026050140645986	0.007453923775044429	0.08250062990772589	0.012136324571793974	0.43519422819461545	0.004549793764227989
78	78	0.6876453385271162	0.011784633385623364	0.012096393253177132	0.0425955489070094	0.030391666198225233	0.00869619731873009	0.012920038849431964	0.1808193184639993	0.007742801112223241	0.005308063984464141
79	79	0.012002446018482748	0.006734185606340632	0.14976638582423463	0.31004880669344437	0.06498496477317746	0.10020536888180179	0.007382999267448507	0.34141708459770637	0.004424529647761621	0.0030332286896019313
80	80	0.15649820563513878	0.017676615095647323	0.018144246035082478	0.68885658082927	0.04558663540240506	0.013044048785303889	0.019379691017018287	0.02123805053101973	0.011613981576201615	0.007961945092912835
81	81	0.03600577841464507	0.020201681754836512	0.020736112773788236	0.3587146865369904	0.33779431111343466	0.014907363255319049	0.022148038428990324	0.024271860624857117	0.1561208751769275	0.009099291920211217
82	82	0.3089362536097966	0.008318657474383317	0.008538725716438498	0.5006434265891033	0.13909709127435357	0.006138560654115732	0.009120129089061594	0.00999467753499376	0.005465567594443439	0.0037469104633102543
83	83	0.03600577841464507	0.020201681754836512	0.020736112773788236	0.6444104088827193	0.0520985887677058	0.014907363255319049	0.022148038428990324	0.024271860624857117	0.013273014004063069	0.15194715309307563
84	84	0.021003939351682818	0.011784633385623364	0.17875674304703548	0.6259067731855136	0.030391666198225233	0.00869619731873009	0.09625021374636113	0.014158968670140956	0.007742801112223241	0.005308063984464141
85	85	0.5314768865934197	0.017676615095647323	0.018144246035082478	0.31387789987098913	0.04558663540240506	0.013044048785303889	0.019379691017018287	0.02123805053101973	0.011613981576201615	0.007961945092912835
86	86	0.05040677977302013	0.028281619453795686	0.02902980343598709	0.7021693183148134	0.07293612875845316	0.02086976617902088	0.031006447982816293	0.033979721785461416	0.018581736690211046	0.012738677626420915
87	87	0.019388308235465872	0.010878154840231035	0.011165934018525807	0.03931908285584499	0.028053927512096462	0.008027282466822702	0.011926224477834018	0.013069855338874944	0.6994306931925686	0.15874053706173558
88	88	0.021003939351682818	0.011784633385623364	0.0954265681501063	0.20925589870086772	0.030391666198225233	0.00869619731873009	0.17958038864329032	0.4308098431547868	0.007742801112223241	0.005308063984464141
89	89	0.028004898662144704	0.015712646004591897	0.016128320576470123	0.7234263248006193	0.15162720584065872	0.011594783272764439	0.017226500830679926	0.018878386388789987	0.010323604390505937	0.0070773292327750165
90	90	0.48091062245434607	0.010878154840231035	0.011165934018525807	0.42392101137157856	0.028053927512096462	0.008027282466822702	0.011926224477834018	0.013069855338874944	0.007147221864248276	0.004899765655442178
91	91	0.3129786181923618	0.035351220446911906	0.03628642915843945	0.37774853713826406	0.09116808782809584	0.026086614526278723	0.03875717865827996	0.042473686399926595	0.02322664269969734	0.015922984951744396
92	92	0.15649820563513878	0.017676615095647323	0.2681300333406031	0.0638921125654685	0.17057952905516535	0.013044048785303889	0.26936547832253893	0.02123805053101973	0.011613981576201615	0.007961945092912835
93	93	0.4503703965162028	0.028281619453795686	0.02902980343598709	0.3022057015716308	0.07293612875845316	0.02086976617902088	0.031006447982816293	0.033979721785461416	0.018581736690211046	0.012738677626420915
94	94	0.0626014176176297	0.20706633901214744	0.007257945985958223	0.07555657975749312	0.5182239056313056	0.0052177974956295415	0.007752140835949545	0.05849437294387541	0.054644614044875243	0.0031848866751361705
95	95	0.01800347406629023	0.010101169022934254	0.010368393213427104	0.25078942097371787	0.026050140645986	0.6502901821641102	0.011074378975607473	0.012136324571793974	0.006636722601904955	0.004549793764227989
96	96	0.022913309434311448	0.01285591939747585	0.10410135202102512	0.22827837567069353	0.03315443070770654	0.46401338863265157	0.10499987139375806	0.01544609441960077	0.008446663018882111	0.005790595303895053
97	97	0.021003939351682818	0.011784633385623364	0.012096393253177132	0.12592572380393857	0.6137028904767294	0.00869619731873009	0.012920038849431964	0.014158968670140956	0.1744031509060816	0.005308063984464141
98	98	0.028004898662144704	0.571240126924576	0.016128320576470123	0.05679334769663835	0.26273270202465554	0.011594783272764439	0.017226500830679926	0.018878386388789987	0.010323604390505937	0.0070773292327750165
99	99	0.03600577841464507	0.7344409876191585	0.020736112773788236	0.07301896419126158	0.0520985887677058	0.014907363255319049	0.022148038428990324	0.024271860624857117	0.013273014004063069	0.009099291920211217
100	100	0.0252045361654004	0.014141452867037132	0.2145064656443705	0.2511051750016989	0.43645153053256386	0.010435357679883501	0.015503929095700605	0.016990633610963403	0.009291290904384446	0.0063696284979973
101	101	0.03600577841464507	0.16304954292770094	0.020736112773788236	0.215866825364126	0.0520985887677058	0.014907363255319049	0.16499589960185473	0.30996758297058596	0.013273014004063069	0.009099291920211217
102	102	0.031505311982378485	0.017676615095647323	0.39312292699336343	0.0638921125654685	0.04558663540240506	0.3880227297435848	0.019379691017018287	0.02123805053101973	0.011613981576201615	0.007961945092912835
103	103	0.38653463792108467	0.01285591939747585	0.01319601989933181	0.4100890399140802	0.03315443070770654	0.009486728024185029	0.014094539272064758	0.10635142654129408	0.008446663018882111	0.005790595303895053
104	104	0.08400620558944652	0.04713317432568262	0.048380072019003295	0.5036456288389529	0.12155284378353484	0.0347808345649743	0.051674279840370006	0.05662943570359797	0.03096768330839366	0.021229842026043815
105	105	0.48091062245434607	0.010878154840231035	0.011165934018525807	0.42392101137157856	0.028053927512096462	0.008027282466822702	0.011926224477834018	0.013069855338874944	0.007147221864248276	0.004899765655442178
106	106	0.38653463792108467	0.10376125151916915	0.10410135202102512	0.1373730435490002	0.03315443070770654	0.009486728024185029	0.014094539272064758	0.01544609441960077	0.19025732726226874	0.005790595303895053
107	107	0.34382918503924714	0.00589242835797309	0.04771418828842886	0.1462958091949557	0.015196121075004648	0.12934581218789043	0.006460141848399122	0.1737431266686263	0.12886910505074198	0.0026540822887327928
108	108	0.007876663841444708	0.00441934220619356	0.723276039116247	0.14097193256715068	0.04264670063737148	0.034510707079924034	0.03609468517564284	0.005309739029850722	0.002903619198808075	0.00199057114736688
109	109	0.23621941029553903	0.007856521514376486	0.5636058819349863	0.02839739137009168	0.020261366775770513	0.005797538123775252	0.008613468053318906	0.06499358349044729	0.06071608441100023	0.003538754030694318
110	110	0.04815518934464079	0.1977435007911099	0.15942652725256537	0.019659885336911584	0.2063315373569612	0.0040137114449828775	0.35211100735612133	0.006535041986466524	0.003573673446141953	0.002449925684098475
111	111	0.014826475407586717	0.831826036440571	0.06736068135688048	0.030067781465567482	0.02145317999346961	0.006138560654115732	0.009120129089061594	0.00999467753499376	0.005465567594443439	0.0037469104633102543
112	112	0.019388308235465872	0.010878154840231035	0.7034494053468462	0.03931908285584499	0.18189469891838989	0.008027282466822702	0.011926224477834018	0.013069855338874944	0.007147221864248276	0.004899765655442178
113	113	0.019388308235465872	0.31855969765281783	0.08808631972167251	0.03931908285584499	0.3357354703246833	0.008027282466822702	0.011926224477834018	0.16691062674516835	0.007147221864248276	0.004899765655442178
114	114	0.3751347287268823	0.3672324236835263	0.010368393213427104	0.17936317004159946	0.026050140645986	0.007453923775044429	0.011074378975607473	0.012136324571793974	0.006636722601904955	0.004549793764227989
115	115	0.019388308235465872	0.010878154840231035	0.1650067054248192	0.2700802399652851	0.028053927512096462	0.008027282466822702	0.47344853869671427	0.013069855338874944	0.007147221864248276	0.004899765655442178
116	116	0.16085597593052708	0.010101169022934254	0.010368393213427104	0.32221567190583633	0.09747639157810441	0.007453923775044429	0.15392688083984432	0.22641507736814923	0.006636722601904955	0.004549793764227989
117	117	0.08400620558944652	0.04713317432568262	0.048380072019003295	0.5036456288389529	0.12155284378353484	0.0347808345649743	0.051674279840370006	0.05662943570359797	0.03096768330839366	0.021229842026043815
118	118	0.022913309434311448	0.01285591939747585	0.19500668414271843	0.04646771142730692	0.3058704270727865	0.37310805651095824	0.014094539272064758	0.01544609441960077	0.008446663018882111	0.005790595303895053
119	119	0.022913309434311448	0.01285591939747585	0.01319601989933181	0.1373730435490002	0.03315443070770654	0.009486728024185029	0.7413371962456111	0.01544609441960077	0.008446663018882111	0.005790595303895053
120	120	0.022913309434311448	0.01285591939747585	0.01319601989933181	0.04646771142730692	0.3058704270727865	0.009486728024185029	0.377715867758838	0.1972567586629874	0.008446663018882111	0.005790595303895053
121	121	0.013265831145265871	0.007443030280413428	0.007639933998882193	0.07953314665682447	0.17708596174247393	0.16338336900718808	0.271311733755837	0.008942631399959301	0.2680418537361536	0.003352508277002181
122	122	0.014826475407586717	0.008318657474383317	0.008538725716438498	0.2065336483868934	0.2567410025552375	0.006138560654115732	0.42087381857215544	0.06881663317543574	0.005465567594443439	0.0037469104633102543
123	123	0.028004898662144704	0.015712646004591897	0.016128320576470123	0.05679334769663835	0.15162720584065872	0.011594783272764439	0.683859477934661	0.018878386388789987	0.010323604390505937	0.0070773292327750165
124	124	0.01800347406629023	0.010101169022934254	0.08179464414554552	0.10793691910948106	0.16890264251022283	0.007453923775044429	0.22535313177196273	0.012136324571793974	0.36376797726249704	0.004549793764227989
125	125	0.30370847779476384	0.2958061727514079	0.010368393213427104	0.17936317004159946	0.026050140645986	0.15030642563928123	0.011074378975607473	0.012136324571793974	0.006636722601904955	0.004549793764227989
126	126	0.019388308235465872	0.010878154840231035	0.011165934018525807	0.03931908285584499	0.028053927512096462	0.008027282466822702	0.8580504672124477	0.013069855338874944	0.007147221864248276	0.004899765655442178
127	127	0.028004898662144704	0.015712646004591897	0.016128320576470123	0.16789884388063517	0.04052170965666189	0.011594783272764439	0.017226500830679926	0.018878386388789987	0.6769565814944869	0.0070773292327750165
128	128	0.0252045361654004	0.014141452867037132	0.014515561872262854	0.15110972311564505	0.03646972298834851	0.010435357679883501	0.7154720922980774	0.016990633610963403	0.009291290904384446	0.0063696284979973
129	129	0.022913309434311448	0.4673825800059424	0.01319601989933181	0.04646771142730692	0.03315443070770654	0.009486728024185029	0.377715867758838	0.01544609441960077	0.008446663018882111	0.005790595303895053
130	130	0.022913309434311448	0.01285591939747585	0.01319601989933181	0.04646771142730692	0.03315443070770654	0.009486728024185029	0.19590520351545138	0.10635142654129408	0.5538786557490419	0.005790595303895053
131	131	0.10236410304580176	0.18824251554189766	0.006598146355327429	0.11414154752130377	0.016577558067193174	0.004743462075252596	0.37067626123573183	0.053176812612479044	0.14058423603638195	0.002895357508630759
132	132	0.022913309434311448	0.01285591939747585	0.01319601989933181	0.04646771142730692	0.39677575919447977	0.009486728024185029	0.4686211998805313	0.01544609441960077	0.008446663018882111	0.005790595303895053
133	133	0.5894134815232376	0.08152741995505267	0.010368393213427104	0.03651066817736265	0.09747639157810441	0.007453923775044429	0.15392688083984432	0.012136324571793974	0.006636722601904955	0.004549793764227989
134	134	0.12511110671892356	0.3967355840325308	0.008064364051908747	0.02839739137009168	0.020261366775770513	0.005797538123775252	0.3974925305714732	0.009439431702139527	0.005161932622692472	0.003538754030694318
135	135	0.022913309434311448	0.10376125151916915	0.5586280126294917	0.04646771142730692	0.03315443070770654	0.009486728024185029	0.19590520351545138	0.01544609441960077	0.008446663018882111	0.005790595303895053
136	136	0.1126002805632859	0.007070887229522668	0.007257945985958223	0.2755520315401179	0.01823527617474367	0.0052177974956295415	0.5577396332381677	0.008495509998219216	0.004645751099219047	0.0031848866751361705
137	137	0.0252045361654004	0.014141452867037132	0.014515561872262854	0.6510869825459142	0.13646517487440235	0.010435357679883501	0.015503929095700605	0.11698608549701724	0.009291290904384446	0.0063696284979973
138	138	0.008691478355946533	0.00487650836773646	0.4532743467983265	0.22451944282968536	0.047058359097658264	0.0035985064282109173	0.1087929951757571	0.14378788498799788	0.003203988887727164	0.0021964890709538784
139	139	0.22662355468195874	0.00441934220619356	0.004536254925986651	0.01597370922971408	0.23014403564352637	0.003261151245564885	0.44233891102231176	0.005309739029850722	0.002903619198808075	0.06448968281608518
140	140	0.013265831145265871	0.21796430649987994	0.16553089116348207	0.02690282760195784	0.019195004577874035	0.0054924118425882075	0.5344633290301701	0.008942631399959301	0.004890258461820443	0.003352508277002181
141	141	0.07364843104802869	0.2436064800361512	0.008538725716438498	0.14771169274645143	0.13909709127435357	0.006138560654115732	0.36205186293171343	0.00999467753499376	0.005465567594443439	0.0037469104633102543
142	142	0.021003939351682818	0.1784449831794817	0.012096393253177132	0.12592572380393857	0.030391666198225233	0.00869619731873009	0.5962312631279362	0.014158968670140956	0.007742801112223241	0.005308063984464141
143	143	0.014826475407586717	0.890647992081013	0.008538725716438498	0.030067781465567482	0.02145317999346961	0.006138560654115732	0.009120129089061594	0.00999467753499376	0.005465567594443439	0.0037469104633102543
144	144	0.3129786181923618	0.035351220446911906	0.03628642915843945	0.37774853713826406	0.09116808782809584	0.026086614526278723	0.03875717865827996	0.042473686399926595	0.02322664269969734	0.015922984951744396
145	145	0.019388308235465872	0.010878154840231035	0.011165934018525807	0.03931908285584499	0.6434170131372701	0.008027282466822702	0.24268738158727415	0.013069855338874944	0.007147221864248276	0.004899765655442178
146	146	0.04815518934464079	0.005439172567178026	0.15942652725256537	0.5581120043639208	0.014027209133029328	0.0040137114449828775	0.04442408219783041	0.16037850456561203	0.003573673446141953	0.002449925684098475
147	147	0.3251908918235619	0.014141452867037132	0.514492821302532	0.051114271229591224	0.03646972298834851	0.010435357679883501	0.015503929095700605	0.016990633610963403	0.009291290904384446	0.0063696284979973
148	148	0.013265831145265871	0.007443030280413428	0.007639933998882193	0.7637272943700907	0.019195004577874035	0.0054924118425882075	0.16605109564610374	0.008942631399959301	0.004890258461820443	0.003352508277002181
149	149	0.2322822268626455	0.010101169022934254	0.08179464414554552	0.17936317004159946	0.09747639157810441	0.007453923775044429	0.011074378975607473	0.36926757923238607	0.006636722601904955	0.004549793764227989
150	150	0.031505311982378485	0.017676615095647323	0.018144246035082478	0.68885658082927	0.04558663540240506	0.013044048785303889	0.019379691017018287	0.02123805053101973	0.13660687522896192	0.007961945092912835
151	151	0.10433411424861198	0.011784633385623364	0.012096393253177132	0.4592464233916553	0.030391666198225233	0.00869619731873009	0.012920038849431964	0.014158968670140956	0.34106350069993996	0.005308063984464141
152	152	0.1732290796417593	0.010878154840231035	0.011165934018525807	0.11623946855899168	0.3357354703246833	0.2387884395762628	0.08884661018098072	0.013069855338874944	0.007147221864248276	0.004899765655442178
153	153	0.012602554671973505	0.007070887229522668	0.1572545348229268	0.07555657975749312	0.01823527617474367	0.4552075640065353	0.007752140835949545	0.008495509998219216	0.10464347699053145	0.15318147551210476
154	154	0.3681080388372316	0.003928310387089388	0.004032232968803568	0.014198875072287878	0.4823470675156402	0.002898805685123933	0.11541649576434446	0.004719775480265889	0.0025809989194419836	0.0017693993697711111
155	155	0.19327131452233973	0.0064280925888216996	0.006598146355327429	0.29595597047437977	0.47111361544988306	0.004743462075252596	0.007047415329579974	0.0077232068742100575	0.004223418821574983	0.002895357508630759
156	156	0.12519998805145424	0.014141452867037132	0.014515561872262854	0.4510960787738066	0.13646517487440235	0.11043080956593734	0.11549938098175443	0.016990633610963403	0.009291290904384446	0.0063696284979973
157	157	0.18766428914554117	0.011784633385623364	0.012096393253177132	0.12592572380393857	0.5303727155798003	0.00869619731873009	0.012920038849431964	0.09748914356707013	0.007742801112223241	0.005308063984464141
158	158	0.18766428914554117	0.011784633385623364	0.17875674304703548	0.20925589870086772	0.030391666198225233	0.00869619731873009	0.012920038849431964	0.014158968670140956	0.2577333258030108	0.08863823888139331
159	159	0.009335280722239983	0.005237725124866224	0.07944911425406957	0.5744779507297962	0.12461693102612696	0.0038650579697009006	0.005742360401170674	0.006293007471599691	0.0034413173999802474	0.1875412549004495
160	160	0.05040677977302013	0.028281619453795686	0.02902980343598709	0.5021875099432221	0.2729179371300445	0.02086976617902088	0.031006447982816293	0.033979721785461416	0.018581736690211046	0.012738677626420915
161	161	0.01008208959311387	0.005656735511680876	0.0058063831974595245	0.620435350672186	0.25458392098195753	0.08417280154575205	0.006201740875625243	0.006796438910256913	0.0037166177833608174	0.0025479209286071746
162	162	0.016803278854356597	0.7427388759458864	0.009677187958020275	0.1007413426874488	0.024313517261055462	0.006957010590845306	0.010336109429811892	0.01132726079955165	0.07285893309605791	0.004246483376965763
163	163	0.014002803142308031	0.3967355840325308	0.008064364051908747	0.19505984673501495	0.35358627750561705	0.005797538123775252	0.008613468053318906	0.009439431702139527	0.005161932622692472	0.003538754030694318
164	164	0.14662034958092876	0.00487650836773646	0.005005515317134229	0.12107278941094866	0.6677382796100783	0.0035985064282109173	0.00534634175702042	0.005859013763015629	0.03768620669397272	0.0021964890709538784
165	165	0.35432463893939947	0.09511480828255253	0.012096393253177132	0.20925589870086772	0.030391666198225233	0.00869619731873009	0.17958038864329032	0.014158968670140956	0.09107297600915241	0.005308063984464141
166	166	0.13911039484614152	0.34902913455658235	0.23833931294446378	0.16789884388063517	0.04052170965666189	0.011594783272764439	0.017226500830679926	0.018878386388789987	0.010323604390505937	0.0070773292327750165
167	167	0.01008208959311387	0.32565091376696204	0.20580274460701026	0.3004411724169049	0.09458683185431696	0.04417352926384191	0.006201740875625243	0.006796438910256913	0.0037166177833608174	0.0025479209286071746
168	168	0.011456891569263777	0.051881698327090685	0.006598146355327429	0.29595597047437977	0.062031163805462156	0.004743462075252596	0.14340823254438695	0.0077232068742100575	0.004223418821574983	0.41197780915305166
169	169	0.014826475407586717	0.714182125159687	0.06736068135688048	0.14771169274645143	0.02145317999346961	0.006138560654115732	0.009120129089061594	0.00999467753499376	0.005465567594443439	0.0037469104633102543
170	170	0.021003939351682818	0.011784633385623364	0.6787377924286105	0.20925589870086772	0.030391666198225233	0.00869619731873009	0.012920038849431964	0.014158968670140956	0.007742801112223241	0.005308063984464141
171	171	0.019388308235465872	0.010878154840231035	0.472688248237406	0.42392101137157856	0.028053927512096462	0.008027282466822702	0.011926224477834018	0.013069855338874944	0.007147221864248276	0.004899765655442178
172	172	0.010502168698433047	0.2558876906135837	0.42270708167184473	0.021298178067150397	0.05686199811760641	0.004348181060085158	0.13145777297620442	0.09041137258342276	0.003871473922936676	0.0026540822887327928
173	173	0.3816780645293323	0.16533398744501332	0.007639933998882193	0.18479378476655772	0.12445564268760731	0.0054924118425882075	0.1134207765912371	0.008942631399959301	0.004890258461820443	0.003352508277002181
174	174	0.05443617678982916	0.0061486158290901555	0.006311276099782553	0.15265637076919478	0.40715341874116484	0.004537228672048915	0.006741012026643969	0.007387421911234553	0.35185900427208366	0.0027694748889274157
175	175	0.022913309434311448	0.01285591939747585	0.01319601989933181	0.04646771142730692	0.12405976282939984	0.2822027243892649	0.014094539272064758	0.379067422906374	0.008446663018882111	0.09669592742558836
176	176	0.2956293057993914	0.3764772478842491	0.01319601989933181	0.1373730435490002	0.03315443070770654	0.10039206014587834	0.014094539272064758	0.01544609441960077	0.008446663018882111	0.005790595303895053
177	177	0.021003939351682818	0.42843550787026924	0.012096393253177132	0.3759162484947261	0.030391666198225233	0.09202637221565926	0.012920038849431964	0.014158968670140956	0.007742801112223241	0.005308063984464141
178	178	0.021003939351682818	0.011784633385623364	0.012096393253177132	0.6259067731855136	0.030391666198225233	0.00869619731873009	0.26291056354021947	0.014158968670140956	0.007742801112223241	0.005308063984464141
179	179	0.18129935911802156	0.0035354838151336284	0.07862816145638869	0.08777815090968058	0.534111772157868	0.0026089284127486143	0.0038761144915029693	0.029247519032123314	0.07732204916181254	0.0015924614447201159
180	180	0.008401766803085265	0.004713960553210603	0.0048386673361569005	0.4836981986416015	0.1454882548252598	0.0034785580324831673	0.005168133066954051	0.17232785612524926	0.1697613307373902	0.002123273878609359
181	181	0.011456891569263777	0.051881698327090685	0.006598146355327429	0.06868794178303479	0.652928038402959	0.004743462075252596	0.18886183828265593	0.0077232068742100575	0.004223418821574983	0.002895357508630759
182	182	0.021003939351682818	0.011784633385623364	0.012096393253177132	0.0425955489070094	0.863693415167517	0.00869619731873009	0.012920038849431964	0.014158968670140956	0.007742801112223241	0.005308063984464141
183	183	0.021003939351682818	0.011784633385623364	0.012096393253177132	0.2925860735977969	0.5303727155798003	0.00869619731873009	0.09625021374636113	0.014158968670140956	0.007742801112223241	0.005308063984464141
184	184	0.05691049730753276	0.0064280925888216996	0.006598146355327429	0.3414095762126487	0.15293837528200013	0.004743462075252596	0.05250102106784896	0.0077232068742100575	0.36785226472772686	0.002895357508630759
185	185	0.6250984728136934	0.007856521514376486	0.008064364051908747	0.19505984673501495	0.07581551856407827	0.005797538123775252	0.008613468053318906	0.009439431702139527	0.06071608441100023	0.003538754030694318
186	186	0.019388308235465872	0.010878154840231035	0.011165934018525807	0.5777617827778719	0.028053927512096462	0.008027282466822702	0.08884661018098072	0.08999024104202165	0.1609879932705417	0.004899765655442178
187	187	0.04815518934464079	0.12082176950153714	0.005583064673419888	0.5965728700087072	0.2063315373569612	0.0040137114449828775	0.0059632165530440415	0.006535041986466524	0.003573673446141953	0.002449925684098475
188	188	0.022913309434311448	0.01285591939747585	0.2859120162644117	0.4100890399140802	0.03315443070770654	0.009486728024185029	0.19590520351545138	0.01544609441960077	0.008446663018882111	0.005790595303895053
