0	0	0.02095081760561119	0.012363975690295213	0.04008353931038569	0.00768678453477562	0.3254245974160016	0.021657589006978378	0.5194098009272737	0.017449750451483375	0.009492833311532852	0.025480311745662385
1	1	0.009831733754684876	0.005802127603068906	0.01881027718649076	0.003607230056515899	0.5654989008326226	0.010163405213740807	0.007870042617836935	0.06715800252883093	0.2993009596955937	0.011957320510614707
2	2	0.11326729917258022	0.0035192956022079575	0.011409422595896576	0.002187974781411922	0.1283971595145451	0.04193258504689523	0.2193812657756064	0.3626463676717325	0.07423794079884513	0.04302068904027908
3	3	0.044946711913314265	0.04231422663363951	0.127859824441443	0.0023565528905027918	0.022718513107343734	0.006639610326635255	0.005141388652476716	0.7373013850895769	0.0029102368718868913	0.007811550073180981
4	4	0.012866689218120701	0.007593184939227435	0.0246168170034055	0.004720745011360579	0.12268311097783799	0.24481805894234654	0.010299444128948395	0.5509236191044089	0.005829907849811268	0.01564842282453274
5	5	0.0079552691077018	0.004694745365500124	0.25379263596808216	0.0029187614869351313	0.3621399543132427	0.00822363842871568	0.19722594226812465	0.1497693431377203	0.003604539212234568	0.009675170711743014
6	6	0.008794521305125464	0.005190024068331938	0.016825860789108676	0.0032266802962805426	0.29484802015691086	0.009091202621539216	0.0070397815076951	0.6403032378319335	0.0039848050981037084	0.010695866324971008
7	7	0.18119481103636853	0.008228173121149826	0.19392755577876025	0.0051155223434122404	0.04931655125505151	0.014413033169905444	0.011160746119430087	0.513369128211396	0.006317440106164212	0.016957038858361872
8	8	0.013942679814868393	0.008228173121149826	0.026675424557260116	0.0051155223434122404	0.04931655125505151	0.014413033169905444	0.011160746119430087	0.8478733906543963	0.006317440106164212	0.016957038858361872
9	9	0.1676814416177914	0.014140921099441503	0.477003072631614	0.008791525989491317	0.08475532173742016	0.0247702086305623	0.16290041619308887	0.01995762127978419	0.010857139340212575	0.029142331480593617
10	10	0.016742978682515206	0.009880749539736637	0.03203301450220275	0.006142942582267843	0.05922146799053421	0.017307799527661264	0.1138241420770207	0.7168978945546111	0.00758625790952888	0.02036275263392145
11	11	0.016742978682515206	0.009880749539736637	0.03203301450220275	0.006142942582267843	0.1596432988304202	0.017307799527661264	0.013402311237134732	0.7168978945546111	0.00758625790952888	0.02036275263392145
12	12	0.06880097230521989	0.005802127603068906	0.1957179928380958	0.003607230056515899	0.09374499242834244	0.12810188231481084	0.007870042617836935	0.18509647962990097	0.2993009596955937	0.011957320510614707
13	13	0.011944874155233048	0.00704918234978012	0.022853181282560565	0.07602606633178427	0.042250127402588655	0.8004266858013229	0.009561555572188714	0.00994877990476923	0.005412232659239756	0.014527314540532691
14	14	0.006422934006220457	0.0037904487265457004	0.01228849072016157	0.1949754424259718	0.061242291014437546	0.6230200568401362	0.08218894446666433	0.005349604854794578	0.0029102368718868913	0.007811550073180981
15	15	0.06779920152860941	0.003078805427497328	0.009981370189767119	0.001914118446888068	0.01845319288181005	0.5060502517830268	0.004176111175772063	0.37983813907719766	0.0023638502253620123	0.006344959264069546
16	16	0.008353869741810174	0.0049299766888319775	0.01598279706754772	0.0030650067193405436	0.07965364758989597	0.05874092152246614	0.006687051595612676	0.6082206931478875	0.20420608850541608	0.010159947421191333
17	17	0.015215055002804055	0.008979056269899019	0.029109759189122838	0.0055823525216500865	0.05381706026800106	0.01572833166573155	0.012179248776721878	0.8339906847667007	0.006893954388144721	0.018504497151224073
18	18	0.010447834605896522	0.006165715129367203	0.019989014129057146	0.0038332753872569484	0.03695495971273297	0.010800290096878622	0.07102773246797982	0.8233406354770461	0.004733922763648006	0.012706620230136691
19	19	0.0079552691077018	0.004694745365500124	0.11064916602142107	0.0029187614869351313	0.21899648436658162	0.05593812841093604	0.006367982339243224	0.5791997529777035	0.003604539212234568	0.009675170711743014
20	20	0.007262240869289435	0.004285759689918485	0.013894270039737698	0.002664491756489662	0.025687219301623394	0.00750723102923809	0.005813231579330627	0.9207627160369888	0.003290527526806509	0.008832312170577306
21	21	0.008353869741810174	0.0049299766888319775	0.06608803281909192	0.0030650067193405436	0.029548411838351763	0.5597932790379081	0.15700275885024528	0.1572735713839897	0.0037851454992392664	0.010159947421191333
22	22	0.01861203312453346	0.010983758697659083	0.0356089282736932	0.006828692372562982	0.06583248684861483	0.019239906126024147	0.014898439842807348	0.7969267364768741	0.008433128070028361	0.022635890167202497
23	23	0.008794521305125464	0.005190024068331938	0.06957405736558607	0.0032266802962805426	0.13660343042747866	0.06183939919801661	0.0070397815076951	0.6403032378319335	0.056733001674581104	0.010695866324971008
24	24	0.006422934006220457	0.0037904487265457004	0.01228849072016157	0.0023565528905027918	0.13828984682862516	0.19925849986210428	0.005141388652476716	0.6217300513682954	0.0029102368718868913	0.007811550073180981
25	25	0.016742978682515206	0.21072441121950858	0.03203301450220275	0.006142942582267843	0.36048696051019213	0.017307799527661264	0.013402311237134732	0.0139450786754092	0.00758625790952888	0.3216282451535794
26	26	0.0421239846436114	0.02485916931339666	0.08059248217215452	0.015455148328670287	0.4016496703427597	0.04354502835742625	0.03371913465622076	0.28773792474517257	0.019086413340368882	0.05123104410021909
27	27	0.005963463703666343	0.0035192956022079575	0.011409422595896576	0.002187974781411922	0.23570099498345898	0.006164639890590608	0.004773594837778648	0.5414860934532556	0.11000588595514975	0.0787886341965837
28	28	0.008794521305125464	0.005190024068331938	0.12232225394206346	0.0032266802962805426	0.031107037274523856	0.009091202621539216	0.1125361746606499	0.5875550412554562	0.0039848050981037084	0.1161922594779258
29	29	0.012866689218120701	0.007593184939227435	0.0246168170034055	0.004720745011360579	0.12268311097783799	0.013300744257920757	0.7048513881822256	0.010716551507415413	0.005829907849811268	0.09282086105267467
30	30	0.013942679814868393	0.008228173121149826	0.026675424557260116	0.0051155223434122404	0.3838208136980518	0.014413033169905444	0.09478681173018015	0.011612734546895516	0.42444776815991464	0.016957038858361872
31	31	0.00928424867953867	0.005479033187980581	0.40756136375687535	0.003406359623300577	0.3112667815371604	0.00959745084536353	0.17448831518690447	0.007732768507519907	0.004206700988799358	0.06697697768655728
32	32	0.010447834605896522	0.006165715129367203	0.019989014129057146	0.0038332753872569484	0.1622839945674597	0.5121164295157855	0.19635676732270654	0.008701908921322402	0.06739844019101136	0.012706620230136691
33	33	0.09003912744626263	0.2391104996236532	0.33330656991597324	0.004720745011360579	0.04551067274969605	0.013300744257920757	0.010299444128948395	0.24223386619184117	0.005829907849811268	0.01564842282453274
34	34	0.38024536619988386	0.008979056269899019	0.12036733698839279	0.0055823525216500865	0.236332215866541	0.01572833166573155	0.012179248776721878	0.012672484573271105	0.006893954388144721	0.201019652749764
35	35	0.013942679814868393	0.008228173121149826	0.026675424557260116	0.0051155223434122404	0.21656868247655167	0.014413033169905444	0.17841287734093025	0.513369128211396	0.006317440106164212	0.016957038858361872
36	36	0.006680283774713898	0.0039423218582512526	0.012780857641401088	0.0024509736552539322	0.06369610564172619	0.08704028681921609	0.005347390329929459	0.00556394919798407	0.8043732931120078	0.008124537969516381
37	37	0.012866689218120701	0.007593184939227435	0.2561341316878313	0.004720745011360579	0.12268311097783799	0.24481805894234654	0.010299444128948395	0.16506142796369927	0.1601747843060951	0.01564842282453274
38	38	0.011944874155233048	0.00704918234978012	0.022853181282560565	0.004382534164284604	0.11389365957008832	0.012347831958826725	0.009561555572188714	0.2248793764072682	0.5785604899992369	0.014527314540532691
39	39	0.011146312926532034	0.006577917132129269	0.08817924115020948	0.0040895447345448135	0.03942554229495866	0.27893786660964365	0.0757762122405045	0.009283665329129444	0.47302759043993875	0.01355610714240941
40	40	0.3990827950648373	0.005479033187980581	0.0734483239980479	0.003406359623300577	0.03283924840480424	0.00959745084536353	0.007431795307490765	0.11910378176046238	0.3383197407476268	0.011291471060086032
41	41	0.00928424867953867	0.005479033187980581	0.01776281737157667	0.003406359623300577	0.08852475503127548	0.00959745084536353	0.8427143947045592	0.007732768507519907	0.004206700988799358	0.011291471060086032
42	42	0.012866689218120701	0.007593184939227435	0.17896169345968935	0.004720745011360579	0.12268311097783799	0.013300744257920757	0.010299444128948395	0.5509236191044089	0.005829907849811268	0.09282086105267467
43	43	0.15523193849023234	0.00704918234978012	0.3810708421200589	0.004382534164284604	0.042250127402588655	0.370565492796325	0.009561555572188714	0.00994877990476923	0.005412232659239756	0.014527314540532691
44	44	0.013942679814868393	0.008228173121149826	0.6956839494432607	0.0051155223434122404	0.04931655125505151	0.014413033169905444	0.011160746119430087	0.011612734546895516	0.17356957132766437	0.016957038858361872
45	45	0.27856184810022505	0.6082628712729385	0.02132535735678623	0.0040895447345448135	0.03942554229495866	0.011522331435950606	0.008922328447081252	0.009283665329129444	0.005050403885975971	0.01355610714240941
46	46	0.1958253837780693	0.016514357668664728	0.221380643455236	0.010267110863772187	0.4346642480159033	0.028927683138597508	0.02240017930488974	0.023307342832365248	0.012679420319365368	0.03403363062313659
47	47	0.0079552691077018	0.004694745365500124	0.015220186056980356	0.0029187614869351313	0.31442546433102236	0.00822363842871568	0.10179696230368394	0.006625873191059245	0.003604539212234568	0.534534560516167
48	48	0.1033842490721425	0.004694745365500124	0.06293467603920071	0.09834774145137584	0.31442546433102236	0.34222506830425814	0.006367982339243224	0.0543403631732796	0.003604539212234568	0.009675170711743014
49	49	0.013942679814868393	0.008228173121149826	0.026675424557260116	0.08874158795416233	0.04931655125505151	0.014413033169905444	0.011160746119430087	0.7642473250436462	0.006317440106164212	0.016957038858361872
50	50	0.29424220900102394	0.004694745365500124	0.015220186056980356	0.19377672141581653	0.17128199438436129	0.00822363842871568	0.006367982339243224	0.006625873191059245	0.28989147910555674	0.009675170711743014
51	51	0.02095081760561119	0.012363975690295213	0.2914031523186884	0.00768678453477562	0.07410498440769885	0.021657589006978378	0.01677057491066826	0.017449750451483375	0.5121320593281383	0.025480311745662385
52	52	0.09756874542561847	0.008228173121149826	0.5284318182217606	0.0051155223434122404	0.21656868247655167	0.014413033169905444	0.011160746119430087	0.011612734546895516	0.08994350571691428	0.016957038858361872
53	53	0.013942679814868393	0.5936106323964003	0.026675424557260116	0.0051155223434122404	0.21656868247655167	0.09803909878065553	0.011160746119430087	0.011612734546895516	0.006317440106164212	0.016957038858361872
54	54	0.01861203312453346	0.010983758697659083	0.0356089282736932	0.4533572288916038	0.4007288892378955	0.019239906126024147	0.014898439842807348	0.01550179756855254	0.008433128070028361	0.022635890167202497
55	55	0.013942679814868393	0.5099845667856503	0.026675424557260116	0.08874158795416233	0.30019474808730173	0.014413033169905444	0.011160746119430087	0.011612734546895516	0.006317440106164212	0.016957038858361872
56	56	0.012866689218120701	0.007593184939227435	0.2561341316878313	0.15906562146764444	0.12268311097783799	0.013300744257920757	0.010299444128948395	0.010716551507415413	0.005829907849811268	0.40151061396524235
57	57	0.18673944940628992	0.005802127603068906	0.01881027718649076	0.003607230056515899	0.09374499242834244	0.010163405213740807	0.007870042617836935	0.5978811494836461	0.00445476694291864	0.07092655906114972
58	58	0.0835884063227327	0.00704918234978012	0.23778377778505952	0.004382534164284604	0.11389365957008832	0.012347831958826725	0.009561555572188714	0.5114535050772668	0.005412232659239756	0.014527314540532691
59	59	0.007262240869289435	0.004285759689918485	0.2752411443050282	0.002664491756489662	0.37414971832201077	0.05106504340678651	0.26716010584462113	0.006048656108472071	0.003290527526806509	0.008832312170577306
60	60	0.011944874155233048	0.00704918234978012	0.23778377778505952	0.07602606633178427	0.5437548525750863	0.08399136412632638	0.009561555572188714	0.00994877990476923	0.005412232659239756	0.014527314540532691
61	61	0.5062664218274314	0.0032843469211108183	0.07740787187660826	0.0020419052699892333	0.38686592256284036	0.00575308764393523	0.004454908959125953	0.004635324074154106	0.0025216612067446337	0.006768549658060021
62	62	0.013942679814868393	0.008228173121149826	0.026675424557260116	0.0051155223434122404	0.30019474808730173	0.014413033169905444	0.011160746119430087	0.596995193822146	0.006317440106164212	0.016957038858361872
63	63	0.3535084355138141	0.1226158928274193	0.0356089282736932	0.006828692372562982	0.17746462097837506	0.019239906126024147	0.014898439842807348	0.01550179756855254	0.008433128070028361	0.24590015842672294
64	64	0.6192739637218311	0.009880749539736637	0.03203301450220275	0.006142942582267843	0.1596432988304202	0.11772963036754724	0.013402311237134732	0.0139450786754092	0.00758625790952888	0.02036275263392145
65	65	0.027983660276976817	0.016514357668664728	0.221380643455236	0.010267110863772187	0.4346642480159033	0.19676940663968998	0.02240017930488974	0.023307342832365248	0.012679420319365368	0.03403363062313659
66	66	0.1958253837780693	0.016514357668664728	0.38922236695632845	0.010267110863772187	0.09898080101371837	0.028927683138597508	0.02240017930488974	0.1911490663334577	0.012679420319365368	0.03403363062313659
67	67	0.21758664036228714	0.009880749539736637	0.03203301450220275	0.006142942582267843	0.5613306221899641	0.11772963036754724	0.013402311237134732	0.0139450786754092	0.00758625790952888	0.02036275263392145
68	68	0.1321782812278262	0.004106873274374896	0.43071154130999634	0.0025532766128396117	0.0663547633469488	0.04893360272052825	0.2560089174512982	0.04753590831062974	0.003153181824502532	0.00846365392105547
69	69	0.027983660276976817	0.016514357668664728	0.053538919954143546	0.010267110863772187	0.09898080101371837	0.028927683138597508	0.02240017930488974	0.023307342832365248	0.012679420319365368	0.7054005246275064
70	70	0.13577686946062323	0.006165715129367203	0.2079825664111472	0.0038332753872569484	0.03695495971273297	0.010800290096878622	0.32168580217743326	0.13403094377604913	0.004733922763648006	0.1380356550848634
71	71	0.013942679814868393	0.0918542387318999	0.36117968700026043	0.0051155223434122404	0.21656868247655167	0.014413033169905444	0.26203894295168034	0.011612734546895516	0.006317440106164212	0.016957038858361872
72	72	0.015215055002804055	0.008979056269899019	0.029109759189122838	0.0055823525216500865	0.6013625270636208	0.10698590946500151	0.012179248776721878	0.19518764017181103	0.006893954388144721	0.018504497151224073
73	73	0.01861203312453346	0.010983758697659083	0.0356089282736932	0.006828692372562982	0.17746462097837506	0.465768442645065	0.014898439842807348	0.12713393169831277	0.12006526219978858	0.022635890167202497
74	74	0.012866689218120701	0.007593184939227435	0.6419963228285408	0.004720745011360579	0.1998555492059799	0.013300744257920757	0.010299444128948395	0.010716551507415413	0.005829907849811268	0.09282086105267467
75	75	0.013942679814868393	0.008228173121149826	0.11030149016801019	0.5068719160079127	0.13294261686580158	0.1816651643914056	0.011160746119430087	0.011612734546895516	0.006317440106164212	0.016957038858361872
76	76	0.011146312926532034	0.006577917132129269	0.02132535735678623	0.0040895447345448135	0.908526031609461	0.011522331435950606	0.008922328447081252	0.009283665329129444	0.005050403885975971	0.01355610714240941
77	77	0.011146312926532034	0.006577917132129269	0.02132535735678623	0.0040895447345448135	0.908526031609461	0.011522331435950606	0.008922328447081252	0.009283665329129444	0.005050403885975971	0.01355610714240941
78	78	0.013942679814868393	0.008228173121149826	0.026675424557260116	0.1723676535649124	0.5510729449195519	0.1816651643914056	0.011160746119430087	0.011612734546895516	0.006317440106164212	0.016957038858361872
79	79	0.29424220900102394	0.10012372532994082	0.39693610591474315	0.0029187614869351313	0.17128199438436129	0.00822363842871568	0.006367982339243224	0.006625873191059245	0.003604539212234568	0.009675170711743014
80	80	0.27227043061391387	0.012363975690295213	0.04008353931038569	0.00768678453477562	0.5767442104243043	0.021657589006978378	0.01677057491066826	0.017449750451483375	0.009492833311532852	0.025480311745662385
81	81	0.023961860339331023	0.014140921099441503	0.04584432879623303	0.008791525989491317	0.08475532173742016	0.0247702086305623	0.019180834914628554	0.01995762127978419	0.010857139340212575	0.7477402378728952
82	82	0.009831733754684876	0.005802127603068906	0.07777951573702577	0.003607230056515899	0.6244681393831576	0.010163405213740807	0.007870042617836935	0.008188763978295913	0.00445476694291864	0.24783427471275474
83	83	0.023961860339331023	0.014140921099441503	0.18956391007469336	0.008791525989491317	0.08475532173742016	0.16848978990902264	0.3066199974715493	0.01995762127978419	0.010857139340212575	0.17286191275905397
84	84	0.09756874542561847	0.008228173121149826	0.19392755577876025	0.0051155223434122404	0.04931655125505151	0.014413033169905444	0.011160746119430087	0.0952388001576456	0.006317440106164212	0.5187134325228623
85	85	0.01861203312453346	0.010983758697659083	0.14724106240345342	0.11846082650232322	0.6239931574974159	0.019239906126024147	0.014898439842807348	0.01550179756855254	0.008433128070028361	0.022635890167202497
86	86	0.027983660276976817	0.016514357668664728	0.053538919954143546	0.010267110863772187	0.09898080101371837	0.028927683138597508	0.02240017930488974	0.023307342832365248	0.012679420319365368	0.7054005246275064
87	87	0.09003912744626263	0.007593184939227435	0.0246168170034055	0.004720745011360579	0.04551067274969605	0.78502512653934	0.010299444128948395	0.010716551507415413	0.005829907849811268	0.01564842282453274
88	88	0.682951204700869	0.008228173121149826	0.026675424557260116	0.0051155223434122404	0.04931655125505151	0.014413033169905444	0.011160746119430087	0.011612734546895516	0.006317440106164212	0.18420917007986204
89	89	0.2418763013840539	0.010983758697659083	0.0356089282736932	0.006828692372562982	0.6239931574974159	0.019239906126024147	0.014898439842807348	0.01550179756855254	0.008433128070028361	0.022635890167202497
90	90	0.012866689218120701	0.007593184939227435	0.10178925523154742	0.004720745011360579	0.5085453021185476	0.013300744257920757	0.08747188235709032	0.010716551507415413	0.005829907849811268	0.2471657375089585
91	91	0.0421239846436114	0.02485916931339666	0.08059248217215452	0.015455148328670287	0.6543029013117682	0.04354502835742625	0.03371913465622076	0.035084693776164126	0.019086413340368882	0.05123104410021909
92	92	0.02095081760561119	0.012363975690295213	0.04008353931038569	0.00768678453477562	0.3254245974160016	0.14731739551112974	0.01677057491066826	0.017449750451483375	0.009492833311532852	0.40245973125811646
93	93	0.033627809837704054	0.019845212305217526	0.06433742410085112	0.012337930359796963	0.11894468132931958	0.03476223689116368	0.026918171623711715	0.028008305019118374	0.21693126045678982	0.4442869680763271
94	94	0.15866957699644277	0.0049299766888319775	0.4168246830799013	0.0030650067193405436	0.22996935484452857	0.008635685770921936	0.006687051595612676	0.1071683356324455	0.0037851454992392664	0.06026518317273554
95	95	0.7283801958302296	0.00704918234978012	0.022853181282560565	0.004382534164284604	0.11389365957008832	0.012347831958826725	0.08120508773968836	0.00994877990476923	0.005412232659239756	0.014527314540532691
96	96	0.015215055002804055	0.008979056269899019	0.029109759189122838	0.18809750812019	0.05381706026800106	0.19824348726427146	0.012179248776721878	0.012672484573271105	0.006893954388144721	0.4747923861475738
97	97	0.013942679814868393	0.008228173121149826	0.27755362138951034	0.5068719160079127	0.04931655125505151	0.09803909878065553	0.011160746119430087	0.011612734546895516	0.006317440106164212	0.016957038858361872
98	98	0.01861203312453346	0.010983758697659083	0.8170338671820148	0.006828692372562982	0.06583248684861483	0.019239906126024147	0.014898439842807348	0.01550179756855254	0.008433128070028361	0.022635890167202497
99	99	0.023961860339331023	0.014140921099441503	0.04584432879623303	0.008791525989491317	0.08475532173742016	0.0247702086305623	0.7377787413069302	0.01995762127978419	0.010857139340212575	0.029142331480593617
100	100	0.21758664036228714	0.009880749539736637	0.4337203378617467	0.10656477342215383	0.05922146799053421	0.017307799527661264	0.013402311237134732	0.0139450786754092	0.00758625790952888	0.12078458347380744
101	101	0.02095081760561119	0.012363975690295213	0.04008353931038569	0.00768678453477562	0.7024040169284557	0.021657589006978378	0.01677057491066826	0.017449750451483375	0.1351526398156842	0.025480311745662385
102	102	0.5235900436222166	0.012363975690295213	0.04008353931038569	0.00768678453477562	0.07410498440769885	0.021657589006978378	0.01677057491066826	0.2687693634597861	0.009492833311532852	0.025480311745662385
103	103	0.013942679814868393	0.008228173121149826	0.026675424557260116	0.0051155223434122404	0.8855772073625523	0.014413033169905444	0.011160746119430087	0.011612734546895516	0.006317440106164212	0.016957038858361872
104	104	0.056364710987148944	0.03326323246921775	0.1078381355373364	0.020680022941303947	0.5374341430063823	0.058266162592616334	0.04511845913235288	0.04694566863740493	0.025538898582670385	0.06855056611356622
105	105	0.16721156567440454	0.007593184939227435	0.0246168170034055	0.004720745011360579	0.35420042566226373	0.013300744257920757	0.010299444128948395	0.010716551507415413	0.005829907849811268	0.40151061396524235
106	106	0.012866689218120701	0.007593184939227435	0.0246168170034055	0.004720745011360579	0.4313728638904057	0.013300744257920757	0.010299444128948395	0.16506142796369927	0.005829907849811268	0.3243381757371004
107	107	0.16051804563459568	0.0037904487265457004	0.01228849072016157	0.0023565528905027918	0.5235276258995633	0.006639610326635255	0.08218894446666433	0.120920938576076	0.0029102368718868913	0.0848591058873686
108	108	0.09325422676206532	0.002897475198300555	0.009393504477941494	0.03124953089453969	0.16460710286209637	0.005075416562971927	0.03337830063495332	0.6519485497205632	0.0022246282078471984	0.0059712646787208525
109	109	0.00928424867953867	0.005479033187980581	0.01776281737157667	0.059091866249771814	0.14421026165774672	0.00959745084536353	0.06311730193396199	0.6759588480251747	0.004206700988799358	0.011291471060086032
110	110	0.16051804563459568	0.0037904487265457004	0.1663836023485368	0.0023565528905027918	0.061242291014437546	0.19925849986210428	0.04366516655957052	0.15944471648316982	0.0029102368718868913	0.20043043960865
111	111	0.06880097230521989	0.005802127603068906	0.07777951573702577	0.003607230056515899	0.03477575387780742	0.06913264376427583	0.007870042617836935	0.12612724107936596	0.5351779138977337	0.07092655906114972
112	112	0.012866689218120701	0.007593184939227435	0.17896169345968935	0.004720745011360579	0.04551067274969605	0.013300744257920757	0.010299444128948395	0.7052684955606927	0.005829907849811268	0.01564842282453274
113	113	0.012866689218120701	0.007593184939227435	0.10178925523154742	0.004720745011360579	0.04551067274969605	0.013300744257920757	0.010299444128948395	0.39657874264812504	0.005829907849811268	0.40151061396524235
114	114	0.011944874155233048	0.00704918234978012	0.022853181282560565	0.004382534164284604	0.11389365957008832	0.012347831958826725	0.29613568424218734	0.00994877990476923	0.4352734256642377	0.08617084670803235
115	115	0.012866689218120701	0.007593184939227435	0.0246168170034055	0.004720745011360579	0.4313728638904057	0.4763353736267723	0.010299444128948395	0.010716551507415413	0.005829907849811268	0.01564842282453274
116	116	0.29851900282523164	0.00704918234978012	0.022853181282560565	0.004382534164284604	0.2571807239050876	0.012347831958826725	0.15284861990718804	0.00994877990476923	0.005412232659239756	0.22945791104303168
117	117	0.056364710987148944	0.03326323246921775	0.4459050697084683	0.020680022941303947	0.1993672088352503	0.058266162592616334	0.04511845913235288	0.04694566863740493	0.025538898582670385	0.06855056611356622
118	118	0.015215055002804055	0.008979056269899019	0.3028824925869327	0.0055823525216500865	0.05381706026800106	0.01572833166573155	0.012179248776721878	0.012672484573271105	0.5544394211837644	0.018504497151224073
119	119	0.015215055002804055	0.008979056269899019	0.029109759189122838	0.0055823525216500865	0.4188473714650809	0.2895010650635414	0.012179248776721878	0.19518764017181103	0.006893954388144721	0.018504497151224073
120	120	0.015215055002804055	0.008979056269899019	0.3941400703862027	0.0055823525216500865	0.05381706026800106	0.38075864286281136	0.012179248776721878	0.012672484573271105	0.09815153218741468	0.018504497151224073
121	121	0.27253550418751243	0.005190024068331938	0.016825860789108676	0.0032266802962805426	0.08385523385100126	0.5365731683863132	0.059787978084172494	0.007324878914204854	0.0039848050981037084	0.010695866324971008
122	122	0.009831733754684876	0.005802127603068906	0.13674875428756078	0.003607230056515899	0.09374499242834244	0.42294807506748594	0.06683928116837194	0.244065718180436	0.00445476694291864	0.011957320510614707
123	123	0.01861203312453346	0.010983758697659083	0.0356089282736932	0.006828692372562982	0.28909675510813526	0.5774005767748253	0.014898439842807348	0.01550179756855254	0.008433128070028361	0.022635890167202497
124	124	0.011146312926532034	0.006577917132129269	0.221887008737056	0.0040895447345448135	0.23998719367522844	0.47949951798991336	0.008922328447081252	0.009283665329129444	0.005050403885975971	0.01355610714240941
125	125	0.011146312926532034	0.006577917132129269	0.08817924115020948	0.0040895447345448135	0.23998719367522844	0.21208398281622037	0.008922328447081252	0.009283665329129444	0.40617370664651553	0.01355610714240941
126	126	0.012866689218120701	0.007593184939227435	0.17896169345968935	0.004720745011360579	0.04551067274969605	0.5535078118549143	0.010299444128948395	0.010716551507415413	0.08300234607795319	0.09282086105267467
127	127	0.01861203312453346	0.010983758697659083	0.0356089282736932	0.23009296063208343	0.06583248684861483	0.465768442645065	0.12653057397256756	0.01550179756855254	0.008433128070028361	0.022635890167202497
128	128	0.016742978682515206	0.009880749539736637	0.03203301450220275	0.006142942582267843	0.1596432988304202	0.5194169537270912	0.013402311237134732	0.0139450786754092	0.00758625790952888	0.22120641431369342
129	129	0.015215055002804055	0.008979056269899019	0.029109759189122838	0.0055823525216500865	0.05381706026800106	0.2895010650635414	0.012179248776721878	0.19518764017181103	0.37192426558522457	0.018504497151224073
130	130	0.015215055002804055	0.008979056269899019	0.029109759189122838	0.37061266371872986	0.05381706026800106	0.4720162206620813	0.012179248776721878	0.012672484573271105	0.006893954388144721	0.018504497151224073
131	131	0.007592974215558285	0.004480939617032302	0.1511515374826293	0.2760348397827017	0.20902305586161932	0.14447362313176124	0.18824397691729122	0.006324120983734496	0.003440383087854151	0.009234548919818033
132	132	0.015215055002804055	0.008979056269899019	0.029109759189122838	0.0055823525216500865	0.05381706026800106	0.8370465318591611	0.012179248776721878	0.012672484573271105	0.006893954388144721	0.018504497151224073
133	133	0.011944874155233048	0.00704918234978012	0.022853181282560565	0.14766959849928393	0.40046778824008694	0.29892196062882537	0.009561555572188714	0.00994877990476923	0.005412232659239756	0.08617084670803235
134	134	0.008794521305125464	0.005190024068331938	0.06957405736558607	0.0032266802962805426	0.13660343042747866	0.642069561539268	0.0070397815076951	0.11282127206715965	0.0039848050981037084	0.010695866324971008
135	135	0.10647263280207402	0.008979056269899019	0.029109759189122838	0.0055823525216500865	0.05381706026800106	0.19824348726427146	0.012179248776721878	0.5602179513688909	0.006893954388144721	0.018504497151224073
136	136	0.15866957699644277	0.0049299766888319775	0.01598279706754772	0.0030650067193405436	0.3802850620991612	0.35937233603173135	0.006687051595612676	0.006957864129357104	0.053890381250783465	0.010159947421191333
137	137	0.015215055002804055	0.008979056269899019	0.029109759189122838	0.0055823525216500865	0.7838776826621607	0.01572833166573155	0.10343682657599182	0.012672484573271105	0.006893954388144721	0.018504497151224073
138	138	0.16689474339888852	0.0031782564906565405	0.010303786757015059	0.001975947984037617	0.3097657747271501	0.26398192779422897	0.004311007227530425	0.23059843560885687	0.0024402069239574456	0.006549913087678511
139	139	0.00521705093656021	0.003078805427497328	0.19772782196591474	0.001914118446888068	0.17490856936193305	0.2870127247108546	0.004176111175772063	0.28596491318912387	0.03365492552138661	0.006344959264069546
140	140	0.008794521305125464	0.005190024068331938	0.06957405736558607	0.0032266802962805426	0.031107037274523856	0.37832857865688096	0.0070397815076951	0.007324878914204854	0.47871857428640024	0.010695866324971008
141	141	0.009831733754684876	0.005802127603068906	0.25468723138863086	0.003607230056515899	0.09374499242834244	0.3639788365169509	0.007870042617836935	0.008188763978295913	0.00445476694291864	0.24783427471275474
142	142	0.013942679814868393	0.008228173121149826	0.026675424557260116	0.0051155223434122404	0.04931655125505151	0.8506736892774062	0.011160746119430087	0.011612734546895516	0.006317440106164212	0.016957038858361872
143	143	0.009831733754684876	0.005802127603068906	0.01881027718649076	0.003607230056515899	0.27065270807994746	0.24604035941588087	0.302716235370512	0.008188763978295913	0.12239324404398867	0.011957320510614707
144	144	0.2947772156126198	0.02485916931339666	0.08059248217215452	0.015455148328670287	0.1489964393737513	0.04354502835742625	0.03371913465622076	0.28773792474517257	0.019086413340368882	0.05123104410021909
145	145	0.012866689218120701	0.007593184939227435	0.0246168170034055	0.004720745011360579	0.12268311097783799	0.09047318248606269	0.24181675881337417	0.010716551507415413	0.005829907849811268	0.47868305219338425
146	146	0.006422934006220457	0.0037904487265457004	0.01228849072016157	0.0023565528905027918	0.5620514038066571	0.006639610326635255	0.005141388652476716	0.35206360601863884	0.0029102368718868913	0.046335327980274794
147	147	0.015215055002804055	0.008979056269899019	0.12036733698839279	0.0055823525216500865	0.6926201048628907	0.01572833166573155	0.012179248776721878	0.10393006237254107	0.006893954388144721	0.018504497151224073
148	148	0.006959116958497774	0.004106873274374896	0.013314327078901591	0.0025532766128396117	0.7759300275398099	0.09067332414363773	0.005570588912641344	0.005796186887520258	0.003153181824502532	0.09194309676727443
149	149	0.011146312926532034	0.006577917132129269	0.02132535735678623	0.13779731232139134	0.5074027288489215	0.011522331435950606	0.14263009603392776	0.009283665329129444	0.1387581714728225	0.01355610714240941
150	150	0.02095081760561119	0.012363975690295213	0.4170629588228398	0.00768678453477562	0.3254245974160016	0.021657589006978378	0.01677057491066826	0.017449750451483375	0.009492833311532852	0.15114011824981377
151	151	0.18119481103636853	0.008228173121149826	0.026675424557260116	0.0051155223434122404	0.21656868247655167	0.014413033169905444	0.011160746119430087	0.011612734546895516	0.006317440106164212	0.5187134325228623
152	152	0.011944874155233048	0.00704918234978012	0.16614024561755988	0.004382534164284604	0.042250127402588655	0.012347831958826725	0.08120508773968836	0.00994877990476923	0.005412232659239756	0.6593191040480296
153	153	0.4091957557541638	0.0049299766888319775	0.16629850432218032	0.0030650067193405436	0.12975888334144017	0.008635685770921936	0.05679228734715687	0.1071683356324455	0.10399561700232766	0.010159947421191333
154	154	0.004511242753213037	0.0026622777584970185	0.5227281684263281	0.0016551597976171176	0.2324186481523324	0.058778919637675064	0.08478436700452412	0.0037573741393532516	0.0020440479359928347	0.08665979439446696
155	155	0.18975897626457094	0.004480939617032302	0.333317539531642	0.00278583670918273	0.3456475573983788	0.00784912159500174	0.006077974868278559	0.006324120983734496	0.003440383087854151	0.10031754994432437
156	156	0.016742978682515206	0.009880749539736637	0.03203301450220275	0.006142942582267843	0.05922146799053421	0.017307799527661264	0.013402311237134732	0.0139450786754092	0.00758625790952888	0.8237373993530093
157	157	0.013942679814868393	0.008228173121149826	0.6120578838325107	0.0051155223434122404	0.13294261686580158	0.014413033169905444	0.011160746119430087	0.011612734546895516	0.006317440106164212	0.18420917007986204
158	158	0.18119481103636853	0.008228173121149826	0.11030149016801019	0.0051155223434122404	0.04931655125505151	0.014413033169905444	0.011160746119430087	0.26249093137914575	0.006317440106164212	0.35146130130136216
159	159	0.041731408859970974	0.0035192956022079575	0.011409422595896576	0.002187974781411922	0.4145407207649821	0.006164639890590608	0.004773594837778648	0.25534253220281855	0.03846999564254051	0.2218604148218022
160	160	0.033627809837704054	0.019845212305217526	0.46772636642380305	0.012337930359796963	0.3206391524907956	0.03476223689116368	0.026918171623711715	0.028008305019118374	0.015236789295313838	0.040898025753375145
161	161	0.044946711913314265	0.0037904487265457004	0.3590024918840058	0.0023565528905027918	0.2153374026428128	0.006639610326635255	0.005141388652476716	0.005349604854794578	0.0029102368718868913	0.3545255512370253
162	162	0.07311235203325989	0.006165715129367203	0.0826535315564205	0.0038332753872569484	0.2876130294221864	0.010800290096878622	0.44701483703216	0.008701908921322402	0.004733922763648006	0.07537113765750006
163	163	0.008794521305125464	0.005190024068331938	0.016825860789108676	0.0032266802962805426	0.031107037274523856	0.009091202621539216	0.059787978084172494	0.007324878914204854	0.0039848050981037084	0.8546670115486092
164	164	0.005757528731753147	0.00339776454626318	0.35634320977489287	0.0021124179326497123	0.2620943633265239	0.005951757745949862	0.24633819971461585	0.004795394694259098	0.002608741174962816	0.11060062235812959
165	165	0.18119481103636853	0.008228173121149826	0.026675424557260116	0.0051155223434122404	0.3838208136980518	0.014413033169905444	0.3456650085624304	0.011612734546895516	0.006317440106164212	0.016957038858361872
166	166	0.01861203312453346	0.010983758697659083	0.0356089282736932	0.006828692372562982	0.06583248684861483	0.019239906126024147	0.7963233787511289	0.01550179756855254	0.008433128070028361	0.022635890167202497
167	167	0.04674760631674896	0.0039423218582512526	0.13298282526750627	0.0024509736552539322	0.14383075072579632	0.006905641735145977	0.4460879382923151	0.20590056190815936	0.0030268422713065064	0.008124537969516381
168	168	0.007592974215558285	0.004480939617032302	0.014527035945869796	0.09386883773368906	0.026857053812606634	0.28109812466852074	0.4614929799908102	0.05186562149598767	0.003440383087854151	0.054776049432071205
169	169	0.00928424867953867	0.005479033187980581	0.01776281737157667	0.003406359623300577	0.25558127491068916	0.00959745084536353	0.6756578748251455	0.007732768507519907	0.004206700988799358	0.011291471060086032
170	170	0.013942679814868393	0.008228173121149826	0.026675424557260116	0.0051155223434122404	0.5510729449195519	0.014413033169905444	0.011160746119430087	0.34611699698989584	0.006317440106164212	0.016957038858361872
171	171	0.011944874155233048	0.00704918234978012	0.09449671345006022	0.004382534164284604	0.2571807239050876	0.012347831958826725	0.009561555572188714	0.5114535050772668	0.005412232659239756	0.08617084670803235
172	172	0.048698838381607254	0.004106873274374896	0.013314327078901591	0.0025532766128396117	0.02461504192383931	0.21589248841296615	0.17252947460507925	0.506672843964834	0.003153181824502532	0.00846365392105547
173	173	0.0079552691077018	0.004694745365500124	0.3015071259503025	0.0029187614869351313	0.6007124042243445	0.05593812841093604	0.006367982339243224	0.006625873191059245	0.003604539212234568	0.009675170711743014
174	174	0.007262240869289435	0.004285759689918485	0.5801458309478671	0.002664491756489662	0.025687219301623394	0.31241191767207704	0.049371043956879045	0.006048656108472071	0.003290527526806509	0.008832312170577306
175	175	0.7452756773969637	0.008979056269899019	0.029109759189122838	0.0055823525216500865	0.05381706026800106	0.10698590946500151	0.012179248776721878	0.012672484573271105	0.006893954388144721	0.018504497151224073
176	176	0.015215055002804055	0.008979056269899019	0.029109759189122838	0.0055823525216500865	0.236332215866541	0.01572833166573155	0.012179248776721878	0.28644521797108097	0.2806666877859546	0.10976207495049403
177	177	0.18119481103636853	0.008228173121149826	0.026675424557260116	0.0051155223434122404	0.3838208136980518	0.014413033169905444	0.011160746119430087	0.011612734546895516	0.34082170254916455	0.016957038858361872
178	178	0.013942679814868393	0.008228173121149826	0.19392755577876025	0.0051155223434122404	0.6346990105303021	0.014413033169905444	0.09478681173018015	0.011612734546895516	0.006317440106164212	0.016957038858361872
179	179	0.004070670127403469	0.0024022769634034604	0.5449237701898659	0.0747392896694098	0.18530514480459134	0.004207993323309578	0.17416527081946476	0.0033904251008549783	0.001844424103779507	0.004950734897917115
180	180	0.19919657782824174	0.0031782564906565405	0.10720929004507469	0.001975947984037617	0.5358786157326225	0.005567252359403276	0.004311007227530425	0.004485594603384386	0.03474204135331065	0.10345541637573814
181	181	0.007262240869289435	0.004285759689918485	0.5801458309478671	0.002664491756489662	0.06924503167917181	0.13818066816188335	0.1800444810895243	0.006048656108472071	0.003290527526806509	0.008832312170577306
182	182	0.011944874155233048	0.00704918234978012	0.7392885029575571	0.004382534164284604	0.042250127402588655	0.012347831958826725	0.08120508773968836	0.00994877990476923	0.07705576482673941	0.014527314540532691
183	183	0.013942679814868393	0.008228173121149826	0.7793100150540108	0.0051155223434122404	0.13294261686580158	0.014413033169905444	0.011160746119430087	0.011612734546895516	0.006317440106164212	0.016957038858361872
184	184	0.007262240869289435	0.004285759689918485	0.2752411443050282	0.002664491756489662	0.15636065643426866	0.4430853548047223	0.049371043956879045	0.006048656108472071	0.003290527526806509	0.05239012454812573
185	185	0.008794521305125464	0.005190024068331938	0.016825860789108676	0.0032266802962805426	0.71683359276873	0.1673357923509714	0.059787978084172494	0.007324878914204854	0.0039848050981037084	0.010695866324971008
186	186	0.09003912744626263	0.007593184939227435	0.0246168170034055	0.004720745011360579	0.6628901785748315	0.1676456207142046	0.010299444128948395	0.010716551507415413	0.005829907849811268	0.01564842282453274
187	187	0.041731408859970974	0.0035192956022079575	0.1902491483774197	0.002187974781411922	0.5933804465465051	0.006164639890590608	0.004773594837778648	0.004966916108686191	0.07423794079884513	0.0787886341965837
188	188	0.015215055002804055	0.008979056269899019	0.029109759189122838	0.0055823525216500865	0.5101049492643508	0.38075864286281136	0.012179248776721878	0.012672484573271105	0.006893954388144721	0.018504497151224073
