0	0	0.24062102979053648	0.031154627278237854	0.008777139684755426	0.006406719500423414	0.38716122726666774	0.1699889897055782	0.0070243943251068345	0.015533538153306882	0.018898926395217206	0.009072566392253695	0.02127104737340768	0.017576655039424023	0.010881066791122863	0.010738751446160738	0.009016305151610338	0.006552323142339224	0.012119695842618518	0.009449472167714874	0.005071704536607036	0.002683820016910993
1	1	0.005130074062564735	0.015303401358455553	0.004311401005553537	0.17274437357580194	0.30324157678926045	0.30962973645979264	0.0034504385078057524	0.007630197811513771	0.009283303352884055	0.004456516960126716	0.010448508093607062	0.008633793118600913	0.0618773140669076	0.005274960345427957	0.06096132827922831	0.0032185533783469934	0.005953291245167704	0.004641656082629759	0.0024912617121698806	0.0013183137941545921
2	2	0.003163086705572737	0.009435728372852063	0.0026583115636816864	0.0019403880016653837	0.01268875206401807	0.15605401809577482	0.002127461716796391	0.004704606008441003	0.005723873195824029	0.002747786752748925	0.006442311873258768	0.005323399993656002	0.4564315583734038	0.03810903839020308	0.002730747043690964	0.0019844866327594327	0.0036706636517014044	0.0028619393146669123	0.2803890000202624	8.128422290220931E-4
3	3	0.0034001200798476627	0.19748622258608917	0.0028575184202953214	0.0020857955602463763	0.0511082947975236	0.017873570085479573	0.0022868880861350925	0.005057156773126078	0.006152805154956748	0.0029536986440178324	0.19426848734990895	0.0057223215473675435	0.2658232486625898	0.0034961480813247878	0.0029353820241096074	0.002133198826433327	0.003945733503456721	0.22788849223953267	0.0016511630959709154	8.737544815881738E-4
4	4	0.006629114276118571	0.019775152401560456	0.0055712197538329905	0.004066614355018156	0.026592754256630633	0.1078991620728911	0.00445867854771848	0.009859790058591642	0.011995943535243362	0.07881032684126038	0.013501628499461253	0.011156642286555558	0.5913193694227961	0.0798679245803041	0.005723028135747092	0.004159035111119406	0.007692880746345936	0.005997977461325444	0.0032192242022791562	0.0017035334552002808
5	5	0.05029037047875144	0.24301312996333235	0.0035162680522745357	0.0025666383250514324	0.477848118866799	0.021994001167336782	0.0028140891268770966	0.006222993584359546	0.007571224053914774	0.003634620901912905	0.008521535147428356	0.007041500169847084	0.14267837727484775	0.004302122330015552	0.003612081713730772	0.0026249695642423295	0.004855351609443082	0.0037856156205310614	0.002031809139784025	0.0010751829095200268
6	6	0.0046089622335167505	0.013748885112627073	0.0038734498110165726	0.0028273568986549357	0.018488895340896996	0.125807933818072	0.003099943700149637	0.006855123945315432	0.059130200730096484	0.004003824917876947	0.00938715087008968	0.007756774255172126	0.6650705499226282	0.05552902435037185	0.003978996203766805	0.0028916134126809896	0.005348557190300334	0.004170157647805676	0.0022381998788253104	0.001184399760136215
7	7	0.007151546068265716	0.17895098021988112	0.0060102802676826215	0.004387098892917446	0.02868849430360334	0.03759386635439361	0.004810061149868531	0.010636827167313904	0.012941328094714646	0.006212578211477141	0.014565674114014836	0.012035882616611017	0.4014944114980463	0.007353523839720751	0.006174052468852647	0.004486803207459604	0.08710783358835317	0.006470670189774403	0.16109030105696517	0.001837786690084021
8	8	0.007151546068265716	0.02133360619777095	0.0060102802676826215	0.004387098892917446	0.02868849430360334	0.03759386635439361	0.004810061149868531	0.010636827167313904	0.012941328094714646	0.006212578211477141	0.014565674114014836	0.012035882616611017	0.7955378465533218	0.007353523839720751	0.006174052468852647	0.004486803207459604	0.008299146577298085	0.006470670189774403	0.0034729270348549876	0.001837786690084021
9	9	0.011802077049727286	0.5554331345064197	0.009918665157511546	0.0072399560409377485	0.04734414306777963	0.06204052984857574	0.007937963590356192	0.01755377824528429	0.021356857641925464	0.01025251407589561	0.0240374887519265	0.01986261608983299	0.01229622199645711	0.012135397593046195	0.010188935686200289	0.00740449640622161	0.013695943005510854	0.010678438957691066	0.13578797360404177	0.0030328686846583866
10	10	0.008489664729212285	0.025325316002339886	0.00713485782153391	0.005207964596639953	0.03405636989521236	0.04462801723949651	0.005710066900162755	0.012627073302902012	0.015362767103240705	0.0073750075320762895	0.017291042888148485	0.01428790462367267	0.7572811366932861	0.008729434360287674	0.007329273276126066	0.005326324486157399	0.009851991626327671	0.007681390843338975	0.004122742952851621	0.002181653126986807
11	11	0.008489664729212285	0.3059888218037651	0.00713485782153391	0.005207964596639953	0.12761087182902076	0.04462801723949651	0.005710066900162755	0.012627073302902012	0.015362767103240705	0.0073750075320762895	0.39150905062338204	0.01428790462367267	0.00884512122281886	0.008729434360287674	0.007329273276126066	0.005326324486157399	0.009851991626327671	0.007681390843338975	0.004122742952851621	0.002181653126986807
12	12	0.005130074062564735	0.18490074322592087	0.004311401005553537	0.003147031708336614	0.020579340343484923	0.14003239459232733	0.0034504385078057524	0.007630197811513771	0.009283303352884055	0.004456516960126716	0.010448508093607062	0.008633793118600913	0.288007103223528	0.005274960345427957	0.004428880990073196	0.0032185533783469934	0.005953291245167704	0.1742389979500951	0.11555615629048009	0.0013183137941545921
13	13	0.00617781507841219	0.0865072479526498	0.005191940275395199	0.0037897659376643507	0.02478236328116426	0.03247520916498924	0.004155139044912658	0.07726690717122962	0.011179279427839228	0.005366693996559249	0.35297423685823665	0.010397116427850999	0.3468282530203092	0.0063522922208493916	0.005333413792331977	0.003875894840684991	0.007169162076812069	0.005589645020005389	0.003000064712909756	0.001587559699193768
14	14	0.0034001200798476627	0.010142816967995016	0.0028575184202953214	0.0020857955602463763	0.0511082947975236	0.05534225120909839	0.03975556920975391	0.005057156773126078	0.006152805154956748	0.0029536986440178324	0.5689552985860973	0.04319100267098637	0.11594852416811448	0.0034961480813247878	0.0029353820241096074	0.002133198826433327	0.003945733503456721	0.0030764054978197177	0.07658852534320858	8.737544815881738E-4
15	15	0.002776034068126139	0.008281120898290029	0.002333025981068647	0.0017029514835986647	0.07231882905138366	0.014592907988871548	0.001867133832928405	0.004128924614533565	0.00502346867863188	0.002411552495269183	0.28097633552905726	0.004671999573902197	0.36998871842146286	0.002854436300204516	0.0023965978584669354	0.0017416539643302638	0.003221501115288057	0.1860599635702236	0.031939466178569235	7.133783957934032E-4
16	16	0.004386188202491706	0.3997640580519368	0.00368622674763405	0.0026906967002095195	0.06593020082408675	0.07139204606078366	0.0029501080280299953	0.00652378176521061	0.007937178908137435	0.0038103001781887706	0.00893342325566866	0.007381850838353961	0.39124955975049364	0.004510065264859072	0.0037866715591211224	0.0027518473778403206	0.0050900348624786035	0.003968593221337652	0.002130016564668443	0.0011271518384691908
17	17	0.007763366813633359	0.023158714044480975	0.006524464769626795	0.004762418871149401	0.031142818977003994	0.12636088912710536	0.005221565902810739	0.011546816624660847	0.014048469533135896	0.00674406947164915	0.015811779712462004	0.013065562437360347	0.6924951023054939	0.0079826239523049	0.006702247819532729	0.004870652973160907	0.009009145505693324	0.007024241434473945	0.0037700388463136384	0.0019950108779478643
18	18	0.06535733123470569	0.016220379084033808	0.0045697395667351585	0.0033356014197778354	0.021812451614636616	0.14842311660848886	0.0036571883133571285	0.00808739822539746	0.009839557625707996	0.004723550849546338	0.011074581275832529	0.00915112882662856	0.6647836326287357	0.005591035251049733	0.004694258935930322	0.0034114086585163355	0.006310011645935508	0.004919783483059899	0.002640537774735117	0.0013973069771893159
19	19	0.14250319784679102	0.012481061543233384	0.0035162680522745357	0.0025666383250514324	0.01678398202660111	0.021994001167336782	0.0028140891268770966	0.006222993584359546	0.007571224053914774	0.003634620901912905	0.008521535147428356	0.14536074122190645	0.4654232730629863	0.004302122330015552	0.003612081713730772	0.0026249695642423295	0.004855351609443082	0.0037856156205310614	0.1403510501918434	0.0010751829095200268
20	20	0.0038307156717926013	0.011427316389709164	0.003219398238297443	0.00234994339998404	0.015366951940169314	0.020137102052112717	0.002576502542694311	0.005697601628938388	0.006932004334868997	0.0033277588495929265	0.00780208301340237	0.006447003728032881	0.08841863158075364	0.003938904783221227	0.0033071225893171277	0.002403349876935479	0.0044454262830288015	0.8055275067012567	0.0018602685199002635	9.844078759914854E-4
21	21	0.004386188202491706	0.01308433322362123	0.00368622674763405	0.0026906967002095195	0.017595235220547296	0.07139204606078366	0.0029501080280299953	0.00652378176521061	0.007937178908137435	0.0038103001781887706	0.00893342325566866	0.007381850838353961	0.004569834922177995	0.004510065264859072	0.05212163716266058	0.0027518473778403206	0.1017599660695575	0.68065811167089	0.002130016564668443	0.0011271518384691908
22	22	0.009365885480510537	0.027939149189188814	0.007871248560178628	0.005745480128425384	0.03757133767873317	0.1524443769295596	0.0062994045558663996	0.013930317189329723	0.016948362737765912	0.008136184191779992	0.01907565642395174	0.015762563390909267	0.6290197635070977	0.009630401804533228	0.00808572969005011	0.005876055976361034	0.010868818530563484	0.008474189413181966	0.004548252445014145	0.0024068221769992125
23	23	0.055398855585218114	0.013748885112627073	0.0038734498110165726	0.0028273568986549357	0.1708585753960011	0.07501804046637062	0.003099943700149637	0.006855123945315432	0.008340307378395109	0.004003824917876947	0.00938715087008968	0.007756774255172126	0.6142806565709268	0.004739130998670477	0.003978996203766805	0.0028916134126809896	0.005348557190300334	0.004170157647805676	0.0022381998788253104	0.001184399760136215
24	24	0.07833748232708532	0.047611498091613844	0.0028575184202953214	0.0020857955602463763	0.013639613673904776	0.16774829457995485	0.0022868880861350925	0.005057156773126078	0.006152805154956748	0.0029536986440178324	0.08186244397905248	0.0057223215473675435	0.3782292920334463	0.0034961480813247878	0.0029353820241096074	0.002133198826433327	0.003945733503456721	0.0030764054978197177	0.18899456871406503	8.737544815881738E-4
25	25	0.008489664729212285	0.025325316002339886	0.00713485782153391	0.005207964596639953	0.12761087182902076	0.41884602497473006	0.005710066900162755	0.012627073302902012	0.015362767103240705	0.0073750075320762895	0.017291042888148485	0.01428790462367267	0.00884512122281886	0.008729434360287674	0.007329273276126066	0.005326324486157399	0.009851991626327671	0.007681390843338975	0.2847862487542768	0.002181653126986807
26	26	0.019353060146767513	0.057731651303343484	0.01626463905973261	0.011872088627269108	0.0776349827684846	0.3150012032384412	0.013016682246669777	0.028784706687866944	0.03502100085846208	0.01681208491779616	0.03941670297806017	0.032570741763423124	0.02016335962498559	0.019899639574763466	0.016707828997874284	0.22540896985990097	0.022458623819819595	0.01751051705145036	0.009398214756544624	0.004973301718344376
27	27	0.003163086705572737	0.009435728372852063	0.0026583115636816864	0.10651024231937481	0.01268875206401807	0.19091063620167795	0.002127461716796391	0.07441784222024728	0.005723873195824029	0.002747786752748925	0.14586878429687133	0.005323399993656002	0.3867183221615975	0.0032524202842999393	0.002730747043690964	0.0019844866327594327	0.0036706636517014044	0.0028619393146669123	0.0015360551730372776	0.03566946033492523
28	28	0.0046089622335167505	0.06453877846432844	0.0038734498110165726	0.05361725025035631	0.06927878869259836	0.07501804046637062	0.003099943700149637	0.006855123945315432	0.008340307378395109	0.004003824917876947	0.00938715087008968	0.26170624101367895	0.004801936350510296	0.004739130998670477	0.003978996203766805	0.0028916134126809896	0.005348557190300334	0.20732973105461114	0.20539777328563077	0.001184399760136215
29	29	0.2988354635942808	0.3850330890492633	0.0055712197538329905	0.004066614355018156	0.026592754256630633	0.03484757474335055	0.00445867854771848	0.009859790058591642	0.011995943535243362	0.005758739511719818	0.08655321582900183	0.011156642286555558	0.006906670786471485	0.0798679245803041	0.005723028135747092	0.004159035111119406	0.007692880746345936	0.005997977461325444	0.0032192242022791562	0.0017035334552002808
30	30	0.007151546068265716	0.02133360619777095	0.0060102802676826215	0.004387098892917446	0.10749718131465842	0.3528286143986139	0.004810061149868531	0.08944551417836899	0.012941328094714646	0.006212578211477141	0.014565674114014836	0.012035882616611017	0.086259663453826	0.007353523839720751	0.006174052468852647	0.004486803207459604	0.008299146577298085	0.006470670189774403	0.23989898806802024	0.001837786690084021
31	31	0.004855576443229406	0.06799208943551774	0.2716183853961555	0.0029786417979033677	0.07298572592871427	0.2930622123856573	0.003265814047319482	0.007221924732260981	0.22281671813632042	0.00421805972127143	0.00988943417726146	0.008171820127960527	0.005058876129612797	0.004992710218188205	0.004191902483862936	0.0030463365196261973	0.005634745303319954	0.004393292505629424	0.0023579604379988005	0.0012477740721897506
32	32	0.12527719506756527	0.016220379084033808	0.0045697395667351585	0.0033356014197778354	0.021812451614636616	0.20834298044134844	0.0036571883133571285	0.00808739822539746	0.009839557625707996	0.004723550849546338	0.43051362810584964	0.00915112882662856	0.005665130467280203	0.005591035251049733	0.004694258935930322	0.0034114086585163355	0.1261497393116547	0.004919783483059899	0.002640537774735117	0.0013973069771893159
33	33	0.006629114276118571	0.019775152401560456	0.0055712197538329905	0.004066614355018156	0.026592754256630633	0.03484757474335055	0.00445867854771848	0.15596296471767276	0.08504753086478392	0.15186191417080097	0.08655321582900183	0.011156642286555558	0.006906670786471485	0.006816337250763532	0.3709809647834499	0.004159035111119406	0.007692880746345936	0.005997977461325444	0.0032192242022791562	0.0017035334552002808
34	34	0.007763366813633359	0.023158714044480975	0.006524464769626795	0.004762418871149401	0.11669365505181276	0.4685642334263404	0.005221565902810739	0.011546816624660847	0.014048469533135896	0.00674406947164915	0.015811779712462004	0.013065562437360347	0.008088413707023671	0.0079826239523049	0.006702247819532729	0.004870652973160907	0.26566165373011963	0.007024241434473945	0.0037700388463136384	0.0019950108779478643
35	35	0.1647689200903759	0.02133360619777095	0.0060102802676826215	0.004387098892917446	0.02868849430360334	0.19521124037650378	0.004810061149868531	0.010636827167313904	0.012941328094714646	0.006212578211477141	0.014565674114014836	0.012035882616611017	0.32268572448699123	0.007353523839720751	0.006174052468852647	0.004486803207459604	0.16591652059940826	0.006470670189774403	0.0034729270348549876	0.001837786690084021
36	36	0.08138694377086161	0.04946488198139206	0.0029687537062493396	0.6250027212001916	0.014170566096308524	0.13535103835210166	0.002375910311993494	0.0052540178942224874	0.006392316836130876	0.0030686779599710654	0.04612188921525909	0.005945075692755164	0.0036803797734014	0.00363224345302971	0.00304964832472802	0.0022162383546371605	0.004099329991737625	0.0031961614520875903	0.00171543830687859	9.077673260628633E-4
37	37	0.006629114276118571	0.1658783270606416	0.0055712197538329905	0.22322137634363984	0.026592754256630633	0.03484757474335055	0.00445867854771848	0.009859790058591642	0.011995943535243362	0.37101667615942263	0.013501628499461253	0.011156642286555558	0.006906670786471485	0.006816337250763532	0.005723028135747092	0.004159035111119406	0.007692880746345936	0.005997977461325444	0.0032192242022791562	0.07475512078474085
38	38	0.00617781507841219	0.01842889254818966	0.005191940275395199	0.0037897659376643507	0.02478236328116426	0.03247520916498924	0.004155139044912658	0.009188551766769477	0.07925763483229938	0.5499935372322404	0.012582459835935943	0.010397116427850999	0.006436475998008478	0.0063522922208493916	0.005333413792331977	0.003875894840684991	0.2114042282901925	0.005589645020005389	0.003000064712909756	0.001587559699193768
39	39	0.005784046692035786	0.01725425148346069	0.004861010663800142	0.13102641396902914	0.023202757696348664	0.030405268490523357	0.003890294212861555	0.00860288172705265	0.010466722194371083	0.3874592386685042	0.20299777160750707	0.009734413561740813	0.00602622079685447	0.005947402818067504	0.004993466785788688	0.1311070530931017	0.006712206122833796	0.005233366065066173	0.002808843281702578	0.0014863700693500063
40	40	0.004855576443229406	0.014484554069040598	0.057588243930246946	0.10999371253085764	0.07298572592871427	0.02552453555327162	0.003265814047319482	0.007221924732260981	0.008786576670411876	0.00421805972127143	0.00988943417726146	0.008171820127960527	0.11207394686256707	0.11200778095114246	0.004191902483862936	0.324091548718489	0.11264981603627423	0.004393292505629424	0.0023579604379988005	0.0012477740721897506
41	41	0.004855576443229406	0.014484554069040598	0.004080708563769816	0.16350124789733478	0.1264932612951914	0.07903207091974875	0.003265814047319482	0.007221924732260981	0.008786576670411876	0.4322783426530885	0.00988943417726146	0.008171820127960527	0.005058876129612797	0.004992710218188205	0.1112069732168172	0.0030463365196261973	0.005634745303319954	0.004393292505629424	0.0023579604379988005	0.0012477740721897506
42	42	0.006629114276118571	0.3119815017197227	0.0055712197538329905	0.004066614355018156	0.026592754256630633	0.03484757474335055	0.00445867854771848	0.009859790058591642	0.011995943535243362	0.005758739511719818	0.013501628499461253	0.011156642286555558	0.4452161947637149	0.006816337250763532	0.005723028135747092	0.004159035111119406	0.007692880746345936	0.079049564790866	0.0032192242022791562	0.0017035334552002808
43	43	0.00617781507841219	0.3588206695704904	0.005191940275395199	0.0718681213421245	0.02478236328116426	0.03247520916498924	0.004155139044912658	0.009188551766769477	0.07925763483229938	0.005366693996559249	0.21681752604931637	0.1465538272367713	0.006436475998008478	0.0063522922208493916	0.005333413792331977	0.003875894840684991	0.007169162076812069	0.005589645020005389	0.003000064712909756	0.001587559699193768
44	44	0.32238629411248604	0.02133360619777095	0.0060102802676826215	0.004387098892917446	0.10749718131465842	0.03759386635439361	0.004810061149868531	0.010636827167313904	0.09175001510576973	0.2426386392446424	0.014565674114014836	0.012035882616611017	0.007450976442770914	0.007353523839720751	0.006174052468852647	0.004486803207459604	0.008299146577298085	0.08527935720082948	0.0034729270348549876	0.001837786690084021
45	45	0.005784046692035786	0.01725425148346069	0.004861010663800142	0.0035482096594207655	0.3418982684703696	0.030405268490523357	0.003890294212861555	0.00860288172705265	0.010466722194371083	0.005024625739678984	0.0117804651430945	0.009734413561740813	0.06976532295165866	0.005947402818067504	0.004993466785788688	0.32232435955751426	0.1341904104324422	0.005233366065066173	0.002808843281702578	0.0014863700693500063
46	46	0.013566489343177415	0.04046987020301604	0.16090165744613014	0.008322330557630491	0.35342240028737476	0.07131559838911845	0.00912469034063678	0.02017807073227434	0.1740498614267675	0.011785266471771444	0.027631096934525878	0.022832080181731246	0.014134509033741124	0.013949641357839323	0.011712183103257265	0.00851146973226396	0.015743488544105188	0.012274867187435784	0.006588145718177363	0.0034862830090255396
47	47	0.004183956794731656	0.012481061543233384	0.0035162680522745357	0.0025666383250514324	0.1089968093946407	0.43695172432351487	0.0028140891268770966	0.052329407268379334	0.007571224053914774	0.003634620901912905	0.05462794883144815	0.05314791385386688	0.004359136222788376	0.004302122330015552	0.003612081713730772	0.0026249695642423295	0.004855351609443082	0.0037856156205310614	0.23256387755988298	0.0010751829095200268
48	48	0.004183956794731656	0.012481061543233384	0.0035162680522745357	0.0025666383250514324	0.5239545325508188	0.021994001167336782	0.0028140891268770966	0.006222993584359546	0.007571224053914774	0.003634620901912905	0.3773728446195867	0.007041500169847084	0.004359136222788376	0.004302122330015552	0.003612081713730772	0.0026249695642423295	0.004855351609443082	0.0037856156205310614	0.002031809139784025	0.0010751829095200268
49	49	0.007151546068265716	0.02133360619777095	0.0060102802676826215	0.004387098892917446	0.02868849430360334	0.11640255336544869	0.004810061149868531	0.010636827167313904	0.012941328094714646	0.006212578211477141	0.014565674114014836	0.012035882616611017	0.6379204725312116	0.007353523839720751	0.08498273947990774	0.004486803207459604	0.008299146577298085	0.006470670189774403	0.0034729270348549876	0.001837786690084021
50	50	0.004183956794731656	0.012481061543233384	0.09572909542031413	0.0025666383250514324	0.01678398202660111	0.16031324221939616	0.04892050281089689	0.006222993584359546	0.007571224053914774	0.41859234405809104	0.008521535147428356	0.007041500169847084	0.004359136222788376	0.004302122330015552	0.14193132276579015	0.0026249695642423295	0.05096176529346287	0.0037856156205310614	0.002031809139784025	0.0010751829095200268
51	51	0.010443792303771196	0.031154627278237854	0.008777139684755426	0.006406719500423414	0.041895371036519774	0.054900370962195556	0.0070243943251068345	0.015533538153306882	0.24907616388198253	0.46942704136578434	0.02127104737340768	0.017576655039424023	0.010881066791122863	0.010738751446160738	0.009016305151610338	0.006552323142339224	0.012119695842618518	0.009449472167714874	0.005071704536607036	0.002683820016910993
52	52	0.007151546068265716	0.33656835424199133	0.0060102802676826215	0.004387098892917446	0.02868849430360334	0.03759386635439361	0.004810061149868531	0.010636827167313904	0.012941328094714646	0.006212578211477141	0.014565674114014836	0.012035882616611017	0.086259663453826	0.08616221085077584	0.32140880051307297	0.004486803207459604	0.008299146577298085	0.006470670189774403	0.0034729270348549876	0.001837786690084021
53	53	0.007151546068265716	0.02133360619777095	0.0060102802676826215	0.004387098892917446	0.7379666774030991	0.03759386635439361	0.004810061149868531	0.010636827167313904	0.012941328094714646	0.006212578211477141	0.014565674114014836	0.09084456962766611	0.007450976442770914	0.007353523839720751	0.006174052468852647	0.004486803207459604	0.008299146577298085	0.006470670189774403	0.0034729270348549876	0.001837786690084021
54	54	0.009365885480510537	0.13114943831677267	0.11108153768776248	0.005745480128425384	0.45041249418906854	0.1524443769295596	0.0062994045558663996	0.013930317189329723	0.016948362737765912	0.008136184191779992	0.01907565642395174	0.015762563390909267	0.009758028741594522	0.009630401804533228	0.00808572969005011	0.005876055976361034	0.010868818530563484	0.008474189413181966	0.004548252445014145	0.0024068221769992125
55	55	0.007151546068265716	0.02133360619777095	0.0060102802676826215	0.004387098892917446	0.3439232423478236	0.19521124037650378	0.004810061149868531	0.08944551417836899	0.17055870211682483	0.006212578211477141	0.014565674114014836	0.012035882616611017	0.007450976442770914	0.08616221085077584	0.006174052468852647	0.004486803207459604	0.008299146577298085	0.006470670189774403	0.0034729270348549876	0.001837786690084021
56	56	0.2988354635942808	0.019775152401560456	0.0055712197538329905	0.004066614355018156	0.026592754256630633	0.03484757474335055	0.00445867854771848	0.009859790058591642	0.1580991181943245	0.005758739511719818	0.013501628499461253	0.37641457893425834	0.006906670786471485	0.006816337250763532	0.005723028135747092	0.004159035111119406	0.007692880746345936	0.005997977461325444	0.0032192242022791562	0.0017035334552002808
57	57	0.005130074062564735	0.015303401358455553	0.004311401005553537	0.003147031708336614	0.07711178763264002	0.026967500014017112	0.0034504385078057524	0.007630197811513771	0.009283303352884055	0.004456516960126716	0.06698095538276216	0.008633793118600913	0.7402666815367689	0.005274960345427957	0.004428880990073196	0.0032185533783469934	0.005953291245167704	0.004641656082629759	0.0024912617121698806	0.0013183137941545921
58	58	0.00617781507841219	0.01842889254818966	0.005191940275395199	0.0037897659376643507	0.02478236328116426	0.03247520916498924	0.004155139044912658	0.07726690717122962	0.14733599023675953	0.005366693996559249	0.012582459835935943	0.010397116427850999	0.27874989761584906	0.0063522922208493916	0.005333413792331977	0.3442676718629857	0.007169162076812069	0.005589645020005389	0.003000064712909756	0.001587559699193768
59	59	0.4259683479052901	0.05364107961305891	0.003219398238297443	0.00234994339998404	0.226435768056918	0.06235086527546246	0.002576502542694311	0.005697601628938388	0.0913595307815685	0.0033277588495929265	0.00780208301340237	0.006447003728032881	0.08841863158075364	0.003938904783221227	0.0033071225893171277	0.002403349876935479	0.0044454262830288015	0.0034660054576116364	0.0018602685199002635	9.844078759914854E-4
60	60	0.00617781507841219	0.01842889254818966	0.005191940275395199	0.0037897659376643507	0.16093907409008454	0.3728669861872899	0.004155139044912658	0.009188551766769477	0.35157105645014	0.005366693996559249	0.012582459835935943	0.010397116427850999	0.006436475998008478	0.0063522922208493916	0.005333413792331977	0.003875894840684991	0.007169162076812069	0.005589645020005389	0.003000064712909756	0.001587559699193768
61	61	0.06812697127639289	0.041405813239825326	0.0024850693379242558	0.001813932870959803	0.10961686030639145	0.1784689856486707	0.001988814987772244	0.199908075739205	0.0053508482479791295	0.0025687134268616786	0.00602246626027835	0.03756148539570224	0.0030807536871596194	0.0682104829837394	0.0025527841960350096	0.0018551575932509996	0.06860146942126596	0.0026754266636934837	0.06660597342626132	0.13109991529063109
62	62	0.007151546068265716	0.02133360619777095	0.0060102802676826215	0.004387098892917446	0.1863058683257135	0.11640255336544869	0.004810061149868531	0.010636827167313904	0.012941328094714646	0.08502126522253223	0.014565674114014836	0.012035882616611017	0.086259663453826	0.007353523839720751	0.006174052468852647	0.004486803207459604	0.008299146577298085	0.4005141052450498	0.0034729270348549876	0.001837786690084021
63	63	0.009365885480510537	0.027939149189188814	0.007871248560178628	0.005745480128425384	0.03757133767873317	0.049234087801975746	0.0062994045558663996	0.013930317189329723	0.016948362737765912	0.008136184191779992	0.01907565642395174	0.015762563390909267	0.009758028741594522	0.6288921365700364	0.00808572969005011	0.005876055976361034	0.11407910765814733	0.008474189413181966	0.004548252445014145	0.0024068221769992125
64	64	0.008489664729212285	0.025325316002339886	0.00713485782153391	0.005207964596639953	0.03405636989521236	0.2317370211071133	0.005710066900162755	0.012627073302902012	0.2960262729046659	0.0073750075320762895	0.11084554482195688	0.01428790462367267	0.00884512122281886	0.008729434360287674	0.007329273276126066	0.005326324486157399	0.19696099549394447	0.007681390843338975	0.004122742952851621	0.002181653126986807
65	65	0.013566489343177415	0.04046987020301604	0.011401507089892696	0.008322330557630491	0.0544220995748999	0.22081574874535587	0.15862484069687421	0.02017807073227434	0.02454971107053008	0.011785266471771444	0.3266313976470007	0.022832080181731246	0.014134509033741124	0.013949641357839323	0.011712183103257265	0.00851146973226396	0.015743488544105188	0.012274867187435784	0.006588145718177363	0.0034862830090255396
66	66	0.013566489343177415	0.04046987020301604	0.011401507089892696	0.008322330557630491	0.20392224993113733	0.22081574874535587	0.00912469034063678	0.02017807073227434	0.02454971107053008	0.011785266471771444	0.027631096934525878	0.022832080181731246	0.313134809746216	0.013949641357839323	0.011712183103257265	0.00851146973226396	0.015743488544105188	0.012274867187435784	0.006588145718177363	0.0034862830090255396
67	67	0.008489664729212285	0.025325316002339886	0.00713485782153391	0.005207964596639953	0.12761087182902076	0.6059550288423469	0.005710066900162755	0.012627073302902012	0.015362767103240705	0.0073750075320762895	0.017291042888148485	0.01428790462367267	0.00884512122281886	0.008729434360287674	0.007329273276126066	0.005326324486157399	0.10340649356013605	0.007681390843338975	0.004122742952851621	0.002181653126986807
68	68	0.0036755565959376672	0.25398810212514866	0.003088999926790945	0.002254761434656318	0.014744529848313016	0.10032934911108411	0.0024721440395545405	0.08647470533962213	0.006651230850598014	0.20571266906249422	0.007486067914966077	0.04668981419021471	0.24685308672038525	0.003779363622141216	0.0031731710960032685	0.002306004738895809	0.004265369005759457	0.003325618582211009	0.0017849203162956138	9.44535478927967E-4
69	69	0.013566489343177415	0.04046987020301604	0.011401507089892696	0.008322330557630491	0.0544220995748999	0.07131559838911845	0.00912469034063678	0.02017807073227434	0.02454971107053008	0.011785266471771444	0.027631096934525878	0.6208326816066809	0.014134509033741124	0.013949641357839323	0.011712183103257265	0.00851146973226396	0.015743488544105188	0.012274867187435784	0.006588145718177363	0.0034862830090255396
70	70	0.005437467401846099	0.37573956208119136	0.0045697395667351585	0.0033356014197778354	0.021812451614636616	0.08850325277562925	0.06357705214621671	0.00808739822539746	0.06975942145856759	0.004723550849546338	0.011074581275832529	0.06907099265948816	0.24534458579871857	0.005591035251049733	0.004694258935930322	0.0034114086585163355	0.006310011645935508	0.004919783483059899	0.002640537774735117	0.0013973069771893159
71	71	0.0859602330793208	0.10014229320882603	0.0060102802676826215	0.004387098892917446	0.1863058683257135	0.27401992738755887	0.08361874816092361	0.010636827167313904	0.09175001510576973	0.006212578211477141	0.014565674114014836	0.012035882616611017	0.007450976442770914	0.007353523839720751	0.006174052468852647	0.004486803207459604	0.08710783358835317	0.006470670189774403	0.0034729270348549876	0.001837786690084021
72	72	0.007763366813633359	0.023158714044480975	0.006524464769626795	0.004762418871149401	0.11669365505181276	0.38301339735153167	0.0907724019776195	0.011546816624660847	0.014048469533135896	0.09229490554645792	0.015811779712462004	0.013065562437360347	0.008088413707023671	0.0079826239523049	0.006702247819532729	0.004870652973160907	0.18011081765531087	0.007024241434473945	0.0037700388463136384	0.0019950108779478643
73	73	0.11257617460809438	0.23435972744435654	0.007871248560178628	0.005745480128425384	0.03757133767873317	0.1524443769295596	0.0062994045558663996	0.013930317189329723	0.016948362737765912	0.008136184191779992	0.3287065238067033	0.015762563390909267	0.009758028741594522	0.009630401804533228	0.00808572969005011	0.005876055976361034	0.010868818530563484	0.008474189413181966	0.004548252445014145	0.0024068221769992125
74	74	0.5910418129124432	0.09282673973110102	0.0055712197538329905	0.004066614355018156	0.09964434158617119	0.03484757474335055	0.00445867854771848	0.009859790058591642	0.011995943535243362	0.07881032684126038	0.013501628499461253	0.011156642286555558	0.006906670786471485	0.006816337250763532	0.005723028135747092	0.004159035111119406	0.007692880746345936	0.005997977461325444	0.0032192242022791562	0.0017035334552002808
75	75	0.007151546068265716	0.02133360619777095	0.0060102802676826215	0.004387098892917446	0.02868849430360334	0.11640255336544869	0.004810061149868531	0.010636827167313904	0.012941328094714646	0.006212578211477141	0.2509917351471801	0.012035882616611017	0.007450976442770914	0.007353523839720751	0.006174052468852647	0.004486803207459604	0.008299146577298085	0.006470670189774403	0.47632504910118545	0.001837786690084021
76	76	0.005784046692035786	0.01725425148346069	0.004861010663800142	0.0035482096594207655	0.21442006416076123	0.4765789835741527	0.003890294212861555	0.00860288172705265	0.010466722194371083	0.005024625739678984	0.0117804651430945	0.009734413561740813	0.00602622079685447	0.005947402818067504	0.004993466785788688	0.003628848783493292	0.1979295125872464	0.005233366065066173	0.002808843281702578	0.0014863700693500063
77	77	0.06952314884683997	0.01725425148346069	0.004861010663800142	0.0035482096594207655	0.08694185985115285	0.4128398814193485	0.25884670283207833	0.00860288172705265	0.010466722194371083	0.06876372789448318	0.0117804651430945	0.009734413561740813	0.00602622079685447	0.005947402818067504	0.004993466785788688	0.003628848783493292	0.006712206122833796	0.005233366065066173	0.002808843281702578	0.0014863700693500063
78	78	0.007151546068265716	0.02133360619777095	0.0060102802676826215	0.004387098892917446	0.02868849430360334	0.5104459884207241	0.004810061149868531	0.32587157521153426	0.012941328094714646	0.006212578211477141	0.014565674114014836	0.012035882616611017	0.007450976442770914	0.007353523839720751	0.006174052468852647	0.004486803207459604	0.008299146577298085	0.006470670189774403	0.0034729270348549876	0.001837786690084021
79	79	0.09639678416277124	0.058587475227253175	0.0035162680522745357	0.0025666383250514324	0.0628903957106209	0.021994001167336782	0.0028140891268770966	0.006222993584359546	0.007571224053914774	0.003634620901912905	0.3312664309355669	0.007041500169847084	0.05046554990680817	0.23483419075011452	0.003612081713730772	0.0026249695642423295	0.05096176529346287	0.04989202930455085	0.002031809139784025	0.0010751829095200268
80	80	0.010443792303771196	0.031154627278237854	0.008777139684755426	0.006406719500423414	0.041895371036519774	0.1699889897055782	0.0070243943251068345	0.015533538153306882	0.018898926395217206	0.009072566392253695	0.02127104737340768	0.36284251126957195	0.010881066791122863	0.1258273701895434	0.009016305151610338	0.006552323142339224	0.12720831458600115	0.009449472167714874	0.005071704536607036	0.002683820016910993
81	81	0.011802077049727286	0.03520649404915186	0.5301453056147795	0.0072399560409377485	0.1774008031820966	0.06204052984857574	0.007937963590356192	0.01755377824528429	0.021356857641925464	0.01025251407589561	0.0240374887519265	0.01986261608983299	0.01229622199645711	0.012135397593046195	0.010188935686200289	0.00740449640622161	0.013695943005510854	0.010678438957691066	0.005731313489724777	0.0030328686846583866
82	82	0.005130074062564735	0.015303401358455553	0.11737629558386375	0.003147031708336614	0.13364423492179514	0.42269463103810284	0.0034504385078057524	0.007630197811513771	0.12234819793119428	0.004456516960126716	0.010448508093607062	0.12169868769691113	0.005344866777752498	0.005274960345427957	0.004428880990073196	0.0032185533783469934	0.005953291245167704	0.004641656082629759	0.0024912617121698806	0.0013183137941545921
83	83	0.011802077049727286	0.03520649404915186	0.009918665157511546	0.0072399560409377485	0.1774008031820966	0.06204052984857574	0.007937963590356192	0.01755377824528429	0.021356857641925464	0.2703658343045296	0.28415080898056044	0.01986261608983299	0.01229622199645711	0.012135397593046195	0.010188935686200289	0.00740449640622161	0.013695943005510854	0.010678438957691066	0.005731313489724777	0.0030328686846583866
84	84	0.007151546068265716	0.02133360619777095	0.0060102802676826215	0.004387098892917446	0.02868849430360334	0.27401992738755887	0.004810061149868531	0.010636827167313904	0.09175001510576973	0.006212578211477141	0.014565674114014836	0.24846194364977628	0.24387703747593617	0.007353523839720751	0.006174052468852647	0.004486803207459604	0.008299146577298085	0.006470670189774403	0.0034729270348549876	0.001837786690084021
85	85	0.009365885480510537	0.027939149189188814	0.007871248560178628	0.005745480128425384	0.5536227833166524	0.049234087801975746	0.0062994045558663996	0.013930317189329723	0.016948362737765912	0.008136184191779992	0.01907565642395174	0.015762563390909267	0.009758028741594522	0.009630401804533228	0.11129601881763398	0.005876055976361034	0.010868818530563484	0.11168447854076582	0.004548252445014145	0.0024068221769992125
86	86	0.013566489343177415	0.04046987020301604	0.011401507089892696	0.008322330557630491	0.0544220995748999	0.37031589910159335	0.00912469034063678	0.02017807073227434	0.02454971107053008	0.011785266471771444	0.027631096934525878	0.022832080181731246	0.014134509033741124	0.013949641357839323	0.011712183103257265	0.3075117704447388	0.015743488544105188	0.012274867187435784	0.006588145718177363	0.0034862830090255396
87	87	0.006629114276118571	0.019775152401560456	0.0055712197538329905	0.004066614355018156	0.026592754256630633	0.03484757474335055	0.7349745518431241	0.009859790058591642	0.011995943535243362	0.005758739511719818	0.08655321582900183	0.011156642286555558	0.006906670786471485	0.006816337250763532	0.005723028135747092	0.004159035111119406	0.007692880746345936	0.005997977461325444	0.0032192242022791562	0.0017035334552002808
88	88	0.007151546068265716	0.10014229320882603	0.0060102802676826215	0.004387098892917446	0.02868849430360334	0.03759386635439361	0.004810061149868531	0.16825420118942408	0.012941328094714646	0.006212578211477141	0.014565674114014836	0.09084456962766611	0.007450976442770914	0.007353523839720751	0.006174052468852647	0.004486803207459604	0.16591652059940826	0.32170541823399473	0.0034729270348549876	0.001837786690084021
89	89	0.009365885480510537	0.13114943831677267	0.007871248560178628	0.005745480128425384	0.24399191593390088	0.35886495518472733	0.0062994045558663996	0.013930317189329723	0.016948362737765912	0.008136184191779992	0.01907565642395174	0.015762563390909267	0.009758028741594522	0.11284069093211709	0.00808572969005011	0.005876055976361034	0.010868818530563484	0.008474189413181966	0.004548252445014145	0.0024068221769992125
90	90	0.006629114276118571	0.019775152401560456	0.2247259817424547	0.004066614355018156	0.026592754256630633	0.1809507494024317	0.00445867854771848	0.009859790058591642	0.011995943535243362	0.005758739511719818	0.013501628499461253	0.011156642286555558	0.07995825811601205	0.006816337250763532	0.005723028135747092	0.004159035111119406	0.007692880746345936	0.005997977461325444	0.36847716084998194	0.0017035334552002808
91	91	0.019353060146767513	0.057731651303343484	0.01626463905973261	0.011872088627269108	0.0776349827684846	0.5282682709821006	0.013016682246669777	0.028784706687866944	0.03502100085846208	0.01681208491779616	0.03941670297806017	0.032570741763423124	0.02016335962498559	0.019899639574763466	0.016707828997874284	0.012141902116241648	0.022458623819819595	0.01751051705145036	0.009398214756544624	0.004973301718344376
92	92	0.010443792303771196	0.1462432460216205	0.008777139684755426	0.006406719500423414	0.041895371036519774	0.054900370962195556	0.0070243943251068345	0.015533538153306882	0.018898926395217206	0.009072566392253695	0.02127104737340768	0.36284251126957195	0.010881066791122863	0.010738751446160738	0.009016305151610338	0.12164094188572189	0.012119695842618518	0.009449472167714874	0.005071704536607036	0.11777243876029364
93	93	0.015951195463302936	0.04758363004998427	0.3649639772803974	0.009785222844091453	0.0639883706007649	0.08385139446995724	0.010728620756909854	0.02372495508462001	0.028865038695554016	0.013856870729263246	0.20826722940040013	0.02684548408949703	0.01661906117874266	0.016401697617797608	0.013770940827518065	0.010007608744233223	0.018510865758176735	0.014432533048156554	0.007746204447816012	0.00409909891281673
94	94	0.05272115380603115	0.06141929882716068	0.00368622674763405	0.0026906967002095195	0.017595235220547296	0.26473190847494144	0.0029501080280299953	0.00652378176521061	0.007937178908137435	0.5354949218171228	0.00893342325566866	0.007381850838353961	0.004569834922177995	0.004510065264859072	0.0037866715591211224	0.0027518473778403206	0.0050900348624786035	0.003968593221337652	0.002130016564668443	0.0011271518384691908
