0	0	0.005149931731091142	0.009542941891419136	0.012962480440608376	0.01536700213370947	0.008141694675803194	0.008248364842804277	0.02791616158543233	0.00861172235834933	0.024125178348106548	0.012533496283285274	0.02007912904936438	0.1418394184833538	0.009118871371578581	0.013718842660200311	0.006218018754110939	0.004943434760430665	0.0045893255608657575	0.009574560013626117	0.17863135812183636	0.47868806693402416
1	1	0.0025192150230247752	0.0046681633528415575	0.06309930866687695	0.007517144819683348	0.003982709016575358	0.004034889336868799	0.01365587299471012	0.0042126345497545846	0.011801420853946936	0.006131066153218226	0.00982219691283063	0.012625825126184315	0.004460718889460701	0.006710907315419353	0.0030416959052556513	0.17269338525402983	0.0022449808079368513	0.004683630130387905	0.484690657364833	0.1774035775261611
2	2	0.0015509138455940188	0.0028738790104243382	0.003903680949246626	0.00462780821550682	0.0024518901722658214	0.002484014139640968	0.0782917854297404	0.002593440095398263	0.007265353228202105	0.0037744913786128577	0.006046876128886136	0.0077728843394784435	0.002746169193076989	0.28367053652506474	0.0018725707216065727	0.0014887268055334506	0.0013820860015123322	0.0028834008810166116	0.12368001526559644	0.4586394776735961
3	3	0.0016674426927226129	0.003089809643078886	0.004196986371637344	0.004975521376761563	0.002636114419068283	0.0026706520401057893	0.009038682855438624	0.04035610132580288	0.12051464455894245	0.04162589160946146	0.006501211813637622	0.008356904692070247	0.002952504271584691	0.6430945072684464	0.03958106899686259	0.0016005831919027418	0.0014859298667575453	0.00310004694516065	0.020269383168417154	0.042286012892140526
4	4	0.0032591519506376923	0.006039283490395147	0.08163266455858993	0.009725059980342959	0.005152499386340097	0.005220005967205541	0.01766683855946995	0.0054499580165537015	0.015267701821758801	0.37507843796293683	0.08613646002741178	0.016334247855908136	0.005770909008146729	0.2289699597316243	0.003935094484693038	0.0031284696348575034	0.0029043704139817745	0.0060592931274247525	0.1130474673582697	0.009222126663451789
5	5	0.002053093793693987	0.0038044299990562815	0.005167677851499225	0.006126274746115234	0.04950239711852122	0.0032883283800923526	0.011129176285734201	0.00343318604015682	0.055874441029530965	0.004996657193948392	0.00800483140099728	0.010289714442759454	0.0036353682332241444	0.09798240109268735	0.0024789019310811626	0.00197077082884377	0.0018296001419533983	0.1425868179840622	0.30249691227897585	0.2833490192270668
6	6	0.002262395186362127	0.05516446486695079	0.005694493613400214	0.057723008658452465	0.0035766941787138268	0.0036235550081292413	0.01226373336393878	0.003783180093862845	0.010598332213875733	0.20939481666167287	0.11076526819957472	0.011338693096166278	0.004005973627099656	0.36283212999750597	0.0027316120742108254	0.0021716798571471433	0.0020161176108156854	0.004206160317735613	0.0275016077679289	0.10834608360645641
7	7	0.003517434774486036	0.006517887500746592	0.08810192878431336	0.010495756158938139	0.16405777831533713	0.005633683482747967	0.019066908584041795	0.005881858881468878	0.01647764391710259	0.40480283240325676	0.013714167574928784	0.09687718770215994	0.08547672035342979	0.00937005318873752	0.004246944723960862	0.003376396084391926	0.0031345373418778548	0.0065394828710081745	0.04275783121371291	0.00995296614335311
8	8	0.003517434774486036	0.006517887500746592	0.00885345318077267	0.010495756158938139	0.005560827108255728	0.005633683482747967	0.019066908584041795	0.005881858881468878	0.01647764391710259	0.00856045438555327	0.013714167574928784	0.01762871209861926	0.006228244749889098	0.8018548092241444	0.004246944723960862	0.003376396084391926	0.0031345373418778548	0.0065394828710081745	0.04275783121371291	0.00995296614335311
9	9	0.005825905373976668	0.010795536591896988	0.14592267753912794	0.017384055748195418	0.009210363407087195	0.0093310349677261	0.03158040228368475	0.009742086339477046	0.42106809334024276	0.014178627439016048	0.15397344860549905	0.029198326375971067	0.010315803102311349	0.015519560909182642	0.00703418817309008	0.005592303867413419	0.005191714734111904	0.010831304869555627	0.07081953031636701	0.016485036016066976
10	10	0.004179942995490708	0.0077455304649176	0.010520999529915398	0.012472629985112494	0.10078311995832916	0.006694786775673742	0.022658157461689574	0.006989705967085945	0.20793102933515648	0.010172814463159326	0.01629722862513792	0.020949076921238135	0.10157624559535534	0.2936596371859029	0.005046856015617327	0.004012339692928204	0.0037249268988082036	0.007771193319369	0.05081126120106901	0.1060025176080437
11	11	0.004179942995490708	0.0077455304649176	0.010520999529915398	0.29499736611251265	0.006608207915862424	0.006694786775673742	0.1168330695041563	0.006989705967085945	0.20793102933515648	0.010172814463159326	0.01629722862513792	0.020949076921238135	0.00740133355288862	0.19948472514343615	0.005046856015617327	0.004012339692928204	0.0037249268988082036	0.007771193319369	0.05081126120106901	0.011827605565576967
12	12	0.0025192150230247752	0.0046681633528415575	0.1198577030912409	0.0642755392440473	0.06074110344093932	0.004034889336868799	0.01365587299471012	0.0042126345497545846	0.0685598152783109	0.1764062494263101	0.00982219691283063	0.12614261397491222	0.11797750773818863	0.006710907315419353	0.0030416959052556513	0.002418201980937951	0.0022449808079368513	0.06144202455475186	0.03062350196992142	0.12064518310179714
13	13	0.003036205465039065	0.0056261585271807244	0.007642189452072296	0.00905980473060565	0.0048000360315680534	0.00486292473784935	0.016458315720360998	0.005077146621180443	0.08262958259916235	0.6914521523654604	0.011837896992857408	0.015216882599691992	0.005376142546943828	0.008088112082620945	0.003665909279723016	0.0029144626413336113	0.0027056932162073132	0.005644799379225333	0.10531430979609455	0.008591275214822742
14	14	0.0016674426927226129	0.07822541273259954	0.04176478791639768	0.6060603460929269	0.040203915963828614	0.0026706520401057893	0.009038682855438624	0.04035610132580288	0.045379041469421795	0.004058090064701131	0.006501211813637622	0.008356904692070247	0.002952504271584691	0.004441881007520763	0.0020132674521022615	0.0016005831919027418	0.0014859298667575453	0.00310004694516065	0.09540498625793782	0.004718211347380195
15	15	0.0013607258259956132	0.0025214562378049576	0.003424973926938189	0.21866218643751595	0.0021512157425024945	0.0021794003590529134	0.007376067104469379	0.0022754074483288325	0.00637440551625786	0.24857092364665248	0.005305349835225868	0.006819698265801569	0.0024094074304573374	0.09559705785519917	0.3388744711581385	0.0013061647607932913	0.0012126012810753743	0.002529810444754301	0.047198354273631095	0.0038503224494047545
16	16	0.002152668926960317	0.003988945010168783	0.005418310439411668	0.0064233993227635336	0.003403224364235677	0.0034478124415009744	0.01166894179240527	0.052099736750454984	0.05858435371290958	0.005238995272949832	0.008393066052515405	0.010788766015589335	0.003811683741754405	0.005734469474649465	0.2935993750550718	0.0020663532949358005	0.0019183358239366934	0.4405025307875523	0.026167778662341514	0.05459125305789276
17	17	0.003820178062470946	0.00707887777326134	0.009615464048865947	0.011399118959719312	0.006039443824869884	0.006118570899397395	0.02070798481331856	0.006388106590781221	0.017895863846550206	0.009297247040850175	0.0148945369207162	0.019146003706238392	0.006764305662129239	0.5265925648375133	0.004612476451499419	0.003667000265468048	0.0034043249007190113	0.17924101096250566	0.1325073090671527	0.010809611365973193
18	18	0.002670805664352945	0.004949064296196622	0.006722470897202737	0.007969479691362668	0.004222363594897634	0.004277683801284836	0.014477598225087084	0.0044661246120326955	0.012511556725431798	0.7285851209099136	0.010413235436997499	0.013385568502864226	0.0047291371193687315	0.007114727844647883	0.0032247261860330924	0.002563714287668836	0.002380069745297969	0.004965461767910043	0.03246623324172886	0.12790485744972044
19	19	0.04830968811678644	0.0038044299990562815	0.05142427217459168	0.006126274746115234	0.18827218008779856	0.0032883283800923526	0.011129176285734201	0.00343318604015682	0.19464422399880832	0.004996657193948392	0.00800483140099728	0.056546308765851906	0.0036353682332241444	0.32926537270814965	0.0024789019310811626	0.00197077082884377	0.0018296001419533983	0.003817035014784841	0.07121394066351357	0.0058094532885120806
20	20	0.0018792393675705916	0.0034822737506451855	0.1317489457487834	0.00560750644457369	0.0029709506751592453	0.003009875225549604	0.010186766074215725	0.0031424664487676697	0.008803414738046966	0.13159240699087354	0.0496666093260889	0.009418389223758672	0.0033275280069881828	0.5977607774044854	0.0022689903946632958	0.0018038874489798148	0.0016746709888423345	0.003493811383196953	0.02284397717097368	0.005317513187837128
21	21	0.002152668926960317	0.003988945010168783	0.005418310439411668	0.0064233993227635336	0.003403224364235677	0.0034478124415009744	0.01166894179240527	0.003599695704024458	0.010084312666479054	0.5387394467836856	0.008393066052515405	0.010788766015589335	0.003811683741754405	0.19973463366037159	0.002599128776488675	0.0020663532949358005	0.0019183358239366934	0.14950228450896913	0.026167778662341514	0.006091212011462237
22	22	0.004614514491882424	0.00855080143825816	0.011614824616569508	0.013769358070260506	0.007295236137434326	0.007390816245517374	0.02501383298267825	0.007716396973334476	0.021616982694059622	0.01123044017923717	0.01799158451427431	0.023127066361646482	0.008170819787711166	0.6360878948633355	0.00557155689626244	0.10839537681252447	0.0041121922414483125	0.008579132354229217	0.05609389922687937	0.013057273112457078
23	23	0.002262395186362127	0.004192270291378365	0.005694493613400214	0.057723008658452465	0.0035766941787138268	0.0036235550081292413	0.1651803170906561	0.003783180093862845	0.010598332213875733	0.005506038359383135	0.00882087904842985	0.011338693096166278	0.004005973627099656	0.2608877408463611	0.0027316120742108254	0.0021716798571471433	0.0020161176108156854	0.004206160317735613	0.1804181914946462	0.2612626673331737
24	24	0.0016674426927226129	0.003089809643078886	0.004196986371637344	0.004975521376761563	0.15290732059810958	0.0026706520401057893	0.009038682855438624	0.002788299781042555	0.007811239924661466	0.004058090064701131	0.006501211813637622	0.04592470623683058	0.002952504271584691	0.5303911026341653	0.0020132674521022615	0.07673618628142341	0.0014859298667575453	0.00310004694516065	0.05783718471317748	0.07985381443690086
25	25	0.004179942995490708	0.0077455304649176	0.010520999529915398	0.012472629985112494	0.006608207915862424	0.10086969881814047	0.1168330695041563	0.006989705967085945	0.019581205250223034	0.010172814463159326	0.01629722862513792	0.020949076921238135	0.19575115763782208	0.011134901058502702	0.09922176805808405	0.004012339692928204	0.0037249268988082036	0.007771193319369	0.3333359973284692	0.011827605565576967
26	26	0.009610157314119593	0.23432651762889867	0.024188956809540304	0.02867597390850653	0.015193010455969849	0.015392064955938261	0.052093642877387304	0.01607011722303419	0.04501938496714271	0.02338844032652538	0.03746915473266208	0.0481642752104221	0.01701649516614549	0.24211906040647782	0.011603287486005413	0.009224818541382917	0.008564024322762332	0.01786684421250197	0.11682078296232112	0.02719299049225605
27	27	0.07143568268183219	0.0028738790104243382	0.003903680949246626	0.24922449914234038	0.0024518901722658214	0.002484014139640968	0.04334940101162131	0.002593440095398263	0.007265353228202105	0.0037744913786128577	0.006046876128886136	0.0077728843394784435	0.03768855361119607	0.388497689779422	0.0018725707216065727	0.0014887268055334506	0.0013820860015123322	0.0028834008810166116	0.15862239968371553	0.004388480238048014
28	28	0.002262395186362127	0.004192270291378365	0.005694493613400214	0.006750814082880036	0.10552108332985868	0.0036235550081292413	0.26712470624180096	0.003783180093862845	0.010598332213875733	0.005506038359383135	0.00882087904842985	0.011338693096166278	0.004005973627099656	0.15894335169521626	0.0027316120742108254	0.0021716798571471433	0.0020161176108156854	0.004206160317735613	0.07847380234350133	0.3122348619087461
29	29	0.0032591519506376923	0.006039283490395147	0.15506197893332008	0.009725059980342959	0.005152499386340097	0.005220005967205541	0.01766683855946995	0.0054499580165537015	0.015267701821758801	0.00793186608928594	0.012707145652681608	0.016334247855908136	0.005770909008146729	0.00868201660743377	0.003935094484693038	0.0031284696348575034	0.0029043704139817745	0.0060592931274247525	0.03961815298353953	0.6700859560360233
30	30	0.003517434774486036	0.006517887500746592	0.00885345318077267	0.010495756158938139	0.005560827108255728	0.005633683482747967	0.019066908584041795	0.005881858881468878	0.01647764391710259	0.00856045438555327	0.013714167574928784	0.01762871209861926	0.006228244749889098	0.00937005318873752	0.004246944723960862	0.003376396084391926	0.0031345373418778548	0.0065394828710081745	0.5182486848349571	0.32694686855751587
31	31	0.1635136273416981	0.2192570622318166	0.006000344332222704	0.007113399675219119	0.0037687980881806146	0.003818175808356534	0.12034223008250752	0.003986374342499815	0.011167567644802472	0.005801767164156697	0.06300455401015506	0.17307741236245944	0.004221134095547485	0.006350465111824269	0.0028783267029664997	0.0022883205789485978	0.002124403098931364	0.0044320727945948	0.19010843566797175	0.006745528865140643
32	32	0.002670805664352945	0.004949064296196622	0.06689623135142461	0.06814324014558455	0.004222363594897634	0.004277683801284836	0.014477598225087084	0.0044661246120326955	0.012511556725431798	0.1870212768219166	0.010413235436997499	0.19390684986552986	0.18525041848203438	0.007114727844647883	0.0032247261860330924	0.002563714287668836	0.002380069745297969	0.004965461767910043	0.09263999369595075	0.12790485744972044
33	33	0.0032591519506376923	0.006039283490395147	0.008203350183859759	0.009725059980342959	0.005152499386340097	0.005220005967205541	0.01766683855946995	0.15230858676601403	0.015267701821758801	0.00793186608928594	0.012707145652681608	0.016334247855908136	0.005770909008146729	0.37582858848108464	0.003935094484693038	0.0031284696348575034	0.0029043704139817745	0.2997765506263454	0.03961815298353953	0.009222126663451789
34	34	0.003820178062470946	0.00707887777326134	0.2678234827284561	0.011399118959719312	0.006039443824869884	0.006118570899397395	0.02070798481331856	0.006388106590781221	0.19003454296627698	0.09536658660071357	0.0148945369207162	0.019146003706238392	0.006764305662129239	0.01017652747833295	0.004612476451499419	0.003667000265468048	0.0034043249007190113	0.007102331842778887	0.3046459881868795	0.010809611365973193
35	35	0.003517434774486036	0.08576636310428729	0.00885345318077267	0.010495756158938139	0.005560827108255728	0.24337911029337006	0.019066908584041795	0.005881858881468878	0.01647764391710259	0.00856045438555327	0.013714167574928784	0.01762871209861926	0.08547672035342979	0.00937005318873752	0.004246944723960862	0.003376396084391926	0.0031345373418778548	0.0065394828710081745	0.280503258024335	0.1684499173504345
36	36	0.001732530037335572	0.0032104179889640145	0.004360812510609842	0.0442039688507995	0.041773244939600176	0.0027748988909476876	0.009391500897358008	0.04193137074027324	0.008116145674676062	0.004216494493029852	0.006754981622676849	0.008683110047111444	0.6666496939341018	0.004615266420481612	0.002091853800541663	0.0016630607272613823	0.0015439319976436265	0.08128951853466056	0.060094814789041315	0.004902383102885794
37	37	0.0032591519506376923	0.006039283490395147	0.008203350183859759	0.009725059980342959	0.005152499386340097	0.005220005967205541	0.01766683855946995	0.0054499580165537015	0.015267701821758801	0.08136118046401611	0.012707145652681608	0.016334247855908136	0.2994881665070674	0.08211133098216394	0.07736440885942321	0.0031284696348575034	0.0029043704139817745	0.22634723625161526	0.1130474673582697	0.009222126663451789
38	38	0.003036205465039065	0.0056261585271807244	0.007642189452072296	0.00905980473060565	0.0048000360315680534	0.00486292473784935	0.016458315720360998	0.005077146621180443	0.014223295020270803	0.007389276576544989	0.011837896992857408	0.08362317017858353	0.6210327307569677	0.008088112082620945	0.003665909279723016	0.0029144626413336113	0.0027056932162073132	0.005644799379225333	0.1737205973749861	0.008591275214822742
39	39	0.002841807934245118	0.005265935433541977	0.0071528870064872145	0.072506211550891	0.00449270664855912	0.004551568812711867	0.015404547793945577	0.004752074824162381	0.013312627588987816	0.0069161672506531015	0.011079958186771054	0.014242599258915698	0.2611378237905666	0.1356232071310274	0.003431194033901007	0.0027278598742974977	0.0025324572193773463	0.38944222782089427	0.034544931685903904	0.008041206154160112
40	40	0.10980372096779953	0.004417436736222373	0.22083996982781698	0.007113399675219119	0.0037687980881806146	0.003818175808356534	0.01292241733471039	0.003986374342499815	0.011167567644802472	0.005801767164156697	0.11671446038405364	0.01194769324076374	0.2727706659650403	0.11377027785962139	0.0028783267029664997	0.0022883205789485978	0.002124403098931364	0.0044320727945948	0.0826886229201746	0.006745528865140643
41	41	0.0023839082200023958	0.004417436736222373	0.006000344332222704	0.007113399675219119	0.0037687980881806146	0.003818175808356534	0.01292241733471039	0.003986374342499815	0.011167567644802472	0.005801767164156697	0.009294647636256502	0.01194769324076374	0.3801904787128374	0.06006037148572283	0.0028783267029664997	0.0022883205789485978	0.002124403098931364	0.0044320727945948	0.0826886229201746	0.3827148734824306
42	42	0.0032591519506376923	0.006039283490395147	0.008203350183859759	0.009725059980342959	0.005152499386340097	0.005220005967205541	0.09109615293420012	0.0054499580165537015	0.23555564494594933	0.00793186608928594	0.012707145652681608	0.016334247855908136	0.0792002233828769	0.00868201660743377	0.003935094484693038	0.0031284696348575034	0.0029043704139817745	0.44663517937580577	0.03961815298353953	0.009222126663451789
43	43	0.003036205465039065	0.0056261585271807244	0.14445476460985537	0.00905980473060565	0.0048000360315680534	0.00486292473784935	0.016458315720360998	0.005077146621180443	0.21944215775694542	0.2810144268921112	0.1486504721506405	0.015216882599691992	0.005376142546943828	0.07649439966151249	0.003665909279723016	0.0029144626413336113	0.0027056932162073132	0.005644799379225333	0.03690802221720301	0.008591275214822742
44	44	0.003517434774486036	0.006517887500746592	0.00885345318077267	0.010495756158938139	0.005560827108255728	0.005633683482747967	0.17756385979112319	0.005881858881468878	0.17497459512418398	0.00856045438555327	0.013714167574928784	0.01762871209861926	0.48171909837113325	0.00937005318873752	0.004246944723960862	0.003376396084391926	0.0031345373418778548	0.0065394828710081745	0.04275783121371291	0.00995296614335311
45	45	0.13089475628202504	0.06929240960743194	0.19923230952815707	0.00847973737700104	0.00449270664855912	0.004551568812711867	0.07943102196783552	0.004752074824162381	0.013312627588987816	0.0069161672506531015	0.011079958186771054	0.014242599258915698	0.005031927095006778	0.007570258783247487	0.003431194033901007	0.0027278598742974977	0.0025324572193773463	0.19736280529922445	0.2266243542075738	0.008041206154160112
46	46	0.006706145734103259	0.012426642215386512	0.01687950199133317	0.020010625613302455	0.010601964039422434	0.010740867955579558	0.18744264969707025	0.011214025383689877	0.031415360496314076	0.016320886765569646	0.026146670023987684	0.033609923144961334	0.011874425437362324	0.017864422867416054	0.00809698887670889	0.006437249202807571	0.0059761347605068425	0.012467814748621974	0.5347919287222104	0.01897577232364586
47	47	0.002053093793693987	0.23508740161451852	0.005167677851499225	0.006126274746115234	0.003245802795428763	0.0495449227031848	0.05738577060882665	0.00343318604015682	0.00961784670643851	0.004996657193948392	0.00800483140099728	0.010289714442759454	0.0036353682332241444	0.005469212446502448	0.048735496254173616	0.14074055379812114	0.0018296001419533983	0.003817035014784841	0.3950101009251607	0.0058094532885120806
48	48	0.002053093793693987	0.0038044299990562815	0.005167677851499225	0.19115265203848503	0.04950239711852122	0.0032883283800923526	0.011129176285734201	0.00343318604015682	0.00961784670643851	0.19002303448631822	0.10051802004718219	0.056546308765851906	0.0036353682332241444	0.005469212446502448	0.0024789019310811626	0.00197077082884377	0.0018296001419533983	0.003817035014784841	0.3487535066020683	0.0058094532885120806
49	49	0.003517434774486036	0.006517887500746592	0.24659887999139474	0.010495756158938139	0.005560827108255728	0.005633683482747967	0.019066908584041795	0.005881858881468878	0.01647764391710259	0.00856045438555327	0.013714167574928784	0.01762871209861926	0.006228244749889098	0.5641093824135224	0.004246944723960862	0.003376396084391926	0.0031345373418778548	0.0065394828710081745	0.04275783121371291	0.00995296614335311
50	50	0.002053093793693987	0.0038044299990562815	0.3752204324362388	0.28366584068466993	0.003245802795428763	0.0032883283800923526	0.011129176285734201	0.00343318604015682	0.00961784670643851	0.05125325151704085	0.05426142572408973	0.010289714442759454	0.0036353682332241444	0.005469212446502448	0.0024789019310811626	0.00197077082884377	0.0018296001419533983	0.05007362933787729	0.11747053498660602	0.0058094532885120806
51	51	0.005149931731091142	0.12557188494720364	0.012962480440608376	0.01536700213370947	0.008141694675803194	0.008248364842804277	0.25997404769700133	0.00861172235834933	0.024125178348106548	0.012533496283285274	0.02007912904936438	0.025810475427569313	0.12514781442736306	0.013718842660200311	0.006218018754110939	0.004943434760430665	0.0045893255608657575	0.009574560013626117	0.2946603011776209	0.014572294710886186
52	52	0.003517434774486036	0.006517887500746592	0.00885345318077267	0.010495756158938139	0.005560827108255728	0.005633683482747967	0.41530928660174526	0.16437881008855026	0.01647764391710259	0.00856045438555327	0.17221111878201018	0.01762871209861926	0.08547672035342979	0.00937005318873752	0.004246944723960862	0.003376396084391926	0.0031345373418778548	0.0065394828710081745	0.04275783121371291	0.00995296614335311
53	53	0.796002190809893	0.006517887500746592	0.00885345318077267	0.010495756158938139	0.005560827108255728	0.005633683482747967	0.019066908584041795	0.005881858881468878	0.01647764391710259	0.00856045438555327	0.013714167574928784	0.01762871209861926	0.006228244749889098	0.00937005318873752	0.004246944723960862	0.003376396084391926	0.0031345373418778548	0.0065394828710081745	0.04275783121371291	0.00995296614335311
54	54	0.004614514491882424	0.00855080143825816	0.011614824616569508	0.013769358070260506	0.007295236137434326	0.007390816245517374	0.02501383298267825	0.007716396973334476	0.021616982694059622	0.01123044017923717	0.01799158451427431	0.023127066361646482	0.008170819787711166	0.012292550964347686	0.525401010145419	0.004429486162693155	0.0041121922414483125	0.008579132354229217	0.264025680526542	0.013057273112457078
55	55	0.003517434774486036	0.08576636310428729	0.00885345318077267	0.010495756158938139	0.16405777831533713	0.005633683482747967	0.019066908584041795	0.005881858881468878	0.01647764391710259	0.00856045438555327	0.09296264317846947	0.01762871209861926	0.006228244749889098	0.00937005318873752	0.004246944723960862	0.003376396084391926	0.0031345373418778548	0.24428490968163027	0.280503258024335	0.00995296614335311
56	56	0.0032591519506376923	0.006039283490395147	0.08163266455858993	0.009725059980342959	0.07858181376107028	0.005220005967205541	0.3113840960583906	0.0054499580165537015	0.015267701821758801	0.00793186608928594	0.012707145652681608	0.16319287660536846	0.005770909008146729	0.00868201660743377	0.003935094484693038	0.0031284696348575034	0.0029043704139817745	0.07948860750215492	0.1864767817329999	0.009222126663451789
57	57	0.0025192150230247752	0.0046681633528415575	0.06309930866687695	0.0642755392440473	0.11749949786530328	0.004034889336868799	0.01365587299471012	0.0042126345497545846	0.011801420853946936	0.006131066153218226	0.00982219691283063	0.012625825126184315	0.004460718889460701	0.2905028794372392	0.0030416959052556513	0.002418201980937951	0.0022449808079368513	0.004683630130387905	0.08738189639428538	0.290920366374889
58	58	0.003036205465039065	0.0056261585271807244	0.007642189452072296	0.07746609230949719	0.0048000360315680534	0.00486292473784935	0.016458315720360998	0.005077146621180443	0.014223295020270803	0.3494207144710027	0.011837896992857408	0.015216882599691992	0.005376142546943828	0.21330697481929559	0.003665909279723016	0.0029144626413336113	0.0027056932162073132	0.005644799379225333	0.1737205973749861	0.0769975627937143
59	59	0.0018792393675705916	0.0034822737506451855	0.004730082808339259	0.09028674840486979	0.0029709506751592453	0.003009875225549604	0.17954524999480792	0.0031424664487676697	0.008803414738046966	0.004573544050429382	0.09200623030623696	0.009418389223758672	0.0033275280069881828	0.005006083682412804	0.0022689903946632958	0.0018038874489798148	0.0016746709888423345	0.003493811383196953	0.02284397717097368	0.5557325859297617
60	60	0.003036205465039065	0.0056261585271807244	0.007642189452072296	0.00905980473060565	0.2100188987682427	0.00486292473784935	0.22167717845703563	0.005077146621180443	0.014223295020270803	0.007389276576544989	0.011837896992857408	0.015216882599691992	0.005376142546943828	0.008088112082620945	0.003665909279723016	0.0029144626413336113	0.0027056932162073132	0.07405108695811687	0.3105331725327692	0.0769975627937143
61	61	0.0014496083043419876	0.0026861575135333367	0.0036486928900696805	0.004325520233866583	0.002291732945158994	0.16562151494406296	0.00785787108890887	0.0024240368411069767	0.006790781063370924	0.0035279419695997184	0.33225140750133164	0.007265160291919437	0.002566789689009332	0.0038615945384530277	0.001750254584560029	0.0013914833156778235	0.0012918082785828321	0.035355008689655895	0.21358110254108134	0.20006153277570862
62	62	0.003517434774486036	0.006517887500746592	0.00885345318077267	0.010495756158938139	0.005560827108255728	0.005633683482747967	0.019066908584041795	0.005881858881468878	0.01647764391710259	0.00856045438555327	0.013714167574928784	0.01762871209861926	0.006228244749889098	0.5641093824135224	0.004246944723960862	0.003376396084391926	0.0031345373418778548	0.0065394828710081745	0.280503258024335	0.00995296614335311
63	63	0.004614514491882424	0.00855080143825816	0.011614824616569508	0.013769358070260506	0.007295236137434326	0.007390816245517374	0.02501383298267825	0.31961406892282834	0.021616982694059622	0.01123044017923717	0.01799158451427431	0.023127066361646482	0.008170819787711166	0.012292550964347686	0.00557155689626244	0.004429486162693155	0.0041121922414483125	0.008579132354229217	0.264025680526542	0.2209890544121197
64	64	0.004179942995490708	0.0077455304649176	0.010520999529915398	0.012472629985112494	0.006608207915862424	0.28921952290307396	0.3051828935890898	0.10116461800955268	0.019581205250223034	0.010172814463159326	0.01629722862513792	0.020949076921238135	0.00740133355288862	0.011134901058502702	0.005046856015617327	0.004012339692928204	0.09789983894127492	0.007771193319369	0.05081126120106901	0.011827605565576967
65	65	0.006706145734103259	0.012426642215386512	0.01687950199133317	0.17110136664361078	0.010601964039422434	0.010740867955579558	0.036351908666761926	0.1623047664139982	0.031415360496314076	0.016320886765569646	0.026146670023987684	0.033609923144961334	0.011874425437362324	0.017864422867416054	0.00809698887670889	0.006437249202807571	0.0059761347605068425	0.012467814748621974	0.383701187691902	0.01897577232364586
66	66	0.006706145734103259	0.012426642215386512	0.01687950199133317	0.020010625613302455	0.010601964039422434	0.010740867955579558	0.036351908666761926	0.011214025383689877	0.031415360496314076	0.016320886765569646	0.4794188931149127	0.033609923144961334	0.011874425437362324	0.1689551638977244	0.00809698887670889	0.006437249202807571	0.0059761347605068425	0.012467814748621974	0.0815197056312853	0.01897577232364586
67	67	0.004179942995490708	0.0077455304649176	0.010520999529915398	0.38917227815497935	0.006608207915862424	0.006694786775673742	0.022658157461689574	0.006989705967085945	0.019581205250223034	0.010172814463159326	0.01629722862513792	0.020949076921238135	0.00740133355288862	0.011134901058502702	0.005046856015617327	0.004012339692928204	0.0037249268988082036	0.007771193319369	0.42751090937093594	0.011827605565576967
68	68	0.001802905051046105	0.0033408245072471515	0.004537947817709739	0.005379730686338832	0.0028502712699010305	0.0028876147130618658	0.009772981731843558	0.0030148201080687116	0.008445821842374954	0.04500756191773978	0.047649161872390176	0.0496556104767819	0.0031923645038640985	0.6140996518799937	0.0021768244715956258	0.08297020248347926	0.0016066461977791685	0.003351893483538121	0.02191605951761931	0.08634110546762691
69	69	0.006706145734103259	0.012426642215386512	0.01687950199133317	0.020010625613302455	0.010601964039422434	0.010740867955579558	0.036351908666761926	0.011214025383689877	0.031415360496314076	0.016320886765569646	0.026146670023987684	0.6379728872661946	0.011874425437362324	0.017864422867416054	0.00809698887670889	0.006437249202807571	0.0059761347605068425	0.012467814748621974	0.0815197056312853	0.01897577232364586
70	70	0.002670805664352945	0.004949064296196622	0.006722470897202737	0.007969479691362668	0.12456988450334139	0.004277683801284836	0.014477598225087084	0.0044661246120326955	0.2532065985423193	0.006499995459250967	0.010413235436997499	0.0735593289570861	0.0047291371193687315	0.18763600920731352	0.0032247261860330924	0.002563714287668836	0.06255383019951984	0.004965461767910043	0.03246623324172886	0.1880786179039423
71	71	0.003517434774486036	0.006517887500746592	0.00885345318077267	0.16899270736601954	0.005560827108255728	0.005633683482747967	0.33606081099820456	0.16437881008855026	0.01647764391710259	0.00856045438555327	0.013714167574928784	0.01762871209861926	0.006228244749889098	0.00937005318873752	0.004246944723960862	0.003376396084391926	0.0031345373418778548	0.0065394828710081745	0.2012547824207943	0.00995296614335311
72	72	0.003820178062470946	0.09314821733312473	0.009615464048865947	0.011399118959719312	0.006039443824869884	0.006118570899397395	0.02070798481331856	0.006388106590781221	0.017895863846550206	0.009297247040850175	0.0148945369207162	0.019146003706238392	0.006764305662129239	0.01017652747833295	0.004612476451499419	0.003667000265468048	0.0034043249007190113	0.007102331842778887	0.3907153277467429	0.35508696960542674
73	73	0.004614514491882424	0.00855080143825816	0.011614824616569508	0.6375647019692483	0.007295236137434326	0.007390816245517374	0.02501383298267825	0.007716396973334476	0.021616982694059622	0.01123044017923717	0.01799158451427431	0.023127066361646482	0.008170819787711166	0.012292550964347686	0.00557155689626244	0.004429486162693155	0.0041121922414483125	0.008579132354229217	0.16005978987671068	0.013057273112457078
74	74	0.0032591519506376923	0.006039283490395147	0.008203350183859759	0.009725059980342959	0.005152499386340097	0.005220005967205541	0.3113840960583906	0.0054499580165537015	0.015267701821758801	0.00793186608928594	0.15956577440214195	0.016334247855908136	0.005770909008146729	0.00868201660743377	0.003935094484693038	0.0031284696348575034	0.0029043704139817745	0.22634723625161526	0.1130474673582697	0.08265144103818196
75	75	0.003517434774486036	0.006517887500746592	0.16735040438785403	0.32748965857310086	0.3225547295224185	0.005633683482747967	0.019066908584041795	0.005881858881468878	0.01647764391710259	0.00856045438555327	0.013714167574928784	0.01762871209861926	0.006228244749889098	0.00937005318873752	0.004246944723960862	0.003376396084391926	0.0031345373418778548	0.0065394828710081745	0.04275783121371291	0.00995296614335311
76	76	0.002841807934245118	0.005265935433541977	0.0071528870064872145	0.00847973737700104	0.00449270664855912	0.004551568812711867	0.07943102196783552	0.004752074824162381	0.013312627588987816	0.0069161672506531015	0.011079958186771054	0.014242599258915698	0.005031927095006778	0.07159673295713744	0.003431194033901007	0.0027278598742974977	0.0025324572193773463	0.0052833827775545725	0.7388361475986933	0.008041206154160112
77	77	0.002841807934245118	0.06929240960743194	0.0071528870064872145	0.00847973737700104	0.3886515516918988	0.004551568812711867	0.015404547793945577	0.004752074824162381	0.013312627588987816	0.0069161672506531015	0.011079958186771054	0.014242599258915698	0.005031927095006778	0.007570258783247487	0.003431194033901007	0.06675433404818745	0.0025324572193773463	0.0052833827775545725	0.3546773025553537	0.008041206154160112
78	78	0.003517434774486036	0.006517887500746592	0.00885345318077267	0.08974423176247884	0.005560827108255728	0.08488215908628866	0.019066908584041795	0.005881858881468878	0.01647764391710259	0.00856045438555327	0.013714167574928784	0.01762871209861926	0.006228244749889098	0.00937005318873752	0.004246944723960862	0.08262487168793263	0.0031345373418778548	0.0065394828710081745	0.5974971604384978	0.00995296614335311
79	79	0.002053093793693987	0.09631761864524119	0.2364506494669615	0.006126274746115234	0.003245802795428763	0.0495449227031848	0.011129176285734201	0.00343318604015682	0.472183789937363	0.004996657193948392	0.00800483140099728	0.010289714442759454	0.0036353682332241444	0.005469212446502448	0.0024789019310811626	0.00197077082884377	0.0018296001419533983	0.003817035014784841	0.07121394066351357	0.0058094532885120806
80	80	0.005149931731091142	0.009542941891419136	0.012962480440608376	0.01536700213370947	0.008141694675803194	0.24030625095437327	0.02791616158543233	0.00861172235834933	0.024125178348106548	0.012533496283285274	0.3681659582167179	0.1418394184833538	0.009118871371578581	0.013718842660200311	0.006218018754110939	0.004943434760430665	0.0045893255608657575	0.009574560013626117	0.06260241506605187	0.014572294710886186
81	81	0.005825905373976668	0.4045718106371682	0.014663919524037531	0.14864281376328584	0.009210363407087195	0.0093310349677261	0.03158040228368475	0.009742086339477046	0.02729181929497156	0.014178627439016048	0.022714690590408666	0.029198326375971067	0.010315803102311349	0.015519560909182642	0.00703418817309008	0.005592303867413419	0.005191714734111904	0.010831304869555627	0.2020782883314574	0.016485036016066976
82	82	0.0025192150230247752	0.2884601354746613	0.17661609751560486	0.007517144819683348	0.003982709016575358	0.004034889336868799	0.01365587299471012	0.0042126345497545846	0.011801420853946936	0.06288946057758218	0.00982219691283063	0.012625825126184315	0.004460718889460701	0.006710907315419353	0.0030416959052556513	0.002418201980937951	0.0022449808079368513	0.004683630130387905	0.3711738685161052	0.007128394253069228
83	83	0.005825905373976668	0.010795536591896988	0.014663919524037531	0.017384055748195418	0.009210363407087195	0.0093310349677261	0.03158040228368475	0.009742086339477046	0.15855057731006197	0.014178627439016048	0.022714690590408666	0.029198326375971067	0.010315803102311349	0.14677831892427304	0.00703418817309008	0.005592303867413419	0.3989679887793831	0.010831304869555627	0.07081953031636701	0.016485036016066976
84	84	0.003517434774486036	0.006517887500746592	0.00885345318077267	0.010495756158938139	0.005560827108255728	0.005633683482747967	0.019066908584041795	0.005881858881468878	0.01647764391710259	0.00856045438555327	0.013714167574928784	0.4138710901163227	0.006228244749889098	0.00937005318873752	0.004246944723960862	0.003376396084391926	0.0031345373418778548	0.0065394828710081745	0.04275783121371291	0.40619534416105657
85	85	0.004614514491882424	0.00855080143825816	0.011614824616569508	0.013769358070260506	0.11126112678726563	0.007390816245517374	0.02501383298267825	0.007716396973334476	0.021616982694059622	0.01123044017923717	0.01799158451427431	0.023127066361646482	0.008170819787711166	0.012292550964347686	0.00557155689626244	0.004429486162693155	0.0041121922414483125	0.008579132354229217	0.6798892431258672	0.013057273112457078
86	86	0.006706145734103259	0.3146081242760032	0.01687950199133317	0.020010625613302455	0.010601964039422434	0.010740867955579558	0.036351908666761926	0.1623047664139982	0.031415360496314076	0.016320886765569646	0.026146670023987684	0.033609923144961334	0.011874425437362324	0.017864422867416054	0.00809698887670889	0.006437249202807571	0.0059761347605068425	0.012467814748621974	0.23261044666159364	0.01897577232364586
87	87	0.0032591519506376923	0.006039283490395147	0.008203350183859759	0.009725059980342959	0.812874957508372	0.005220005967205541	0.01766683855946995	0.0054499580165537015	0.015267701821758801	0.00793186608928594	0.012707145652681608	0.016334247855908136	0.005770909008146729	0.00868201660743377	0.003935094484693038	0.0031284696348575034	0.0029043704139817745	0.0060592931274247525	0.03961815298353953	0.009222126663451789
88	88	0.003517434774486036	0.006517887500746592	0.48434430680201684	0.010495756158938139	0.005560827108255728	0.005633683482747967	0.17756385979112319	0.005881858881468878	0.01647764391710259	0.00856045438555327	0.013714167574928784	0.17612566330570065	0.006228244749889098	0.00937005318873752	0.004246944723960862	0.003376396084391926	0.0031345373418778548	0.0065394828710081745	0.04275783121371291	0.00995296614335311
89	89	0.004614514491882424	0.00855080143825816	0.011614824616569508	0.013769358070260506	0.007295236137434326	0.31928848819501127	0.02501383298267825	0.007716396973334476	0.021616982694059622	0.01123044017923717	0.01799158451427431	0.023127066361646482	0.008170819787711166	0.012292550964347686	0.00557155689626244	0.004429486162693155	0.0041121922414483125	0.008579132354229217	0.47195746182620457	0.013057273112457078
90	90	0.0032591519506376923	0.006039283490395147	0.008203350183859759	0.009725059980342959	0.07858181376107028	0.005220005967205541	0.01766683855946995	0.0054499580165537015	0.015267701821758801	0.00793186608928594	0.012707145652681608	0.0897635622306383	0.005770909008146729	0.00868201660743377	0.003935094484693038	0.44370435588323853	0.2231923135381723	0.0060592931274247525	0.03961815298353953	0.009222126663451789
91	91	0.009610157314119593	0.23432651762889867	0.024188956809540304	0.02867597390850653	0.015193010455969849	0.015392064955938261	0.052093642877387304	0.01607011722303419	0.04501938496714271	0.02338844032652538	0.03746915473266208	0.0481642752104221	0.01701649516614549	0.025600385212144604	0.011603287486005413	0.009224818541382917	0.008564024322762332	0.01786684421250197	0.33333945815665433	0.02719299049225605
92	92	0.005149931731091142	0.009542941891419136	0.012962480440608376	0.13139594518949396	0.008141694675803194	0.008248364842804277	0.02791616158543233	0.00861172235834933	0.024125178348106548	0.012533496283285274	0.02007912904936438	0.37389730459492276	0.009118871371578581	0.013718842660200311	0.006218018754110939	0.004943434760430665	0.0045893255608657575	0.009574560013626117	0.2946603011776209	0.014572294710886186
93	93	0.007899720333174839	0.01463836338699915	0.19786595710536184	0.023572160866273326	0.01248892496742217	0.012652551308741274	0.04282190149614069	0.013209922338814128	0.037006735601449826	0.01922571416570254	0.030800311985902357	0.03959189134743705	0.013987861849656506	0.02104397222513256	0.18752031294866658	0.007582965004552269	0.007039780397447881	0.01468686389845008	0.27401096666551783	0.022353122107157206
94	94	0.002152668926960317	0.003988945010168783	0.005418310439411668	0.0064233993227635336	0.003403224364235677	0.0034478124415009744	0.20566910597812738	0.052099736750454984	0.010084312666479054	0.005238995272949832	0.008393066052515405	0.010788766015589335	0.003811683741754405	0.005734469474649465	0.002599128776488675	0.0020663532949358005	0.0019183358239366934	0.4405025307875523	0.026167778662341514	0.20009137619718434
