0	0	0.01413959868958548	0.011229146867933876	0.1566472875688408	0.015406520054708897	0.009788276319970226	0.009810278868492155	0.012779631889704912	0.28323592846223744	0.012164752039281457	0.25304707451160857	0.16998764587169202	0.015991657486864642	0.011639401797617466	0.00912341040270249	0.015009389168759497
1	1	0.1798162073443313	0.005400689823682223	0.13301186347431432	0.0650817183997232	0.004707699074059717	0.004718281261762399	0.006146399963315589	0.020879299452066343	0.005850671766861765	0.0063598850889528356	0.370115583075152	0.0076912327239881	0.005598003087985917	0.1774036574548999	0.0072188080089044685
2	2	0.7358562913104547	0.07657959417258456	0.011205575693482381	0.004699511324683353	0.039562918070718676	0.0029924678952200794	0.003898221310048302	0.013242244329804241	0.0037106620942017987	0.004033619636077272	0.08842916098229325	0.004877998093865962	0.0035504124465618398	0.0027829497092777705	0.0045783729307259
3	3	0.6119303187301729	0.003555314071688592	0.23942607204132854	0.004877932241021392	0.0030991131336382213	0.0031060794661025696	0.004046220574264173	0.013744997319308967	0.0038515405143879486	0.042152603945948476	0.05382060422654743	0.005063195411134138	0.003685206853539085	0.0028886067452857586	0.004752194725631868
4	4	0.41476004346373224	0.007589070846486893	0.024827207372654893	0.010412293433162658	0.006615277485538137	0.00663014761783759	0.008636945704214371	0.029339674734127057	0.008221387264929351	0.00893693585288534	0.11488390905560934	0.33497093655518667	0.0078663362312135	0.006165936622077889	0.010143897760344049
5	5	0.006097204929551097	0.004842174883524001	0.37779508202351786	0.0066435202361144795	0.004220850106155336	0.004230337931818267	0.00551076704978545	0.01872005663962398	0.0052456217272491825	0.005702174508298192	0.48696312442760664	0.006895840186215515	0.005019082901534571	0.05564189094834991	0.006472271500655591
6	6	0.4714668730210256	0.05654991578257672	0.015840895730148862	0.0066435202361144795	0.004220850106155336	0.004230337931818267	0.00551076704978545	0.01872005663962398	0.10866110352535462	0.005702174508298192	0.28013216083139575	0.006895840186215515	0.005019082901534571	0.003934150049297203	0.006472271500655591
7	7	0.41476004346373224	0.007589070846486893	0.2679495966506178	0.010412293433162658	0.006615277485538137	0.00663014761783759	0.008636945704214371	0.029339674734127057	0.008221387264929351	0.00893693585288534	0.03384311262962171	0.010807750851236168	0.0078663362312135	0.16824752947405314	0.010143897760344049
8	8	0.6578824327416951	0.007589070846486893	0.024827207372654893	0.010412293433162658	0.006615277485538137	0.00663014761783759	0.008636945704214371	0.029339674734127057	0.008221387264929351	0.00893693585288534	0.11488390905560934	0.010807750851236168	0.0078663362312135	0.006165936622077889	0.09118469418633168
9	9	0.01606611518351094	0.1490088443931655	0.04174070879216714	0.01750565424168208	0.01112192631892048	0.011146926708722521	0.014520853275284004	0.04932728843611148	0.5588211134283216	0.015025211306706643	0.056898687302602315	0.018170516490574776	0.013225267141805188	0.010366472600401452	0.017054414380023756
10	10	0.7851390148843873	0.009057052311713	0.0296296240312441	0.012426381070446215	0.007894894573391913	0.007912641089249068	0.010307621399094755	0.03501495430084755	0.009811679985539428	0.010665639728936712	0.040389508502160235	0.01289833324944119	0.009387950144200437	0.007358636078976397	0.012106068650371648
11	11	0.3982717698893927	0.009057052311713	0.41649686902623867	0.012426381070446215	0.007894894573391913	0.007912641089249068	0.010307621399094755	0.03501495430084755	0.009811679985539428	0.010665639728936712	0.040389508502160235	0.01289833324944119	0.009387950144200437	0.007358636078976397	0.012106068650371648
12	12	0.23748811651665663	0.005400689823682223	0.3636995001636156	0.007409809227397879	0.062379608246385033	0.004718281261762399	0.006146399963315589	0.020879299452066343	0.005850671766861765	0.0063598850889528356	0.13942794638585074	0.06536314189631343	0.005598003087985917	0.062059839110249246	0.0072188080089044685
13	13	0.008223227519112152	0.0065305834746610435	0.02136442701215504	0.07869764947804271	0.005692610162856941	0.0057054062800925304	0.007432305749734507	0.025247516968341065	0.0070747074177058954	0.007690454704606716	0.029122836845357904	0.7764140806350666	0.006769177207176971	0.005305941217901469	0.008729075327188465
14	14	0.00447680618842618	0.003555314071688592	0.011631004838173526	0.004877932241021392	0.23089418033679324	0.0031060794661025696	0.004046220574264173	0.013744997319308967	0.0038515405143879486	0.004186759412089304	0.05382060422654743	0.5745508634190217	0.07961689592125742	0.0028886067452857586	0.004752194725631868
15	15	0.3128659348681498	0.0028956901413420633	0.10223899883039737	0.0658168642856819	0.00252412899874066	0.0025298028547858856	0.0032955178615281665	0.011194862796296504	0.003136957149666297	0.0034099822714115436	0.04383516896606174	0.4370314177165345	0.0030014836775112395	0.0023526782461065227	0.0038705113357859373
16	16	0.39912146292956024	0.053769610685032145	0.06422757388041815	0.006316888216906404	0.004013329884352797	0.004022351236287337	0.3002328500255942	0.017799675624352765	0.004987718092447395	0.005421824226018995	0.02053180317725243	0.1048878102675381	0.004772317162222279	0.0037407255802206925	0.006154059011796155
17	17	0.7158994982400323	0.008258332706143547	0.027016658929033	0.01133052848555976	0.007198662856642631	0.007214844350055637	0.00939861712100341	0.0319270699069331	0.008946411584926477	0.009725062677568107	0.12501524399429628	0.011760860339830873	0.008560049456624166	0.006709695705856531	0.01103846364549421
18	18	0.6804333723722025	0.005731220236614869	0.01874935630343497	0.007863300796742273	0.004995817401479357	0.005007047235128258	0.006522568968433302	0.022157144263552024	0.006208741757579302	0.006749119707730203	0.08675963075845132	0.13056498290375002	0.005940609372123275	0.004656477908951954	0.0076606100138264755
19	19	0.23983342067447605	0.05124988430507067	0.10807930421088192	0.006020869151924823	0.23813292357764532	0.0038338576915058205	0.004994281067005881	0.0638270884362696	0.0047539859769785125	0.00516774923169107	0.2538773158909258	0.006249540902741533	0.004548679064531129	0.0035654294453855086	0.005865670372966398
20	20	0.8191240627981651	0.08970407616907232	0.013126026931679729	0.0055049302151790915	0.003497465870098089	0.0035053276386051366	0.004566312280689276	0.015511747050175502	0.004346608502335623	0.004724915651241163	0.01789269333278146	0.005714006678836564	0.004158894702683389	0.003259901484110011	0.005363030694347617
21	21	0.2024594478535836	0.004604106916037973	0.015062070111423985	0.006316888216906404	0.10234433742234113	0.004022351236287337	0.005239827411629174	0.017799675624352765	0.004987718092447395	0.005421824226018995	0.0696973069462466	0.44904633665049726	0.004772317162222279	0.0037407255802206925	0.10448506654978448
22	22	0.4409157336803596	0.010026813766161165	0.03280214267267138	0.013756905060554853	0.008740220865071398	0.008759867545180312	0.01141128444263928	0.14583661822789978	0.010862241329990474	0.011807636698831385	0.15178663951495905	0.01427939035074101	0.010393141664884586	0.11521906819898275	0.013402295981072941
23	23	0.6265900957181837	0.004842174883524001	0.11925637752825428	0.0066435202361144795	0.004220850106155336	0.004230337931818267	0.00551076704978545	0.01872005663962398	0.0052456217272491825	0.005702174508298192	0.07330119723518487	0.006895840186215515	0.10843456469964001	0.003934150049297203	0.006472271500655591
24	24	0.4387589501501156	0.0036956214615539423	0.05155414606667598	0.005070435611153385	0.20054208544129415	0.003228658201431071	0.00420590116398064	0.1326798328267659	0.004003538224193024	0.004351986245291536	0.0954087214459997	0.005263010031780872	0.043294774048034494	0.0030026031080841644	0.004939735973645608
25	25	0.012625636164184946	0.010026813766161165	0.13987466705171503	0.013756905060554853	0.11581274524411506	0.008759867545180312	0.01141128444263928	0.25290914260694347	0.010862241329990474	0.011807636698831385	0.36593168827304634	0.01427939035074101	0.010393141664884586	0.008146543819939107	0.013402295981072941
26	26	0.027173096180259742	0.02157986903046786	0.07059729633993002	0.02960783120089941	0.018810843201470473	0.018853127100775025	0.024559548973836297	0.31387190333837445	0.023377889601341753	0.025412584641799116	0.3266776343609816	0.030732332402927824	0.02236828579585519	0.017533121965280108	0.028844635865801032
27	27	0.32173920566751807	0.0033044050173568437	0.010810170344784294	0.004533682101368406	0.0028803995319847536	0.0028868742297142947	0.003760666792675447	0.012774972109259873	0.07415269054045381	0.25089666369340774	0.2970277009319013	0.004705870700324233	0.0034251308805043857	0.0026847492035379137	0.004416818255208736
28	28	0.4714668730210256	0.004842174883524001	0.22267185932635972	0.0066435202361144795	0.055928591005208056	0.004230337931818267	0.00551076704978545	0.17384327933678215	0.0052456217272491825	0.005702174508298192	0.021593456336132147	0.006895840186215515	0.005019082901534571	0.003934150049297203	0.006472271500655591
29	29	0.008839686129688346	0.007020152127076983	0.022966022609632996	0.0096317303357899	0.006119359701695628	0.006133115086643741	0.007989472490556178	0.02714021046303387	0.0076050666099835955	0.8328878054514691	0.03130604574916127	0.009997542078862802	0.00727663216524323	0.005703703914286118	0.009383455086876123
30	30	0.009556061333794047	0.007589070846486893	0.024827207372654893	0.0914530898591503	0.006615277485538137	0.00663014761783759	0.4138409278341525	0.3535028604380776	0.008221387264929351	0.00893693585288534	0.03384311262962171	0.010807750851236168	0.0078663362312135	0.006165936622077889	0.010143897760344049
31	31	0.006429668565819263	0.22321508632836148	0.18028631657227057	0.007005772927444371	0.058978221606736075	0.004461006500073033	0.005811253858604808	0.12879524984578397	0.22364053200700454	0.00601309823377055	0.13182532804048774	0.007271851183044869	0.005292759540495502	0.00414866831563834	0.0068251864744649435
32	32	0.007216679512739861	0.005731220236614869	0.01874935630343497	0.13026633586209913	0.004995817401479357	0.005007047235128258	0.006522568968433302	0.08335866179623044	0.006208741757579302	0.006749119707730203	0.20916266582380816	0.37537105303446366	0.005940609372123275	0.004656477908951954	0.1300636450791833
33	33	0.1587707464447391	0.007020152127076983	0.022966022609632996	0.08459726049331528	0.006119359701695628	0.23102970555921987	0.007989472490556178	0.02714021046303387	0.3074671872400851	0.08323250387621538	0.03130604574916127	0.009997542078862802	0.00727663216524323	0.005703703914286118	0.009383455086876123
34	34	0.010398787341841348	0.008258332706143547	0.027016658929033	0.01133052848555976	0.007198662856642631	0.007214844350055637	0.00939861712100341	0.12011465876920695	0.008946411584926477	0.009725062677568107	0.301390421718844	0.011760860339830873	0.008560049456624166	0.006709695705856531	0.45197640795686356
35	35	0.009556061333794047	0.007589070846486893	0.024827207372654893	0.0914530898591503	0.006615277485538137	0.00663014761783759	0.008636945704214371	0.19142126758610234	0.008221387264929351	0.00893693585288534	0.03384311262962171	0.010807750851236168	0.5751519112131269	0.006165936622077889	0.010143897760344049
36	36	0.004653479466388596	0.0036956214615539423	0.05155414606667598	0.005070435611153385	0.20054208544129415	0.003228658201431071	0.00420590116398064	0.09321569912824526	0.004003538224193024	0.004351986245291536	0.016480454048958426	0.005263010031780872	0.08275890774655513	0.5160363411888524	0.004939735973645608
37	37	0.23373627660226448	0.007020152127076983	0.022966022609632996	0.0096317303357899	0.006119359701695628	0.006133115086643741	0.007989472490556178	0.02714021046303387	0.0076050666099835955	0.008266973718689993	0.03130604574916127	0.15992860239391357	0.157207692480294	0.30556582454438763	0.009383455086876123
38	38	0.008223227519112152	0.0065305834746610435	0.02136442701215504	0.008960036452869765	0.005692610162856941	0.0057054062800925304	0.007432305749734507	0.025247516968341065	0.14654993346805179	0.007690454704606716	0.09886044987053084	0.009300337358164185	0.5646700814085606	0.005305941217901469	0.07846668835236141
39	39	0.007687144416523984	0.006104846081080414	0.01997165169479022	0.008375919799184362	0.005321501360280751	0.005333463281671364	0.006947783885729006	0.02360159786935242	0.006613497862993637	0.007189103768033765	0.027224280506506403	0.2694593383920519	0.2670931879265848	0.33091666781977125	0.008160015335445678
40	40	0.006429668565819263	0.05963342549710394	0.016704655741013038	0.007005772927444371	0.004451001329650229	0.004461006500073033	0.1148656944127765	0.019740809291612284	0.005531650898661166	0.00601309823377055	0.02277088748631606	0.007271851183044869	0.005292759540495502	0.3313119899781534	0.3885157284140659
41	41	0.006429668565819263	0.005106205220018087	0.12575909629518472	0.007005772927444371	0.004451001329650229	0.004461006500073033	0.22392013496694818	0.07426802956869813	0.005531650898661166	0.3331764198962856	0.02277088748631606	0.007271851183044869	0.005292759540495502	0.11320310886981003	0.061352406751550785
42	42	0.30870180675978987	0.08198568228460237	0.2478626130822091	0.0096317303357899	0.006119359701695628	0.006133115086643741	0.007989472490556178	0.02714021046303387	0.0076050666099835955	0.008266973718689993	0.03130604574916127	0.23489413255143896	0.00727663216524323	0.005703703914286118	0.009383455086876123
43	43	0.008223227519112152	0.4249562616256987	0.16083965306250092	0.008960036452869765	0.005692610162856941	0.1451806323304384	0.007432305749734507	0.025247516968341065	0.0070747074177058954	0.007690454704606716	0.029122836845357904	0.009300337358164185	0.006769177207176971	0.14478116726824736	0.008729075327188465
44	44	0.009556061333794047	0.007589070846486893	0.2679495966506178	0.010412293433162658	0.006615277485538137	0.00663014761783759	0.008636945704214371	0.029339674734127057	0.008221387264929351	0.00893693585288534	0.03384311262962171	0.17288934370321143	0.41307031836115166	0.006165936622077889	0.010143897760344049
45	45	0.007687144416523984	0.006104846081080414	0.01997165169479022	0.008375919799184362	0.005321501360280751	0.005333463281671364	0.006947783885729006	0.3495582258127128	0.006613497862993637	0.007189103768033765	0.09241560609517847	0.008694036037363613	0.2019018623379127	0.004960039876410899	0.268925317690134
46	46	0.018600416959137982	0.014771763925153635	0.04832497332653875	0.3357511108116593	0.012876321659454423	0.012905265661731728	0.01681140228597085	0.057108275516224376	0.016002537632260942	0.017395318781900083	0.38135808124905785	0.021036770820270223	0.015311447753470287	0.012001701130640662	0.019744612486528822
47	47	0.005525756190782464	0.004388351408331957	0.014356238417404504	0.006020869151924823	0.0038252590939517337	0.0038338576915058205	0.004994281067005881	0.15755015422974702	0.0047539859769785125	0.00516774923169107	0.394461914581142	0.006249540902741533	0.3794409422384409	0.0035654294453855086	0.005865670372966398
48	48	0.005797432777606922	0.004604106916037973	0.015062070111423985	0.055482391985900575	0.05317883365334696	0.004022351236287337	0.005239827411629174	0.017799675624352765	0.004987718092447395	0.005421824226018995	0.2663593220222233	0.49821184041949146	0.004772317162222279	0.0037407255802206925	0.055319562780790324
49	49	0.8199640255936703	0.007589070846486893	0.024827207372654893	0.010412293433162658	0.006615277485538137	0.00663014761783759	0.008636945704214371	0.029339674734127057	0.008221387264929351	0.00893693585288534	0.03384311262962171	0.010807750851236168	0.0078663362312135	0.006165936622077889	0.010143897760344049
50	50	0.005525756190782464	0.23869601589202555	0.014356238417404504	0.006020869151924823	0.0038252590939517337	0.0038338576915058205	0.004994281067005881	0.0638270884362696	0.0047539859769785125	0.00516774923169107	0.06643118430397096	0.006249540902741533	0.5668870738253957	0.0035654294453855086	0.005865670372966398
51	51	0.01413959868958548	0.011229146867933876	0.1566472875688408	0.2552300831152669	0.009788276319970226	0.009810278868492155	0.012779631889704912	0.04341236540167942	0.012164752039281457	0.013223511451050558	0.05007586434141301	0.015991657486864642	0.3713747463884545	0.00912341040270249	0.015009389168759497
52	52	0.009556061333794047	0.007589070846486893	0.3489903930766054	0.010412293433162658	0.006615277485538137	0.00663014761783759	0.008636945704214371	0.029339674734127057	0.25134377654289225	0.00893693585288534	0.03384311262962171	0.0918485472772238	0.0078663362312135	0.006165936622077889	0.17222549061231932
53	53	0.009556061333794047	0.007589070846486893	0.024827207372654893	0.010412293433162658	0.006615277485538137	0.08767094404382522	0.008636945704214371	0.029339674734127057	0.41342536939486746	0.00893693585288534	0.3580062983335722	0.010807750851236168	0.0078663362312135	0.006165936622077889	0.010143897760344049
54	54	0.012625636164184946	0.010026813766161165	0.03280214267267138	0.013756905060554853	0.008740220865071398	0.008759867545180312	0.01141128444263928	0.3599816669859871	0.43915233884616506	0.011807636698831385	0.04471411513591538	0.01427939035074101	0.010393141664884586	0.008146543819939107	0.013402295981072941
55	55	0.009556061333794047	0.007589070846486893	0.024827207372654893	0.17249388628513793	0.006615277485538137	0.00663014761783759	0.08967774213020199	0.029339674734127057	0.008221387264929351	0.00893693585288534	0.2769655019075846	0.010807750851236168	0.1699479290831888	0.006165936622077889	0.17222549061231932
56	56	0.008839686129688346	0.007020152127076983	0.47275920355478523	0.0096317303357899	0.006119359701695628	0.006133115086643741	0.007989472490556178	0.4019678612506608	0.0076050666099835955	0.008266973718689993	0.03130604574916127	0.009997542078862802	0.00727663216524323	0.005703703914286118	0.009383455086876123
57	57	0.6411914807229339	0.005400689823682223	0.017668045129663704	0.007409809227397879	0.004707699074059717	0.004718281261762399	0.006146399963315589	0.020879299452066343	0.005850671766861765	0.0063598850889528356	0.13942794638585074	0.06536314189631343	0.005598003087985917	0.004387929937923938	0.06489071718122978
58	58	0.3569112926449769	0.07626819649983399	0.09110204003732798	0.14843526250321565	0.005692610162856941	0.0057054062800925304	0.007432305749734507	0.025247516968341065	0.0070747074177058954	0.007690454704606716	0.23833567592087673	0.009300337358164185	0.006769177207176971	0.005305941217901469	0.008729075327188465
59	59	0.005278402173678416	0.04895574313754626	0.14800509163698905	0.0057513519818276826	0.0036540258417624492	0.003662239533147492	0.1390622113646636	0.016206112275981722	0.0045411793514123135	0.3630470701831486	0.018693638835961108	0.0059697875090019	0.22816421851636157	0.003405827163712585	0.005603100494805345
60	60	0.008839686129688346	0.007020152127076983	0.09793155276715838	0.15956279065084067	0.006119359701695628	0.006133115086643741	0.007989472490556178	0.47693339140818614	0.0076050666099835955	0.008266973718689993	0.18123710606421203	0.009997542078862802	0.00727663216524323	0.005703703914286118	0.009383455086876123
61	61	0.003886577413089519	0.003086576185314363	0.010097555889832228	0.004234818411292387	0.0026905214563335356	0.0026965693371817185	0.168314616927394	0.2426554349776877	0.003343747693951845	0.003634770834425315	0.24448704314704756	0.0043956562099666	0.03615971492627913	0.002507768542795112	0.26780862804740907
62	62	0.49580083988971985	0.007589070846486893	0.10586800379864253	0.010412293433162658	0.006615277485538137	0.00663014761783759	0.008636945704214371	0.27246206401208994	0.008221387264929351	0.00893693585288534	0.03384311262962171	0.010807750851236168	0.0078663362312135	0.006165936622077889	0.010143897760344049
63	63	0.012625636164184946	0.010026813766161165	0.03280214267267138	0.013756905060554853	0.008740220865071398	0.008759867545180312	0.01141128444263928	0.14583661822789978	0.010862241329990474	0.011807636698831385	0.6871492614101773	0.01427939035074101	0.010393141664884586	0.008146543819939107	0.013402295981072941
64	64	0.011404524894398095	0.29920748605795894	0.0296296240312441	0.3025768148166922	0.007894894573391913	0.007912641089249068	0.010307621399094755	0.03501495430084755	0.009811679985539428	0.010665639728936712	0.23382313099965754	0.01289833324944119	0.009387950144200437	0.007358636078976397	0.012106068650371648
65	65	0.018600416959137982	0.014771763925153635	0.04832497332653875	0.020267031844261475	0.012876321659454423	0.012905265661731728	0.01681140228597085	0.21485031499992327	0.016002537632260942	0.017395318781900083	0.5391001207327568	0.021036770820270223	0.015311447753470287	0.012001701130640662	0.019744612486528822
66	66	0.018600416959137982	0.014771763925153635	0.04832497332653875	0.020267031844261475	0.012876321659454423	0.012905265661731728	0.01681140228597085	0.21485031499992327	0.016002537632260942	0.017395318781900083	0.22361604176535896	0.021036770820270223	0.015311447753470287	0.012001701130640662	0.33522869145392664
67	67	0.5479882580594032	0.22417186252424848	0.03280214267267138	0.013756905060554853	0.008740220865071398	0.008759867545180312	0.01141128444263928	0.038764093848856145	0.010862241329990474	0.011807636698831385	0.04471411513591538	0.01427939035074101	0.010393141664884586	0.008146543819939107	0.013402295981072941
68	68	0.2513579035701861	0.003847458060867467	0.053672275940287374	0.04636429608938324	0.0033537706000453175	0.003361309363556556	0.04546424177855191	0.05595997746205329	0.2917667980404969	0.04561632884415353	0.09932864018224402	0.005479243635165824	0.003988024272600716	0.0031259666748786976	0.08731376548552908
69	69	0.018600416959137982	0.014771763925153635	0.3638090522939365	0.020267031844261475	0.012876321659454423	0.012905265661731728	0.01681140228597085	0.3725923544836222	0.016002537632260942	0.017395318781900083	0.06587400228166004	0.021036770820270223	0.015311447753470287	0.012001701130640662	0.019744612486528822
70	70	0.25202274964345356	0.005731220236614869	0.26355542643414864	0.007863300796742273	0.004995817401479357	0.005007047235128258	0.006522568968433302	0.022157144263552024	0.006208741757579302	0.3739582249038007	0.025558113225772897	0.008161947838393167	0.005940609372123275	0.004656477908951954	0.0076606100138264755
71	71	0.012625636164184946	0.010026813766161165	0.461092240188846	0.013756905060554853	0.008740220865071398	0.008759867545180312	0.01141128444263928	0.038764093848856145	0.010862241329990474	0.011807636698831385	0.04471411513591538	0.335496963487872	0.010393141664884586	0.008146543819939107	0.013402295981072941
72	72	0.011404524894398095	0.009057052311713	0.0296296240312441	0.012426381070446215	0.10461170582214056	0.007912641089249068	0.010307621399094755	0.03501495430084755	0.20324530248303674	0.010665639728936712	0.3305399422484062	0.01289833324944119	0.009387950144200437	0.007358636078976397	0.20553969114786894
73	73	0.012625636164184946	0.5453894356613794	0.13987466705171503	0.013756905060554853	0.008740220865071398	0.008759867545180312	0.01141128444263928	0.038764093848856145	0.010862241329990474	0.011807636698831385	0.15178663951495905	0.01427939035074101	0.010393141664884586	0.008146543819939107	0.013402295981072941
74	74	0.009556061333794047	0.007589070846486893	0.18690880022463013	0.010412293433162658	0.006615277485538137	0.00663014761783759	0.25175933498217723	0.029339674734127057	0.008221387264929351	0.08997773227887297	0.03384311262962171	0.010807750851236168	0.1699479290831888	0.16824752947405314	0.010143897760344049
75	75	0.009556061333794047	0.16967066369846215	0.024827207372654893	0.010412293433162658	0.4118192596154763	0.00663014761783759	0.17071853855618963	0.029339674734127057	0.008221387264929351	0.00893693585288534	0.03384311262962171	0.0918485472772238	0.0078663362312135	0.006165936622077889	0.010143897760344049
76	76	0.007687144416523984	0.006104846081080414	0.01997165169479022	0.008375919799184362	0.005321501360280751	0.005333463281671364	0.006947783885729006	0.15398424904669658	0.006613497862993637	0.007189103768033765	0.6139462108045551	0.008694036037363613	0.006327885571896479	0.004960039876410899	0.13854266651278982
77	77	0.008223227519112152	0.0065305834746610435	0.09110204003732798	0.008960036452869765	0.005692610162856941	0.0057054062800925304	0.07716991877490745	0.025247516968341065	0.0070747074177058954	0.007690454704606716	0.23833567592087673	0.009300337358164185	0.006769177207176971	0.28425639331859326	0.2179419144027073
78	78	0.009556061333794047	0.007589070846486893	0.024827207372654893	0.010412293433162658	0.006615277485538137	0.00663014761783759	0.008636945704214371	0.11038047116011468	0.41342536939486746	0.00893693585288534	0.3580062983335722	0.010807750851236168	0.0078663362312135	0.006165936622077889	0.010143897760344049
79	79	0.09924882198425988	0.05124988430507067	0.3423869686945755	0.006020869151924823	0.0038252590939517337	0.0038338576915058205	0.05185581396374459	0.01696555553953088	0.0047539859769785125	0.0988908150251685	0.019569651407232252	0.006249540902741533	0.004548679064531129	0.0035654294453855086	0.2870348677533987
80	80	0.01413959868958548	0.011229146867933876	0.0367355060385618	0.015406520054708897	0.009788276319970226	0.009810278868492155	0.012779631889704912	0.04341236540167942	0.012164752039281457	0.013223511451050558	0.40981120893225004	0.015991657486864642	0.011639401797617466	0.00912341040270249	0.37474473375959655
81	81	0.01606611518351094	0.012759115089006512	0.17799043809632611	0.01750565424168208	0.01112192631892048	0.011146926708722521	0.014520853275284004	0.04932728843611148	0.5588211134283216	0.015025211306706643	0.056898687302602315	0.018170516490574776	0.013225267141805188	0.010366472600401452	0.017054414380023756
82	82	0.006800479827355347	0.005400689823682223	0.017668045129663704	0.12275362757204851	0.004707699074059717	0.004718281261762399	0.006146399963315589	0.1938950269690423	0.1211944901115124	0.0063598850889528356	0.3124436739028267	0.06536314189631343	0.005598003087985917	0.004387929937923938	0.1225626263535551
83	83	0.1523158444876699	0.012759115089006512	0.17799043809632611	0.01750565424168208	0.01112192631892048	0.011146926708722521	0.014520853275284004	0.18557701774027044	0.2863216548200037	0.015025211306706643	0.056898687302602315	0.018170516490574776	0.013225267141805188	0.010366472600401452	0.017054414380023756
84	84	0.2526784506117569	0.007589070846486893	0.024827207372654893	0.0914530898591503	0.006615277485538137	0.00663014761783759	0.008636945704214371	0.029339674734127057	0.008221387264929351	0.00893693585288534	0.4390470947595599	0.010807750851236168	0.0078663362312135	0.006165936622077889	0.09118469418633168
85	85	0.01413959868958548	0.1311409283982129	0.0367355060385618	0.015406520054708897	0.009788276319970226	0.009810278868492155	0.012779631889704912	0.04341236540167942	0.012164752039281457	0.013223511451050558	0.40981120893225004	0.2558152205474227	0.011639401797617466	0.00912341040270249	0.015009389168759497
86	86	0.02208399069061454	0.017538289476182092	0.2446602139372115	0.02406273706435242	0.015287859851821744	0.015322224623226887	0.019959920919792224	0.0678037824435844	0.01899956828244336	0.020653196048437242	0.45278061962784744	0.02497663638272384	0.01817904783480399	0.014249436269244237	0.023442476547714013
87	87	0.008839686129688346	0.08198568228460237	0.022966022609632996	0.0096317303357899	0.6808091311194241	0.006133115086643741	0.08295500264808155	0.02714021046303387	0.0076050666099835955	0.008266973718689993	0.03130604574916127	0.009997542078862802	0.00727663216524323	0.005703703914286118	0.009383455086876123
88	88	0.009556061333794047	0.007589070846486893	0.10586800379864253	0.010412293433162658	0.006615277485538137	0.00663014761783759	0.08967774213020199	0.11038047116011468	0.08926218369091699	0.00893693585288534	0.11488390905560934	0.010807750851236168	0.0078663362312135	0.006165936622077889	0.4153478798902822
89	89	0.1196981605432286	0.010026813766161165	0.13987466705171503	0.013756905060554853	0.008740220865071398	0.008759867545180312	0.33262885757977023	0.038764093848856145	0.010862241329990474	0.011807636698831385	0.2588591638940027	0.01427939035074101	0.010393141664884586	0.008146543819939107	0.013402295981072941
90	90	0.008839686129688346	0.007020152127076983	0.022966022609632996	0.0096317303357899	0.006119359701695628	0.006133115086643741	0.2328860629631323	0.17707127077808466	0.15753612692503435	0.008266973718689993	0.3311681663792628	0.009997542078862802	0.00727663216524323	0.005703703914286118	0.009383455086876123
91	91	0.027173096180259742	0.02157986903046786	0.07059729633993002	0.02960783120089941	0.018810843201470473	0.018853127100775025	0.024559548973836297	0.08342870306080787	0.023377889601341753	0.025412584641799116	0.5571208346385482	0.030732332402927824	0.02236828579585519	0.017533121965280108	0.028844635865801032
92	92	0.01413959868958548	0.011229146867933876	0.0367355060385618	0.015406520054708897	0.009788276319970226	0.12972206039877116	0.012779631889704912	0.16332414693195843	0.012164752039281457	0.013223511451050558	0.28989942740197105	0.2558152205474227	0.011639401797617466	0.00912341040270249	0.015009389168759497
93	93	0.02208399069061454	0.017538289476182092	0.057375502033742386	0.21134744896782154	0.015287859851821744	0.015322224623226887	0.019959920919792224	0.0678037824435844	0.39356899208938156	0.020653196048437242	0.07821119582090921	0.02497663638272384	0.01817904783480399	0.014249436269244237	0.023442476547714013
94	94	0.005797432777606922	0.004604106916037973	0.015062070111423985	0.006316888216906404	0.004013329884352797	0.004022351236287337	0.005239827411629174	0.06696517939334692	0.054153221861441565	0.1529183355330015	0.02053180317725243	0.006556802729549754	0.6439238661591464	0.0037407255802206925	0.006154059011796155
95	95	0.008223227519112152	0.0065305834746610435	0.02136442701215504	0.008960036452869765	0.14516783621320284	0.0057054062800925304	0.635070822976291	0.09498512999351401	0.0070747074177058954	0.007690454704606716	0.029122836845357904	0.009300337358164185	0.006769177207176971	0.005305941217901469	0.008729075327188465
96	96	0.010398787341841348	0.008258332706143547	0.2915794255158546	0.01133052848555976	0.007198662856642631	0.007214844350055637	0.00939861712100341	0.0319270699069331	0.36169676703402187	0.009725062677568107	0.12501524399429628	0.09994844920210474	0.008560049456624166	0.006709695705856531	0.01103846364549421
97	97	0.009556061333794047	0.007589070846486893	0.430031189502593	0.010412293433162658	0.24973766676350104	0.00663014761783759	0.008636945704214371	0.029339674734127057	0.008221387264929351	0.00893693585288534	0.03384311262962171	0.010807750851236168	0.1699479290831888	0.006165936622077889	0.010143897760344049
98	98	0.012625636164184946	0.010026813766161165	0.7823098133259769	0.013756905060554853	0.008740220865071398	0.008759867545180312	0.01141128444263928	0.038764093848856145	0.010862241329990474	0.011807636698831385	0.04471411513591538	0.01427939035074101	0.010393141664884586	0.008146543819939107	0.013402295981072941
99	99	0.01606611518351094	0.012759115089006512	0.04174070879216714	0.01750565424168208	0.01112192631892048	0.011146926708722521	0.014520853275284004	0.18557701774027044	0.013822196211685773	0.5600241285233425	0.056898687302602315	0.018170516490574776	0.013225267141805188	0.010366472600401452	0.017054414380023756
100	100	0.011404524894398095	0.009057052311713	0.5132136802749874	0.012426381070446215	0.007894894573391913	0.007912641089249068	0.010307621399094755	0.22844857679834488	0.009811679985539428	0.010665639728936712	0.040389508502160235	0.01289833324944119	0.10610476139294908	0.007358636078976397	0.012106068650371648
101	101	0.01606611518351094	0.012759115089006512	0.04174070879216714	0.01750565424168208	0.01112192631892048	0.011146926708722521	0.014520853275284004	0.5943262056527474	0.013822196211685773	0.015025211306706643	0.056898687302602315	0.018170516490574776	0.14947499644596415	0.010366472600401452	0.017054414380023756
102	102	0.13405138021986449	0.011229146867933876	0.0367355060385618	0.015406520054708897	0.009788276319970226	0.009810278868492155	0.2526031949502629	0.04341236540167942	0.2519883150998395	0.013223511451050558	0.16998764587169202	0.015991657486864642	0.011639401797617466	0.00912341040270249	0.015009389168759497
103	103	0.010398787341841348	0.008258332706143547	0.027016658929033	0.01133052848555976	0.007198662856642631	0.007214844350055637	0.00939861712100341	0.0319270699069331	0.008946411584926477	0.009725062677568107	0.8305159548924872	0.011760860339830873	0.008560049456624166	0.006709695705856531	0.01103846364549421
104	104	0.03531005923157412	0.02804194445199025	0.09173760320926709	0.03847387380837708	0.02444373593769198	0.024498681718587947	0.031913887295511555	0.10841136494525064	0.030378380919736894	0.03302236384756138	0.42450100431678195	0.03993510604287101	0.029066452020075798	0.02278340204596207	0.037482140208760194
105	105	0.008839686129688346	0.007020152127076983	0.022966022609632996	0.0096317303357899	0.006119359701695628	0.006133115086643741	0.007989472490556178	0.17707127077808466	0.3824327173976105	0.008266973718689993	0.2562026362217374	0.009997542078862802	0.00727663216524323	0.0806692340718115	0.009383455086876123
106	106	0.010398787341841348	0.008258332706143547	0.027016658929033	0.01133052848555976	0.007198662856642631	0.007214844350055637	0.00939861712100341	0.0319270699069331	0.008946411584926477	0.3624754181266635	0.4777655994433917	0.011760860339830873	0.008560049456624166	0.006709695705856531	0.01103846364549421
107	107	0.04593020907671367	0.003847458060867467	0.01258673704159289	0.005278757190688752	0.0855248483974343	0.003361309363556556	0.20980639737332984	0.09704551636074779	0.0041680257496355165	0.004530789945459045	0.30475633467571644	0.12873586033124929	0.003988024272600716	0.0031259666748786976	0.08731376548552908
108	108	0.7457735410900935	0.0028956901413420633	0.009473083211409434	0.0039729205396899295	0.00252412899874066	0.06437374660077784	0.0032955178615281665	0.10396077841528445	0.003136957149666297	0.0034099822714115436	0.04383516896606174	0.004123811494590705	0.0030014836775112395	0.0023526782461065227	0.0038705113357859373
109	109	0.6062290916137636	0.005106205220018087	0.016704655741013038	0.06153299320453022	0.004451001329650229	0.004461006500073033	0.005811253858604808	0.019740809291612284	0.005531650898661166	0.0605403185108564	0.0772981077634019	0.11632629173721656	0.005292759540495502	0.00414866831563834	0.0068251864744649435
110	110	0.46006694059473624	0.003555314071688592	0.011631004838173526	0.004877932241021392	0.0030991131336382213	0.0031060794661025696	0.004046220574264173	0.013744997319308967	0.0038515405143879486	0.3458793602168218	0.05382060422654743	0.04302903994499331	0.041651051387398254	0.0028886067452857586	0.004752194725631868
111	111	0.006800479827355347	0.005400689823682223	0.017668045129663704	0.007409809227397879	0.004707699074059717	0.004718281261762399	0.006146399963315589	0.020879299452066343	0.005850671766861765	0.0063598850889528356	0.024084128041200116	0.18070696024096405	0.005598003087985917	0.6964508400058277	0.0072188080089044685
112	112	0.6085639273898914	0.007020152127076983	0.022966022609632996	0.15956279065084067	0.006119359701695628	0.006133115086643741	0.08295500264808155	0.02714021046303387	0.0076050666099835955	0.008266973718689993	0.03130604574916127	0.009997542078862802	0.00727663216524323	0.005703703914286118	0.009383455086876123
113	113	0.08380521628721373	0.15695121244212776	0.17289708292468375	0.0096317303357899	0.006119359701695628	0.006133115086643741	0.007989472490556178	0.10210574062055924	0.0076050666099835955	0.008266973718689993	0.18123710606421203	0.009997542078862802	0.08224216232276861	0.15563476422933686	0.009383455086876123
114	114	0.008223227519112152	0.0065305834746610435	0.02136442701215504	0.008960036452869765	0.005692610162856941	0.0057054062800925304	0.007432305749734507	0.025247516968341065	0.0070747074177058954	0.007690454704606716	0.37781090197122263	0.009300337358164185	0.006769177207176971	0.49346923239411206	0.008729075327188465
115	115	0.008839686129688346	0.007020152127076983	0.022966022609632996	0.0096317303357899	0.006119359701695628	0.006133115086643741	0.007989472490556178	0.17707127077808466	0.0076050666099835955	0.008266973718689993	0.2562026362217374	0.3848251928664897	0.00727663216524323	0.0806692340718115	0.009383455086876123
116	116	0.008223227519112152	0.2854810355753528	0.02136442701215504	0.008960036452869765	0.005692610162856941	0.0057054062800925304	0.007432305749734507	0.025247516968341065	0.0070747074177058954	0.007690454704606716	0.5172861280215685	0.009300337358164185	0.07650679023234991	0.005305941217901469	0.008729075327188465
117	117	0.03531005923157412	0.02804194445199025	0.09173760320926709	0.03847387380837708	0.02444373593769198	0.024498681718587947	0.031913887295511555	0.4078606068474516	0.030378380919736894	0.03302236384756138	0.12505176241458094	0.03993510604287101	0.029066452020075798	0.02278340204596207	0.037482140208760194
118	118	0.010398787341841348	0.008258332706143547	0.11520424779130686	0.01133052848555976	0.007198662856642631	0.007214844350055637	0.09758620598327726	0.0319270699069331	0.008946411584926477	0.27428782926438966	0.036827655132022415	0.1881360380643786	0.008560049456624166	0.006709695705856531	0.18741364137004193
119	119	0.09858637620411521	0.008258332706143547	0.027016658929033	0.01133052848555976	0.007198662856642631	0.007214844350055637	0.00939861712100341	0.12011465876920695	0.09713400044720034	0.009725062677568107	0.301390421718844	0.27632362692665247	0.008560049456624166	0.006709695705856531	0.01103846364549421
120	120	0.010398787341841348	0.008258332706143547	0.2033918366535807	0.01133052848555976	0.007198662856642631	0.007214844350055637	0.00939861712100341	0.0319270699069331	0.008946411584926477	0.009725062677568107	0.036827655132022415	0.6290739823757479	0.008560049456624166	0.006709695705856531	0.01103846364549421
121	121	0.006097204929551097	0.21167313847973487	0.06754863662920157	0.0066435202361144795	0.2110518137023662	0.004230337931818267	0.00551076704978545	0.01872005663962398	0.0052456217272491825	0.21253313810450905	0.12500893813423758	0.11031132198432095	0.005019082901534571	0.003934150049297203	0.006472271500655591
122	122	0.006800479827355347	0.005400689823682223	0.13301186347431432	0.007409809227397879	0.004707699074059717	0.004718281261762399	0.006146399963315589	0.13622311779671697	0.005850671766861765	0.0063598850889528356	0.024084128041200116	0.23837886941328934	0.005598003087985917	0.004387929937923938	0.4109221722151817
123	123	0.012625636164184946	0.010026813766161165	0.03280214267267138	0.013756905060554853	0.008740220865071398	0.008759867545180312	0.01141128444263928	0.038764093848856145	0.010862241329990474	0.011807636698831385	0.15178663951495905	0.6567145366250029	0.010393141664884586	0.008146543819939107	0.013402295981072941
124	124	0.008223227519112152	0.0065305834746610435	0.09110204003732798	0.07869764947804271	0.07543022318802989	0.0057054062800925304	0.007432305749734507	0.16472274301868697	0.0070747074177058954	0.007690454704606716	0.16859806289570378	0.35798840248402886	0.006769177207176971	0.005305941217901469	0.008729075327188465
125	125	0.008223227519112152	0.0065305834746610435	0.02136442701215504	0.008960036452869765	0.005692610162856941	0.0057054062800925304	0.007432305749734507	0.30419796906903285	0.0070747074177058954	0.07742806772977966	0.09886044987053084	0.1487755634085101	0.006769177207176971	0.28425639331859326	0.008729075327188465
126	126	0.008839686129688346	0.007020152127076983	0.022966022609632996	0.0096317303357899	0.006119359701695628	0.006133115086643741	0.15792053280560694	0.02714021046303387	0.0076050666099835955	0.008266973718689993	0.03130604574916127	0.6097217833390659	0.00727663216524323	0.0806692340718115	0.009383455086876123
