0	0	0.006408685763973953	0.007985080722302605	0.012019161249418979	0.009461546021413855	0.006154852547753672	0.008807706222916349	0.003515399239302382	0.024692784138123054	0.016893749331118084	0.12697148819088971	0.020091745396096396	0.0069243396097571665	0.003054194317008349	0.13844994082283213	0.0638687116017815	0.008978457689563337	0.009369908787872043	0.010948011110515262	0.008415902349435943	0.5069883348879253
1	1	0.060140610599580986	0.0038872410041250562	0.005851083798494107	0.004606003487745633	0.002996262158145401	0.11832926405200347	0.001711342006940376	0.012020768022998975	0.008224096586765074	0.0047905903946110755	0.009780922606080447	0.003370858453860888	0.0014868214607374702	0.010378450215510565	0.6012999096712982	0.1184123880836505	0.004561393292292832	0.005329633999008538	0.004096970567632043	0.018725389538518298
2	2	0.0019868908317218935	0.0024756220326621657	0.0037263117854368696	0.039247533327923995	0.0019081946826721666	0.0027306613847705406	0.0010898825087783488	0.0076555269240259636	0.005237584880209897	0.6203916711256446	0.006229062586467104	0.07477508223480102	9.468947160545572E-4	0.04292376443540069	0.165057921816895	0.0027835996214197957	0.0029049615709585337	0.0033942221076515575	0.002609190064015905	0.011925421362489358
3	3	0.0020617619893293026	0.002568909839130724	0.0038667287990581	0.0030439089488364353	0.0019801003669457987	0.22892899410035225	0.0011309520853174811	0.00794400687156278	0.005434950551633595	0.2669439012356794	0.15719407926851076	0.0022276548943713586	9.825761447427677E-4	0.006858669901161537	0.05823001172000377	0.002888492815672764	0.003014427995660999	0.003522125127947996	0.002707511057495614	0.2384702362865865
4	4	0.004364034781640532	0.005437490819448065	0.008184523265825657	0.5647694189275809	0.004191185460404021	0.005997662815573014	0.0023938331690264185	0.016814706291277074	0.011503904605177554	0.16622296295340522	0.0136816000911333	0.004715172503345464	0.002079772783405808	0.014517424493889703	0.043491799903122144	0.0061139370981494025	0.006380498179663763	0.007455116857913987	0.005730861509592031	0.105954093490426
5	5	0.0028004623717782034	0.003489314177974861	0.005252123455411996	0.004134498801730445	0.0026895425362749026	0.0038487844103092792	0.0015361563437523622	0.010790233033734426	0.007382217050803378	0.15785131756917925	0.05996338399158082	0.0030257923762693523	0.0013346193862338784	0.009316035060331506	0.18146042598255324	0.10629081761323457	0.004094455236818852	0.20951888985331002	0.0036775742675110704	0.22154335648120754
6	6	0.0028004623717782034	0.003489314177974861	0.005252123455411996	0.004134498801730445	0.0026895425362749026	0.0038487844103092792	0.0015361563437523622	0.010790233033734426	0.007382217050803378	0.3114024451148822	0.26469822071918475	0.0030257923762693523	0.0013346193862338784	0.009316035060331506	0.3350115535282562	0.0039233992494326	0.004094455236818852	0.004784053125706088	0.0036775742675110704	0.016808519753603635
7	7	0.004364034781640532	0.005437490819448065	0.08794545466564967	0.006442899128812782	0.004191185460404021	0.005997662815573014	0.0023938331690264185	0.016814706291277074	0.011503904605177554	0.24598389435322923	0.2529643942906053	0.004715172503345464	0.002079772783405808	0.014517424493889703	0.043491799903122144	0.0061139370981494025	0.006380498179663763	0.007455116857913987	0.08549179290941604	0.18571502489025002
8	8	0.004364034781640532	0.005437490819448065	0.08794545466564967	0.006442899128812782	0.004191185460404021	0.005997662815573014	0.0023938331690264185	0.016814706291277074	0.011503904605177554	0.6447885513523492	0.0136816000911333	0.004715172503345464	0.002079772783405808	0.014517424493889703	0.12325273130294614	0.0061139370981494025	0.006380498179663763	0.007455116857913987	0.005730861509592031	0.026193162090602
9	9	0.0072589297845478224	0.009044465967262334	0.013613750274532113	0.14338738902791304	0.006971420369764719	0.00997622966544542	0.00398178927514233	0.1606393642522938	0.019135052756323025	0.011146294181702297	0.28809847732058663	0.007842995722171725	0.00345939603095489	0.024147599715968613	0.07234221024739124	0.010169634827228616	0.010613019967545597	0.012400490031578762	0.14220301920949993	0.04356847137214711
10	10	0.00519232397427637	0.006469520834367502	0.009737937137887315	0.00766575457902355	0.004986668034417809	0.007136012883751311	0.0028481801763461934	0.020006119787109714	0.013687333549802104	0.48247032160006487	0.01627835333909691	0.00561010726471933	0.002474511461218455	0.017272816330770373	0.1466459695352734	0.007274355902361766	0.007591509995628582	0.008870090164090546	0.0068185729716678115	0.2209635404781261
11	11	0.00519232397427637	0.006469520834367502	0.009737937137887315	0.00766575457902355	0.004986668034417809	0.007136012883751311	0.0028481801763461934	0.020006119787109714	0.013687333549802104	0.007972961885812655	0.30097676916764826	0.00561010726471933	0.002474511461218455	0.1121722882736208	0.1466459695352734	0.007274355902361766	0.007591509995628582	0.008870090164090546	0.0068185729716678115	0.3158630124209766
12	12	0.003119831464532561	0.060908020139173485	0.005851083798494107	0.004606003487745633	0.002996262158145401	0.004287705781906606	0.001711342006940376	0.0690415471580474	0.008224096586765074	0.0047905903946110755	0.23786403914627416	0.06039163758890932	0.0014868214607374702	0.010378450215510565	0.031092118320813898	0.004370829813553622	0.004561393292292832	0.005329633999008538	0.004096970567632043	0.4748916226189057
13	13	0.0037636502783169913	0.004689425006889758	0.00705853294224591	0.555858730227989	0.0036145807982304596	0.0051725310302401266	0.0020645002443046177	0.014501413755733954	0.00992124855447016	0.005779192586828436	0.011799346377220766	0.004066480033382684	0.0017936468902658102	0.012520181774613202	0.03750839143137142	0.005272808813960086	0.1430782517362312	0.006429475025088117	0.0049424350617718864	0.1601651774308454
14	14	0.0020617619893293026	0.002568909839130724	0.0038667287990581	0.0030439089488364353	0.0019801003669457987	0.0028335597300885073	0.0011309520853174811	0.00794400687156278	0.005434950551633595	0.0031658944703716685	0.6093849480090382	0.0022276548943713586	9.825761447427677E-4	0.08222381469124947	0.05823001172000377	0.002888492815672764	0.04069700039070496	0.11656984231307987	0.002707511057495614	0.050057374311366726
15	15	0.0016815673001736987	0.0020951956651320087	0.0031536931715630237	0.0024826036077687714	0.0016149643098237294	0.002311043374485654	9.224013511626449E-4	0.19088191235458912	0.004432730437843157	0.2484524981427591	0.46627885528961865	0.0018168690885922	8.013863498704159E-4	0.005593911949182183	0.04749223436258154	0.002355846645131932	0.0024585590249826214	0.00287263538319674	0.0022082384303846805	0.010092853761158163
16	16	0.0026641036645799086	0.003319414244623778	0.00499638969814281	0.003933183862740965	0.002558584681994433	0.003661381332959062	0.0014613585906386411	0.20503083131784247	0.0070227658460847876	0.2475482959448641	0.008352179293677174	0.0028784620136704927	0.001269634769428234	0.008862423360405618	0.026550352895566776	0.05242386078663784	0.003895090078979079	0.1993171013051288	0.0034985076684390364	0.21075607864359588
17	17	0.00474228375054636	0.005908780669048661	0.008893909794848817	0.007001331880652942	0.0045544528627538645	0.0065175050921239125	0.0026013166042469856	0.0182721065264647	0.01250099566265617	0.5273267622628388	0.014867441035670328	0.005123856032887151	0.0889341769717754	0.015775709801120398	0.22060969766430902	0.006643857348340615	0.006933522382797194	0.008101282712604624	0.006227579011951259	0.028463431932362747
18	18	0.06377723842569592	0.06459105226444475	0.006204891549070589	0.004884522782507082	0.0031774423994168897	0.004546978010791892	0.0018148247268594535	0.07321640353296306	0.00872139746538793	0.6702365724458081	0.010372362815279063	0.003574690066626234	0.0015767277028370542	0.011006022175113137	0.03297221999472536	0.004635128449113078	0.0048372150640911	0.005651910329603985	0.004344709275644568	0.019857690524020623
19	19	0.002540407422359065	0.0031652914625814182	0.004764403744086981	0.003750563317507251	0.0024397877617490533	0.0034913807739545403	0.0013935066640779487	0.009788236529840405	0.006696693795395817	0.6075001839061787	0.007964381623969934	0.09560624614296208	0.001210684717274027	0.0548816512846776	0.025317600984864845	0.0035590667721801302	0.0037142382554231157	0.004339799096028127	0.0033360694503920853	0.1545398062944969
20	20	0.0023245466856300434	0.002896333758765383	0.004359568010565902	0.30083006818286456	0.0022324767693947083	0.5130201897970563	0.0012750991312951417	0.008956521140406059	0.006127669613054056	0.00356940788327897	0.0497730970862087	0.0025115836979432327	0.0011078117321310947	0.050218307297036975	0.02316634132757359	0.0032566496209984657	0.0033986360417206287	0.00397104240689255	0.0030526005851216095	0.013952049232061942
21	21	0.0026641036645799086	0.003319414244623778	0.00499638969814281	0.3934651656453388	0.002558584681994433	0.003661381332959062	0.0014613585906386411	0.010264840426543598	0.0070227658460847876	0.39362278911333826	0.008352179293677174	0.05156995973649522	0.001269634769428234	0.05755392108323034	0.026550352895566776	0.00373236306381312	0.003895090078979079	0.004551110413829897	0.0034985076684390364	0.01599008775229699
22	22	0.005736737316264739	0.007147847817805057	0.010758956420885488	0.008469506249740605	0.005509518423463943	0.007884221324087804	0.003146810865816172	0.022103754408423562	0.015122445657150102	0.7427564614605081	0.01798513295980429	0.0061983250377300615	0.0027339631173678974	0.019083865046292114	0.05717209966002318	0.008037069559529028	0.008387477147896704	0.009800115997203875	0.007533497948901071	0.034432193581106225
23	23	0.0028004623717782034	0.003489314177974861	0.005252123455411996	0.004134498801730445	0.0026895425362749026	0.0038487844103092792	0.0015361563437523622	0.010790233033734426	0.007382217050803378	0.36258615429678315	0.16233080235538278	0.0030257923762693523	0.0013346193862338784	0.11168345342413347	0.027909298436850312	0.0039233992494326	0.004094455236818852	0.05596776230760707	0.0036775742675110704	0.22154335648120754
24	24	0.0021424967793222623	0.002669503601866904	0.19980890427478698	0.003163102799054783	0.002057637438692065	0.0029445166935620757	0.0011752380793229819	0.008255079502544248	0.005647773173099712	0.5906621496097113	0.006716899749412395	0.0023148857440061245	0.0010210520110689797	0.007127242741754763	0.021352039083505834	0.003001600857278175	0.08144877203442351	0.003660045040142279	0.0028135321878500603	0.05201752859859453
25	25	0.005736737316264739	0.007147847817805057	0.11560860461030553	0.008469506249740605	0.005509518423463943	0.007884221324087804	0.003146810865816172	0.022103754408423562	0.015122445657150102	0.3233578687028279	0.01798513295980429	0.0061983250377300615	0.0027339631173678974	0.019083865046292114	0.37172104422828334	0.008037069559529028	0.008387477147896704	0.009800115997203875	0.007533497948901071	0.034432193581106225
26	26	0.012058257709199263	0.015024322415611446	0.022614643490344255	0.017802364549531522	0.011580658018862584	0.01657213278576894	0.006614396701508091	0.046460688768500805	0.031786420899956376	0.23890310474154214	0.037803607905955196	0.013028485801228236	0.005746616939074529	0.04011307301161265	0.12017212458412813	0.016893410074886074	0.017629944584112583	0.24098652712259505	0.015834934512692796	0.07237428538288944
27	27	0.0019172668923835728	0.002388872144105226	0.0035957356603862106	0.002830581745729362	0.001841328386491749	0.0026349744957017557	0.001051691223950023	0.042428917737995946	0.07513735751356694	0.4935271619804866	0.07609409220195239	0.0020715334741542124	9.137139598611105E-4	0.07646129790388512	0.19431567250672682	0.0026860576890248757	0.002803166915224333	0.0032752829538988987	0.0025177597308346108	0.011507534883640234
28	28	0.0028004623717782034	0.003489314177974861	0.005252123455411996	0.004134498801730445	0.0026895425362749026	0.0038487844103092792	0.0015361563437523622	0.010790233033734426	0.05856592623270436	0.4137698634786841	0.008779674809679842	0.0030257923762693523	0.052518328568134855	0.009316035060331506	0.027909298436850312	0.0039233992494326	0.004094455236818852	0.004784053125706088	0.0036775742675110704	0.3750944840269105
29	29	0.07791073351061445	0.005035828451765514	0.007579940177327101	0.005966968188467494	0.003881586505422532	0.005554621065792334	0.0022170029489055553	0.01557261964412636	0.010654121917769018	0.375551425654169	0.08654001897421544	0.004366867114957215	0.001926141910607516	0.013445035907225332	0.11414816717174495	0.005662306275726396	0.005909176739143502	0.006904414339430694	0.005307528123065562	0.24586549537952407
30	30	0.004364034781640532	0.005437490819448065	0.008184523265825657	0.006442899128812782	0.004191185460404021	0.005997662815573014	0.0023938331690264185	0.09657563769110107	0.011503904605177554	0.08646203155358123	0.0136816000911333	0.004715172503345464	0.16160163558305382	0.014517424493889703	0.5220573883020662	0.0061139370981494025	0.006380498179663763	0.007455116857913987	0.005730861509592031	0.026193162090602
31	31	0.0029515327665417266	0.0036775445486567954	0.005535448227689527	0.05830233789086224	0.2186138468227933	0.00405640633234779	0.0016190239971826791	0.0653171144038848	0.007780449305353094	0.00453216293300419	0.009253292649633715	0.11107862687433201	0.0014066151679195222	0.17165299982950893	0.1373044688011455	0.0041350462543699815	0.004315329823530417	0.11293173665591122	0.0038759602918918596	0.07166005642344062
32	32	0.003308483787872741	0.00412229762662158	0.06667364618689377	0.004884522782507082	0.0031774423994168897	0.004546978010791892	0.0018148247268594535	0.012747648895139891	0.00872139746538793	0.3678927992566922	0.13130987209092543	0.003574690066626234	0.0015767277028370542	0.13194353145075952	0.09344097463254854	0.12557263772475946	0.0048372150640911	0.005651910329603985	0.004344709275644568	0.019857690524020623
33	33	0.004041667608757532	0.448250223862907	0.007579940177327101	0.005966968188467494	0.15161971830913637	0.005554621065792334	0.0022170029489055553	0.01557261964412636	0.010654121917769018	0.006206096144884389	0.16040908487607236	0.004366867114957215	0.001926141910607516	0.013445035907225332	0.04027910126988804	0.005662306275726396	0.005909176739143502	0.006904414339430694	0.07917659402492248	0.0242582976739533
34	34	0.00474228375054636	0.005908780669048661	0.3555904764648667	0.007001331880652942	0.0045544528627538645	0.0065175050921239125	0.0026013166042469856	0.0182721065264647	0.01250099566265617	0.007281912257812114	0.014867441035670328	0.005123856032887151	0.002260035304270943	0.015775709801120398	0.48063212266682237	0.006643857348340615	0.006933522382797194	0.008101282712604624	0.006227579011951259	0.028463431932362747
35	35	0.004364034781640532	0.005437490819448065	0.008184523265825657	0.006442899128812782	0.004191185460404021	0.005997662815573014	0.0023938331690264185	0.016814706291277074	0.011503904605177554	0.006701100153757225	0.0136816000911333	0.004715172503345464	0.002079772783405808	0.014517424493889703	0.28277459410259415	0.0061139370981494025	0.006380498179663763	0.565781636656682	0.005730861509592031	0.026193162090602
36	36	0.0021424967793222623	0.002669503601866904	0.004018142754290264	0.003163102799054783	0.002057637438692065	0.0029445166935620757	0.0011752380793229819	0.008255079502544248	0.005647773173099712	0.0032898650482211887	0.006716899749412395	0.0023148857440061245	0.0010210520110689797	0.007127242741754763	0.06051019138760517	0.6295320377228676	0.12060692433852285	0.08197634964834095	0.0028135321878500603	0.05201752859859453
37	37	0.004041667608757532	0.005035828451765514	0.007579940177327101	0.005966968188467494	0.003881586505422532	0.005554621065792334	0.0022170029489055553	0.01557261964412636	0.2322613196233398	0.15394422794859822	0.3081472166797862	0.004366867114957215	0.001926141910607516	0.013445035907225332	0.11414816717174495	0.07953137217758331	0.005909176739143502	0.006904414339430694	0.005307528123065562	0.0242582976739533
38	38	0.0037636502783169913	0.004689425006889758	0.00705853294224591	0.005556513710967466	0.0036145807982304596	0.0051725310302401266	0.0020645002443046177	0.014501413755733954	0.00992124855447016	0.07456696965145614	0.011799346377220766	0.004066480033382684	0.0017936468902658102	0.012520181774613202	0.1750839455606268	0.48678724826635394	0.1430782517362312	0.006429475025088117	0.0049424350617718864	0.022589623301590023
39	39	0.003521419648579505	0.004387610999602774	0.006604241827719829	0.005198893391378552	0.0033819443633213374	0.004839624050011336	0.0019316278578472002	0.013568094683456582	0.009282711467489246	0.005407240530669896	0.2684821634317588	0.0038047591118145724	0.0016782067766455673	0.011714375896961749	0.035094330452006425	0.19801512007284672	0.005148540921836419	0.3921790147750807	0.0046243371863271465	0.021135742554645693
40	40	0.0029515327665417266	0.11156715326894719	0.11342505694797991	0.004357533530717049	0.002834629382212541	0.00405640633234779	0.0016190239971826791	0.1732067231241752	0.007780449305353094	0.00453216293300419	0.009253292649633715	0.1650234312344772	0.0014066151679195222	0.009818586749073342	0.08335966444100029	0.21991426369495076	0.004315329823530417	0.005042127935620844	0.0038759602918918596	0.07166005642344062
41	41	0.7042339894484293	0.0036775445486567954	0.005535448227689527	0.004357533530717049	0.002834629382212541	0.00405640633234779	0.0016190239971826791	0.0653171144038848	0.007780449305353094	0.00453216293300419	0.1171429013699241	0.003189018154041621	0.0014066151679195222	0.009818586749073342	0.029414860080855105	0.0041350462543699815	0.004315329823530417	0.005042127935620844	0.0038759602918918596	0.01771525206329542
42	42	0.004041667608757532	0.005035828451765514	0.007579940177327101	0.15370509999218132	0.003881586505422532	0.005554621065792334	0.0022170029489055553	0.01557261964412636	0.010654121917769018	0.006206096144884389	0.012670953072358522	0.004366867114957215	0.001926141910607516	0.013445035907225332	0.04027910126988804	0.005662306275726396	0.005909176739143502	0.3762497438487153	0.005307528123065562	0.319734561281381
43	43	0.0037636502783169913	0.004689425006889758	0.00705853294224591	0.005556513710967466	0.0036145807982304596	0.0051725310302401266	0.0020645002443046177	0.014501413755733954	0.00992124855447016	0.005779192586828436	0.4933137858296146	0.004066480033382684	0.0017936468902658102	0.012520181774613202	0.03750839143137142	0.005272808813960086	0.005502697606975815	0.006429475025088117	0.0049424350617718864	0.36652850862472847
44	44	0.004364034781640532	0.005437490819448065	0.008184523265825657	0.006442899128812782	0.004191185460404021	0.005997662815573014	0.24167662736849846	0.016814706291277074	0.011503904605177554	0.006701100153757225	0.0136816000911333	0.004715172503345464	0.002079772783405808	0.014517424493889703	0.043491799903122144	0.0858748684979734	0.006380498179663763	0.007455116857913987	0.005730861509592031	0.504758750489546
45	45	0.003521419648579505	0.004387610999602774	0.13532535660983286	0.005198893391378552	0.0033819443633213374	0.004839624050011336	0.0019316278578472002	0.013568094683456582	0.009282711467489246	0.005407240530669896	0.13976104864964572	0.19688643128498415	0.0016782067766455673	0.011714375896961749	0.16381544523411948	0.00493344789967714	0.005148540921836419	0.19909734260191111	0.0046243371863271465	0.08549629994570221
46	46	0.00836928803421476	0.010427947788778145	0.01569617018695642	0.012356106512092218	0.008037799898044807	0.011502238214691828	0.004590861507732473	0.18521147730654589	0.1750264922577211	0.012851281013812657	0.026238391227621834	0.1620071518559486	0.0039885606648397045	0.02784132418363833	0.23637245367926643	0.011725227491942193	0.012236434799292486	0.014297324250279476	0.010990570208044984	0.05023289891853573
47	47	0.2811247069721634	0.0031652914625814182	0.004764403744086981	0.003750563317507251	0.0024397877617490533	0.0034913807739545403	0.0013935066640779487	0.009788236529840405	0.006696693795395817	0.0039008682149359103	0.24011796458214021	0.0027448129596939737	0.001210684717274027	0.008450934693043548	0.2574711839430351	0.0035590667721801302	0.0037142382554231157	0.004339799096028127	0.0033360694503920853	0.1545398062944969
48	48	0.0026641036645799086	0.003319414244623778	0.00499638969814281	0.3934651656453388	0.05125008240481915	0.003661381332959062	0.0014613585906386411	0.010264840426543598	0.0070227658460847876	0.004090807330740502	0.15442667246215133	0.0028784620136704927	0.001269634769428234	0.008862423360405618	0.3186993392325151	0.00373236306381312	0.003895090078979079	0.004551110413829897	0.0034985076684390364	0.01599008775229699
49	49	0.004364034781640532	0.005437490819448065	0.008184523265825657	0.006442899128812782	0.004191185460404021	0.005997662815573014	0.0023938331690264185	0.016814706291277074	0.011503904605177554	0.6447885513523492	0.0136816000911333	0.004715172503345464	0.002079772783405808	0.014517424493889703	0.043491799903122144	0.0061139370981494025	0.006380498179663763	0.007455116857913987	0.005730861509592031	0.18571502489025002
50	50	0.002540407422359065	0.0031652914625814182	0.004764403744086981	0.050181279909141306	0.0024397877617490533	0.0034913807739545403	0.0013935066640779487	0.009788236529840405	0.006696693795395817	0.05033158480656997	0.10082581480723804	0.0027448129596939737	0.001210684717274027	0.008450934693043548	0.11817903416813295	0.0035590667721801302	0.0037142382554231157	0.5615083981956367	0.04976678604202614	0.015247656519594728
51	51	0.006408685763973953	0.007985080722302605	0.012019161249418979	0.009461546021413855	0.006154852547753672	0.008807706222916349	0.003515399239302382	0.024692784138123054	0.25115528534536513	0.009840720183766175	0.020091745396096396	0.0069243396097571665	0.003054194317008349	0.021319172815708613	0.0638687116017815	0.12610922569668687	0.009369908787872043	0.2452095471247623	0.008415902349435943	0.15559603086655466
52	52	0.004364034781640532	0.005437490819448065	0.16770638606547367	0.006442899128812782	0.24347397965987605	0.005997662815573014	0.0023938331690264185	0.016814706291277074	0.17102576740482558	0.006701100153757225	0.0136816000911333	0.004715172503345464	0.002079772783405808	0.014517424493889703	0.043491799903122144	0.0061139370981494025	0.006380498179663763	0.007455116857913987	0.005730861509592031	0.26547595629007403
53	53	0.004364034781640532	0.005437490819448065	0.008184523265825657	0.006442899128812782	0.004191185460404021	0.005997662815573014	0.0023938331690264185	0.3358584318905731	0.011503904605177554	0.006701100153757225	0.0136816000911333	0.4035198295024655	0.002079772783405808	0.014517424493889703	0.043491799903122144	0.0061139370981494025	0.006380498179663763	0.007455116857913987	0.08549179290941604	0.026193162090602
54	54	0.005736737316264739	0.007147847817805057	0.010758956420885488	0.008469506249740605	0.005509518423463943	0.007884221324087804	0.003146810865816172	0.022103754408423562	0.015122445657150102	0.008808924134567766	0.01798513295980429	0.42559691779541026	0.0027339631173678974	0.12393351323571215	0.2668713960388633	0.008037069559529028	0.008387477147896704	0.009800115997203875	0.007533497948901071	0.034432193581106225
55	55	0.004364034781640532	0.005437490819448065	0.008184523265825657	0.006442899128812782	0.004191185460404021	0.005997662815573014	0.08215476456885043	0.4156193632903971	0.17102576740482558	0.006701100153757225	0.0136816000911333	0.004715172503345464	0.002079772783405808	0.014517424493889703	0.043491799903122144	0.0061139370981494025	0.006380498179663763	0.166976979657562	0.005730861509592031	0.026193162090602
56	56	0.004041667608757532	0.005035828451765514	0.08144900607918402	0.07983603409032441	0.003881586505422532	0.005554621065792334	0.0022170029489055553	0.01557261964412636	0.08452318781962595	0.006206096144884389	0.012670953072358522	0.004366867114957215	0.001926141910607516	0.30892129951465297	0.04027910126988804	0.005662306275726396	0.005909176739143502	0.22851161204500145	0.07917659402492248	0.0242582976739533
57	57	0.003119831464532561	0.0038872410041250562	0.005851083798494107	0.004606003487745633	0.002996262158145401	0.004287705781906606	0.001711342006940376	0.012020768022998975	0.008224096586765074	0.7460607191502406	0.06680170174112887	0.003370858453860888	0.0014868214607374702	0.010378450215510565	0.08811289745586232	0.004370829813553622	0.004561393292292832	0.005329633999008538	0.004096970567632043	0.018725389538518298
58	58	0.0037636502783169913	0.004689425006889758	0.00705853294224591	0.005556513710967466	0.0036145807982304596	0.0051725310302401266	0.0020645002443046177	0.08328919082036164	0.00992124855447016	0.48729363203922227	0.011799346377220766	0.004066480033382684	0.2081569780841489	0.012520181774613202	0.03750839143137142	0.005272808813960086	0.005502697606975815	0.006429475025088117	0.0049424350617718864	0.09137740036621772
59	59	0.002427688123140646	0.0030248457087452474	0.004553004483283218	0.003584148723886223	0.002331533013189608	0.003336466254857692	0.0013316759934348906	0.09809504641401615	0.006399557743495769	0.09246890392645571	0.0519815572623634	0.0026230240723764298	0.0011569659587377082	0.00807596199065083	0.15730592398503282	0.0034011489874575646	0.0035494354251382173	0.18162947861624712	0.003188046181650815	0.3695355871358399
60	60	0.004041667608757532	0.005035828451765514	0.007579940177327101	0.005966968188467494	0.003881586505422532	0.005554621065792334	0.0022170029489055553	0.01557261964412636	0.08452318781962595	0.006206096144884389	0.012670953072358522	0.004366867114957215	0.001926141910607516	0.013445035907225332	0.3357553648773157	0.005662306275726396	0.005909176739143502	0.4501188097505722	0.005307528123065562	0.0242582976739533
61	61	0.001791698722105856	0.0022324169811050567	0.03610689800236388	0.002645197555325456	0.03446739268196373	0.06795571927519688	9.828124761798785E-4	0.1378900841392019	0.004723044662026271	0.002751204603753579	0.005617119621221679	0.001935861873579499	8.538718009249967E-4	0.005960275803345548	0.44356256638273556	0.0025101388586256657	0.03536623721406739	0.16679406881102607	0.0023528632921302546	0.0435005272431208
62	62	0.004364034781640532	0.005437490819448065	0.008184523265825657	0.006442899128812782	0.004191185460404021	0.16551952561522104	0.0023938331690264185	0.09657563769110107	0.011503904605177554	0.24598389435322923	0.2529643942906053	0.004715172503345464	0.002079772783405808	0.014517424493889703	0.12325273130294614	0.0061139370981494025	0.006380498179663763	0.007455116857913987	0.005730861509592031	0.026193162090602
63	63	0.005736737316264739	0.007147847817805057	0.010758956420885488	0.008469506249740605	0.005509518423463943	0.007884221324087804	0.003146810865816172	0.3366526989766837	0.015122445657150102	0.008808924134567766	0.01798513295980429	0.0061983250377300615	0.0027339631173678974	0.019083865046292114	0.2668713960388633	0.008037069559529028	0.21808677352673678	0.009800115997203875	0.007533497948901071	0.034432193581106225
64	64	0.00519232397427637	0.006469520834367502	0.009737937137887315	0.00766575457902355	0.004986668034417809	0.007136012883751311	0.0028481801763461934	0.020006119787109714	0.29838574937835344	0.007972961885812655	0.30097676916764826	0.00561010726471933	0.002474511461218455	0.017272816330770373	0.24154544147812385	0.007274355902361766	0.007591509995628582	0.008870090164090546	0.0068185729716678115	0.031164596592425237
65	65	0.00836928803421476	0.010427947788778145	0.01569617018695642	0.012356106512092218	0.008037799898044807	0.011502238214691828	0.004590861507732473	0.0322470207511771	0.022062035702352288	0.012851281013812657	0.026238391227621834	0.009042695300579806	0.0039885606648397045	0.02784132418363833	0.6952658233453728	0.011725227491942193	0.012236434799292486	0.014297324250279476	0.010990570208044984	0.05023289891853573
66	66	0.00836928803421476	0.010427947788778145	0.01569617018695642	0.012356106512092218	0.008037799898044807	0.011502238214691828	0.004590861507732473	0.3381759338619147	0.022062035702352288	0.012851281013812657	0.026238391227621834	0.009042695300579806	0.0039885606648397045	0.02784132418363833	0.38933691023463524	0.011725227491942193	0.012236434799292486	0.014297324250279476	0.010990570208044984	0.05023289891853573
67	67	0.005736737316264739	0.007147847817805057	0.010758956420885488	0.2181688026285807	0.005509518423463943	0.007884221324087804	0.003146810865816172	0.1269534025978436	0.015122445657150102	0.008808924134567766	0.01798513295980429	0.0061983250377300615	0.0027339631173678974	0.019083865046292114	0.4765706924177034	0.008037069559529028	0.008387477147896704	0.009800115997203875	0.007533497948901071	0.034432193581106225
68	68	0.0022298121011901915	0.0027782965617790018	0.004181898159333685	0.2885700384435214	0.002141494402670201	0.0030645175380558504	0.0012231337364637098	0.21236152600174835	0.08738595012555324	0.20719395917872785	0.0069906403072675545	0.002409226606394405	0.0010626639685994766	0.04817171021104723	0.022222220165272814	0.0031239281099964744	0.0032601280155901747	0.0038092065295855597	0.00292819488930141	0.09489145494790137
69	69	0.00836928803421476	0.010427947788778145	0.01569617018695642	0.012356106512092218	0.008037799898044807	0.011502238214691828	0.004590861507732473	0.0322470207511771	0.022062035702352288	0.012851281013812657	0.026238391227621834	0.009042695300579806	0.0039885606648397045	0.6396991504051134	0.08340799712389767	0.011725227491942193	0.012236434799292486	0.014297324250279476	0.010990570208044984	0.05023289891853573
70	70	0.003308483787872741	0.00412229762662158	0.006204891549070589	0.004884522782507082	0.0031774423994168897	0.004546978010791892	0.0018148247268594535	0.012747648895139891	0.00872139746538793	0.48883030853233855	0.010372362815279063	0.003574690066626234	0.0015767277028370542	0.011006022175113137	0.03297221999472536	0.004635128449113078	0.0048372150640911	0.005651910329603985	0.004344709275644568	0.3826702183509597
71	71	0.005736737316264739	0.007147847817805057	0.010758956420885488	0.008469506249740605	0.005509518423463943	0.007884221324087804	0.003146810865816172	0.022103754408423562	0.015122445657150102	0.008808924134567766	0.01798513295980429	0.0061983250377300615	0.0027339631173678974	0.019083865046292114	0.05717209966002318	0.008037069559529028	0.008387477147896704	0.009800115997203875	0.007533497948901071	0.7683797309070466
72	72	0.00519232397427637	0.006469520834367502	0.009737937137887315	0.102565226521874	0.004986668034417809	0.007136012883751311	0.0028481801763461934	0.2098050636728106	0.013687333549802104	0.19777190577151352	0.01627835333909691	0.00561010726471933	0.002474511461218455	0.017272816330770373	0.05174649759242296	0.007274355902361766	0.007591509995628582	0.008870090164090546	0.0068185729716678115	0.3158630124209766
73	73	0.005736737316264739	0.007147847817805057	0.010758956420885488	0.008469506249740605	0.005509518423463943	0.007884221324087804	0.003146810865816172	0.022103754408423562	0.015122445657150102	0.008808924134567766	0.5422333739069045	0.0061983250377300615	0.0027339631173678974	0.019083865046292114	0.1620217478494432	0.008037069559529028	0.008387477147896704	0.009800115997203875	0.007533497948901071	0.13928184177052627
74	74	0.004364034781640532	0.005437490819448065	0.008184523265825657	0.006442899128812782	0.004191185460404021	0.005997662815573014	0.0023938331690264185	0.09657563769110107	0.011503904605177554	0.006701100153757225	0.0136816000911333	0.004715172503345464	0.0818407041832298	0.014517424493889703	0.12325273130294614	0.0061139370981494025	0.24566329237913578	0.087216048257738	0.005730861509592031	0.26547595629007403
75	75	0.004364034781640532	0.005437490819448065	0.008184523265825657	0.006442899128812782	0.004191185460404021	0.005997662815573014	0.0023938331690264185	0.09657563769110107	0.011503904605177554	0.006701100153757225	0.33272532569042934	0.004715172503345464	0.002079772783405808	0.014517424493889703	0.12325273130294614	0.0061139370981494025	0.3254242237789598	0.007455116857913987	0.005730861509592031	0.026193162090602
76	76	0.003521419648579505	0.004387610999602774	0.006604241827719829	0.005198893391378552	0.0033819443633213374	0.004839624050011336	0.0019316278578472002	0.013568094683456582	0.009282711467489246	0.005407240530669896	0.07540049125858922	0.0038047591118145724	0.0016782067766455673	0.011714375896961749	0.7430604617536282	0.00493344789967714	0.06950909831289294	0.006015670428741568	0.0046243371863271465	0.021135742554645693
77	77	0.0037636502783169913	0.004689425006889758	0.00705853294224591	0.005556513710967466	0.0036145807982304596	0.0051725310302401266	0.0020645002443046177	0.014501413755733954	0.00992124855447016	0.005779192586828436	0.011799346377220766	0.27921758829189347	0.0017936468902658102	0.012520181774613202	0.4502350538191376	0.005272808813960086	0.005502697606975815	0.006429475025088117	0.0049424350617718864	0.1601651774308454
78	78	0.004364034781640532	0.005437490819448065	0.008184523265825657	0.006442899128812782	0.004191185460404021	0.005997662815573014	0.0023938331690264185	0.1763365690909251	0.09126483600500157	0.006701100153757225	0.0136816000911333	0.004715172503345464	0.002079772783405808	0.014517424493889703	0.6018183197018901	0.0061139370981494025	0.006380498179663763	0.007455116857913987	0.005730861509592031	0.026193162090602
79	79	0.002540407422359065	0.18888815782911764	0.14405655351898913	0.003750563317507251	0.0024397877617490533	0.0034913807739545403	0.0013935066640779487	0.009788236529840405	0.006696693795395817	0.0039008682149359103	0.10082581480723804	0.0027448129596939737	0.001210684717274027	0.008450934693043548	0.164609750759767	0.0035590667721801302	0.0037142382554231157	0.004339799096028127	0.0033360694503920853	0.3402626726610331
80	80	0.006408685763973953	0.007985080722302605	0.012019161249418979	0.009461546021413855	0.006154852547753672	0.008807706222916349	0.003515399239302382	0.024692784138123054	0.016893749331118084	0.009840720183766175	0.020091745396096396	0.0069243396097571665	0.003054194317008349	0.021319172815708613	0.7666533196445227	0.008978457689563337	0.009369908787872043	0.010948011110515262	0.008415902349435943	0.038465262859431144
81	81	0.0072589297845478224	0.009044465967262334	0.013613750274532113	0.01071681476548522	0.006971420369764719	0.14264680392787324	0.00398178927514233	0.02796878998986601	0.019135052756323025	0.011146294181702297	0.022757328795731	0.007842995722171725	0.00345939603095489	0.42215932250325205	0.07234221024739124	0.14284020908965642	0.010613019967545597	0.012400490031578762	0.009532444947072125	0.04356847137214711
82	82	0.060140610599580986	0.0038872410041250562	0.005851083798494107	0.004606003487745633	0.002996262158145401	0.004287705781906606	0.001711342006940376	0.0690415471580474	0.12226565485686194	0.0047905903946110755	0.009780922606080447	0.003370858453860888	0.0014868214607374702	0.010378450215510565	0.6583206888063466	0.004370829813553622	0.004561393292292832	0.005329633999008538	0.004096970567632043	0.018725389538518298
83	83	0.0072589297845478224	0.009044465967262334	0.013613750274532113	0.14338738902791304	0.006971420369764719	0.00997622966544542	0.00398178927514233	0.1606393642522938	0.019135052756323025	0.011146294181702297	0.022757328795731	0.007842995722171725	0.00345939603095489	0.28948874824082427	0.07234221024739124	0.010169634827228616	0.010613019967545597	0.012400490031578762	0.14220301920949993	0.04356847137214711
84	84	0.004364034781640532	0.005437490819448065	0.008184523265825657	0.006442899128812782	0.004191185460404021	0.005997662815573014	0.0023938331690264185	0.016814706291277074	0.09126483600500157	0.40550575715287723	0.0136816000911333	0.004715172503345464	0.002079772783405808	0.17403928729353774	0.12325273130294614	0.0061139370981494025	0.006380498179663763	0.007455116857913987	0.005730861509592031	0.105954093490426
85	85	0.006408685763973953	0.007985080722302605	0.012019161249418979	0.009461546021413855	0.006154852547753672	0.008807706222916349	0.003515399239302382	0.024692784138123054	0.016893749331118084	0.009840720183766175	0.020091745396096396	0.1240551076168807	0.003054194317008349	0.021319172815708613	0.6495225516373991	0.008978457689563337	0.009369908787872043	0.010948011110515262	0.008415902349435943	0.038465262859431144
86	86	0.009880681039876387	0.012311110046658622	0.018530710202696993	0.014587471101677458	0.009489330123453337	0.013579404434335527	0.005419916015640691	0.038070445804480005	0.02604617465358398	0.3763480725120104	0.030976729879502368	0.010675697579119247	0.00470884686682623	0.032869133295654024	0.2790584828565905	0.013842662899669268	0.014446188113347282	0.0168792494729757	0.012975335324595398	0.059304357777306596
87	87	0.004041667608757532	0.005035828451765514	0.007579940177327101	0.005966968188467494	0.003881586505422532	0.07942368696764925	0.0022170029489055553	0.01557261964412636	0.010654121917769018	0.006206096144884389	0.23427815077792927	0.004366867114957215	0.001926141910607516	0.013445035907225332	0.04027910126988804	0.005662306275726396	0.5229926380521419	0.006904414339430694	0.005307528123065562	0.0242582976739533
88	88	0.004364034781640532	0.005437490819448065	0.5665110430645938	0.006442899128812782	0.004191185460404021	0.24528045701504506	0.0023938331690264185	0.016814706291277074	0.011503904605177554	0.006701100153757225	0.0136816000911333	0.004715172503345464	0.002079772783405808	0.014517424493889703	0.043491799903122144	0.0061139370981494025	0.006380498179663763	0.007455116857913987	0.005730861509592031	0.026193162090602
89	89	0.005736737316264739	0.42654644057548524	0.010758956420885488	0.008469506249740605	0.005509518423463943	0.007884221324087804	0.003146810865816172	0.022103754408423562	0.015122445657150102	0.008808924134567766	0.01798513295980429	0.0061983250377300615	0.0027339631173678974	0.019083865046292114	0.37172104422828334	0.008037069559529028	0.008387477147896704	0.009800115997203875	0.007533497948901071	0.034432193581106225
90	90	0.44725606301989906	0.005035828451765514	0.08144900607918402	0.005966968188467494	0.003881586505422532	0.005554621065792334	0.0022170029489055553	0.08944168554598328	0.010654121917769018	0.006206096144884389	0.08654001897421544	0.004366867114957215	0.001926141910607516	0.013445035907225332	0.18801723307360188	0.005662306275726396	0.005909176739143502	0.006904414339430694	0.005307528123065562	0.0242582976739533
91	91	0.012058257709199263	0.015024322415611446	0.022614643490344255	0.017802364549531522	0.011580658018862584	0.01657213278576894	0.006614396701508091	0.046460688768500805	0.031786420899956376	0.018515799399468503	0.037803607905955196	0.013028485801228236	0.005746616939074529	0.04011307301161265	0.5609467352682753	0.016893410074886074	0.017629944584112583	0.02059922178052143	0.015834934512692796	0.07237428538288944
92	92	0.006408685763973953	0.007985080722302605	0.012019161249418979	0.009461546021413855	0.006154852547753672	0.47733077825141046	0.003515399239302382	0.024692784138123054	0.016893749331118084	0.009840720183766175	0.020091745396096396	0.0069243396097571665	0.003054194317008349	0.021319172815708613	0.2981302476160285	0.008978457689563337	0.009369908787872043	0.010948011110515262	0.008415902349435943	0.038465262859431144
93	93	0.009880681039876387	0.012311110046658622	0.018530710202696993	0.014587471101677458	0.009489330123453337	0.013579404434335527	0.005419916015640691	0.038070445804480005	0.02604617465358398	0.1957600703446991	0.030976729879502368	0.010675697579119247	0.00470884686682623	0.21345713546296533	0.2790584828565905	0.013842662899669268	0.014446188113347282	0.0168792494729757	0.012975335324595398	0.059304357777306596
