0	0	0.013233895108268872	0.35262135838687	0.5867095797527176	0.02258978659448915	0.024845380157654442
1	1	0.30895555762383115	0.6450417746069713	0.024433343001084882	0.010271840005218786	0.011297484762893805
2	2	0.0036110042731750005	0.13257334740444046	0.23280371031383915	0.5515186483292268	0.07949328967931858
3	3	0.0038941644386473236	0.06455330203681252	0.21185127163544343	0.7123903383036317	0.007310923585464923
4	4	0.007942466382483752	0.13166173113218585	0.03224886772544933	0.813235709074036	0.014911225685845148
5	5	0.004843727647708616	0.1290626689132399	0.6536578093258643	0.15457363444749803	0.0578621596656891
6	6	0.005367231540314252	0.30512967979855343	0.07583197939017981	0.549555281351664	0.06411582791928849
7	7	0.008632813674623156	0.056187068262230785	0.5565629121045683	0.3624099188506277	0.016207287107950108
8	8	0.008632813674623156	0.056187068262230785	0.1219703945574437	0.7970024363977524	0.016207287107950108
9	9	0.015268304616649051	0.09937446886708608	0.5231756047744698	0.3335168311068376	0.028664790634957547
10	10	0.010449286336915508	0.17321711694597874	0.04242733134479497	0.7542887235002557	0.019617541872055135
11	11	0.010449286336915508	0.17321711694597874	0.46325713973786137	0.017836558812389585	0.3352398981668549
12	12	0.18778037729034008	0.09975346310626135	0.3879588840015582	0.07085943017196433	0.25364784542987595
13	13	0.007354354670200415	0.04786615852649508	0.029860952447766802	0.01255362092421359	0.9023649134313241
14	14	0.0038941644386473236	0.06455330203681252	0.0942274152020007	0.0066471997029753415	0.8306779186195641
15	15	0.003152537258789462	0.020518434989454545	0.012800275400908815	0.6402005317275286	0.32332822062331856
16	16	0.005092059878952015	0.033141907933803845	0.07194416281352417	0.8802620109614333	0.0095598584122866
17	17	0.00945459272562563	0.2519206403428141	0.038388567923827804	0.6824860998432628	0.017750099164469707
18	18	0.00640571353658353	0.10618708254446797	0.09050437515821368	0.7848767104716449	0.012026118289089996
19	19	0.0536122490607968	0.421673797391769	0.312278159434247	0.20334215586058618	0.00909363825260091
20	20	0.0044132703122583775	0.07315848519644762	0.017919241162990728	0.8517889971618662	0.052720006166437045
21	21	0.005092059878952015	0.033141907933803845	0.020675336548927094	0.9315308372260304	0.0095598584122866
22	22	0.011677887082786761	0.07600606979482914	0.04741583000918596	0.8429760901217206	0.021924122991477512
23	23	0.005367231540314252	0.03493287545650627	0.29198942286381757	0.4414765596148451	0.22623391052451677
24	24	0.0038941644386473236	0.10376125418129344	0.21185127163544343	0.5163505775812273	0.16414273216338857
25	25	0.010449286336915508	0.5940469253390451	0.04242733134479497	0.33345891510718934	0.019617541872055135
26	26	0.028336641381594984	0.7550388524582076	0.11505551999740177	0.048369635423121844	0.053199350739673856
27	27	0.18539593524714887	0.2780012921836196	0.014661793145070467	0.515161662134432	0.006779317289729027
28	28	0.005367231540314252	0.03493287545650627	0.4541075054690458	0.49551592048325455	0.010076467050879055
29	29	0.24784592711698367	0.051693910887352534	0.6719914296841157	0.013557506625702882	0.014911225685845148
30	30	0.09555131718404807	0.6646165928282052	0.1219703945574437	0.10165440832235301	0.016207287107950108
31	31	0.06280027936813527	0.4939399622723456	0.365796175250894	0.009685046384149985	0.06777853672447515
32	32	0.00640571353658353	0.2996726790701723	0.15499957400011513	0.010934324368827571	0.5279877090243015
33	33	0.007942466382483752	0.051693910887352534	0.9118948904186157	0.013557506625702882	0.014911225685845148
34	34	0.00945459272562563	0.4423056253490722	0.038388567923827804	0.01613865232135957	0.49371256168011485
35	35	0.008632813674623156	0.1431055717716557	0.1219703945574437	0.7100839328883274	0.016207287107950108
36	36	0.9426358864888329	0.02637964161849824	0.016456746231747074	0.006918458284299754	0.007609267376622081
37	37	0.5677172080963169	0.051693910887352534	0.2721523284599493	0.013557506625702882	0.09487904593067846
38	38	0.37758677616357533	0.04786615852649508	0.1039074367464418	0.4568325267162635	0.013807101847224217
39	39	0.8341465470549984	0.044566188918490304	0.027802290575221468	0.011688154197917034	0.08179681925337279
40	40	0.5769382124878125	0.32256065123245314	0.08016399018440659	0.009685046384149985	0.010652099711177665
41	41	0.748317523527705	0.20830777720585816	0.023037553171109115	0.009685046384149985	0.010652099711177665
42	42	0.007942466382483752	0.13166173113218585	0.19218450821511596	0.6533000685843694	0.014911225685845148
43	43	0.007354354670200415	0.04786615852649508	0.4000933739411418	0.01255362092421359	0.5321324919379492
44	44	0.008632813674623156	0.1431055717716557	0.5565629121045683	0.1885729118317779	0.10312579061737503
45	45	0.006847333684074783	0.3892741944897085	0.2346270939179524	0.28745455865489156	0.08179681925337279
46	46	0.01804182343694777	0.6623821921465047	0.2549074271820555	0.030796748642918335	0.033871808591573724
47	47	0.004843727647708616	0.9581275329357389	0.019667030955717937	0.008268070208233473	0.00909363825260091
48	48	0.24868633471314952	0.27536823315250447	0.06843555236880612	0.05703659162132166	0.3504732881442182
49	49	0.008632813674623156	0.056187068262230785	0.03505189104801878	0.8839209399071772	0.016207287107950108
50	50	0.15114929188697315	0.17783119032632808	0.019667030955717937	0.05703659162132166	0.5943158952096591
51	51	0.013233895108268872	0.21937738929800377	0.4534656106638515	0.28907772477222154	0.024845380157654442
52	52	0.008632813674623156	0.2300240752810806	0.46964440859514334	0.10165440832235301	0.19004429412679993
53	53	0.008632813674623156	0.6646165928282052	0.03505189104801878	0.014735904812928089	0.27696279763622483
54	54	0.48198780347614734	0.31116102799150946	0.04741583000918596	0.019933736433339636	0.13950160208981768
55	55	0.008632813674623156	0.5776980893187803	0.38272590508571847	0.014735904812928089	0.016207287107950108
56	56	0.007942466382483752	0.5315008323563524	0.4320879689496159	0.013557506625702882	0.014911225685845148
57	57	0.006017606790103432	0.0391658729395158	0.024433343001084882	0.6161477416726743	0.31423543559662154
58	58	0.007354354670200415	0.27000561142252005	0.2520004053437918	0.4568325267162635	0.013807101847224217
59	59	0.0044132703122583775	0.29533103842302677	0.6400023901974122	0.05196780554618136	0.008285495521121218
60	60	0.007354354670200415	0.5661915486172201	0.3260468896424668	0.01255362092421359	0.08785358614589922
61	61	0.0033662321607791563	0.6997597980790843	0.013667942734454827	0.20910119412018818	0.0741048329054934
62	62	0.008632813674623156	0.4907795858093554	0.03505189104801878	0.4493284223600526	0.016207287107950108
63	63	0.24683284527946706	0.5463159861881898	0.04741583000918596	0.019933736433339636	0.13950160208981768
64	64	0.010449286336915508	0.38363202114251194	0.04242733134479497	0.12304401091065618	0.44044735026512144
65	65	0.01804182343694777	0.8440342412727967	0.07325537805576361	0.030796748642918335	0.033871808591573724
66	66	0.01804182343694777	0.6623821921465047	0.07325537805576361	0.030796748642918335	0.2155238577178656
67	67	0.010449286336915508	0.27842456904424534	0.2528422355413282	0.12304401091065618	0.3352398981668549
68	68	0.004225511764765019	0.19767827951685565	0.1447891385794055	0.4326536482166082	0.2206534219223656
69	69	0.01804182343694777	0.8440342412727967	0.07325537805576361	0.030796748642918335	0.033871808591573724
70	70	0.00640571353658353	0.04169188370256653	0.47747556820962234	0.46240071626213763	0.012026118289089996
71	71	0.008632813674623156	0.40386108229993045	0.46964440859514334	0.10165440832235301	0.016207287107950108
72	72	0.00945459272562563	0.9182680878647174	0.038388567923827804	0.01613865232135957	0.017750099164469707
73	73	0.011677887082786761	0.19358354889316928	0.1649933091075261	0.019933736433339636	0.6098115184831783
74	74	0.007942466382483752	0.13166173113218585	0.8319270701737823	0.013557506625702882	0.014911225685845148
75	75	0.008632813674623156	0.3169425787905055	0.2088888980668686	0.014735904812928089	0.45079980465507463
76	76	0.006847333684074783	0.6650405989466831	0.09674389168946511	0.08062975531216068	0.15073842036761642
77	77	0.2826137381410493	0.6650405989466831	0.027802290575221468	0.011688154197917034	0.012855218139129147
78	78	0.008632813674623156	0.9253721033564799	0.03505189104801878	0.014735904812928089	0.016207287107950108
79	79	0.004843727647708616	0.6167478830441218	0.26350963802115884	0.10580511303440984	0.00909363825260091
80	80	0.013233895108268872	0.8855972347423348	0.05373370339725286	0.02258978659448915	0.024845380157654442
81	81	0.16899549466434927	0.5605560390101868	0.061994034631369106	0.026062451011437174	0.1823919806826578
82	82	0.006017606790103432	0.5238665942734803	0.2667837036680671	0.1314470203387099	0.07188507492963936
83	83	0.16899549466434927	0.2531016589147863	0.061994034631369106	0.17978964105913742	0.336119170730358
84	84	0.008632813674623156	0.4907795858093554	0.03505189104801878	0.1885729118317779	0.27696279763622483
85	85	0.011677887082786761	0.8990484234832102	0.04741583000918596	0.019933736433339636	0.021924122991477512
86	86	0.01804182343694777	0.6623821921465047	0.07325537805576361	0.030796748642918335	0.2155238577178656
87	87	0.007942466382483752	0.051693910887352534	0.3521201487047826	0.013557506625702882	0.5746859673996783
88	88	0.008632813674623156	0.838453599847055	0.1219703945574437	0.014735904812928089	0.016207287107950108
89	89	0.011677887082786761	0.8990484234832102	0.04741583000918596	0.019933736433339636	0.021924122991477512
90	90	0.16787810687215038	0.7714042930908523	0.03224886772544933	0.013557506625702882	0.014911225685845148
91	91	0.028336641381594984	0.46973459868847767	0.11505551999740177	0.048369635423121844	0.33850360450940375
92	92	0.013233895108268872	0.35262135838687	0.4534656106638515	0.15583375568335536	0.024845380157654442
93	93	0.022046640940061552	0.36546568433954124	0.0895161746022002	0.48158102733041713	0.041390472787779985
94	94	0.005092059878952015	0.135679560462998	0.584632425459495	0.2650360957862683	0.0095598584122866
95	95	0.007354354670200415	0.4180985800198701	0.029860952447766802	0.5308790110149385	0.013807101847224217
96	96	0.10464708522875467	0.2519206403428141	0.22877355293008592	0.01613865232135957	0.39852006917698585
97	97	0.008632813674623156	0.056187068262230785	0.6434814156139932	0.014735904812928089	0.27696279763622483
98	98	0.011677887082786761	0.07600606979482914	0.870458183697567	0.019933736433339636	0.021924122991477512
99	99	0.015268304616649051	0.09937446886708608	0.8306299848698703	0.026062451011437174	0.028664790634957547
100	100	0.010449286336915508	0.17321711694597874	0.6736720439343945	0.12304401091065618	0.019617541872055135
101	101	0.013233895108268872	0.8855972347423348	0.05373370339725286	0.02258978659448915	0.024845380157654442
102	102	0.013233895108268872	0.08613342020913756	0.05373370339725286	0.5555656629499539	0.29133331833538684
103	103	0.008632813674623156	0.9253721033564799	0.03505189104801878	0.014735904812928089	0.016207287107950108
104	104	0.0396485379003013	0.6572511466118792	0.16098531522577672	0.0676786390268195	0.07443636123522328
105	105	0.007942466382483752	0.9313399335805189	0.03224886772544933	0.013557506625702882	0.014911225685845148
106	106	0.007942466382483752	0.7714042930908523	0.19218450821511596	0.013557506625702882	0.014911225685845148
107	107	0.08231006872760915	0.7702964406374688	0.015811510913038868	0.08506310399193717	0.04651887572994584
108	108	0.002964354335304193	0.228217491135808	0.07172872413564148	0.6915241368965037	0.005565293496742695
109	109	0.005673842354837797	0.4368135252590481	0.08016399018440659	0.40957010547723227	0.06777853672447515
110	110	0.0038941644386473236	0.10376125418129344	0.36868308021336704	0.5163505775812273	0.007310923585464923
111	111	0.18778037729034008	0.0391658729395158	0.6908968348352859	0.010271840005218786	0.07188507492963936
112	112	0.007942466382483752	0.051693910887352534	0.19218450821511596	0.7332678888292027	0.014911225685845148
113	113	0.007942466382483752	0.21162955137701916	0.03224886772544933	0.7332678888292027	0.014911225685845148
114	114	0.30354029186490034	0.3440520957211951	0.029860952447766802	0.01255362092421359	0.30999303904192416
115	115	0.007942466382483752	0.29159737162185245	0.03224886772544933	0.013557506625702882	0.6546537876445115
116	116	0.007354354670200415	0.7142845172145701	0.029860952447766802	0.01255362092421359	0.23594655474324921
117	117	0.0396485379003013	0.25805434814960493	0.16098531522577672	0.0676786390268195	0.47363315969749764
118	118	0.00945459272562563	0.15672814783968503	0.13358106042695683	0.6824860998432628	0.017750099164469707
119	119	0.00945459272562563	0.2519206403428141	0.038388567923827804	0.01613865232135957	0.6840975466863729
120	120	0.00945459272562563	0.061535655336555986	0.5143510304394731	0.01613865232135957	0.39852006917698585
121	121	0.005367231540314252	0.0889722363249157	0.5081468663374552	0.00916167266756962	0.38835199312974505
122	122	0.006017606790103432	0.1603410532730069	0.145608523334576	0.010271840005218786	0.6777609765970948
123	123	0.011677887082786761	0.07600606979482914	0.1649933091075261	0.019933736433339636	0.7273889975815184
124	124	0.006847333684074783	0.5271573967181958	0.09674389168946511	0.011688154197917034	0.3575632237103473
125	125	0.2826137381410493	0.25139099226122125	0.027802290575221468	0.011688154197917034	0.42650482482459096
126	126	0.007942466382483752	0.051693910887352534	0.03224886772544933	0.013557506625702882	0.8945572483790115
127	127	0.48198780347614734	0.07600606979482914	0.40014826730420644	0.019933736433339636	0.021924122991477512
128	128	0.010449286336915508	0.27842456904424534	0.14763478344306155	0.017836558812389585	0.545654802363388
129	129	0.5806095477443998	0.061535655336555986	0.22877355293008592	0.01613865232135957	0.11294259166759876
130	130	0.00945459272562563	0.061535655336555986	0.7047360154457311	0.01613865232135957	0.2081350841707278
131	131	0.004618490685801936	0.262563404154693	0.5767614831705297	0.007883598753606042	0.14817302323536935
132	132	0.00945459272562563	0.061535655336555986	0.038388567923827804	0.01613865232135957	0.874482531692631
133	133	0.007354354670200415	0.3440520957211951	0.17795392104511681	0.16064658952156358	0.30999303904192416
134	134	0.005367231540314252	0.30512967979855343	0.1839107011269987	0.00916167266756962	0.4964307148665639
135	135	0.00945459272562563	0.061535655336555986	0.038388567923827804	0.49210111483700475	0.39852006917698585
136	136	0.005092059878952015	0.5458301705797747	0.020675336548927094	0.008691964463282886	0.41971046852906324
137	137	0.00945459272562563	0.6326906103553303	0.22877355293008592	0.11133114482448861	0.017750099164469707
138	138	0.0032558820923271475	0.44735028494990464	0.04600136622906933	0.49727985757844023	0.006112609150258639
139	139	0.09837542673125779	0.24270517709188066	0.2984689438183138	0.005381268577739651	0.35506918378080804
140	140	0.005367231540314252	0.03493287545650627	0.2379500619954081	0.3333978378780262	0.38835199312974505
141	141	0.006017606790103432	0.1603410532730069	0.5697216545017948	0.010271840005218786	0.25364784542987595
142	142	0.2693883242028979	0.1431055717716557	0.03505189104801878	0.014735904812928089	0.5377183081644995
143	143	0.3695431477905767	0.1603410532730069	0.20619611350132153	0.010271840005218786	0.25364784542987595
144	144	0.028336641381594984	0.7550388524582076	0.11505551999740177	0.048369635423121844	0.053199350739673856
145	145	0.007942466382483752	0.13166173113218585	0.11221668797028264	0.09352532687053619	0.6546537876445115
146	146	0.0038941644386473236	0.8487123449264307	0.0942274152020007	0.0066471997029753415	0.04651887572994584
147	147	0.00945459272562563	0.15672814783968503	0.32396604543321494	0.20652363732761767	0.30332757667385685
148	148	0.004225511764765019	0.9634718103352753	0.017156883443002202	0.007212797761930524	0.007932996695026794
149	149	0.006847333684074783	0.8029238011751704	0.09674389168946511	0.08062975531216068	0.012855218139129147
150	150	0.013233895108268872	0.8855972347423348	0.05373370339725286	0.02258978659448915	0.024845380157654442
151	151	0.008632813674623156	0.4907795858093554	0.03505189104801878	0.2754914153412028	0.19004429412679993
152	152	0.1554473232675504	0.12191264282517007	0.4741398582398168	0.01255362092421359	0.23594655474324921
153	153	0.46651149626032573	0.2894860392567893	0.020675336548927094	0.2137672695216712	0.0095598584122866
154	154	0.002720742345967572	0.3464298994964759	0.5589167575096167	0.004644210073540241	0.08728839057439965
155	155	0.004618490685801936	0.3090641528112016	0.6697629804835469	0.007883598753606042	0.008670777265843503
156	156	0.2208641905334487	0.5940469253390451	0.04242733134479497	0.017836558812389585	0.12482499397032173
157	157	0.008632813674623156	0.4907795858093554	0.46964440859514334	0.014735904812928089	0.016207287107950108
158	158	0.008632813674623156	0.5776980893187803	0.03505189104801878	0.10165440832235301	0.27696279763622483
159	159	0.0036110042731750005	0.7869990989107464	0.19644672411904437	0.006163855407305105	0.006779317289729027
160	160	0.022046640940061552	0.36546568433954124	0.5334643727552018	0.03763282917741558	0.041390472787779985
161	161	0.0038941644386473236	0.49584077562610257	0.4470989845023289	0.0066471997029753415	0.04651887572994584
162	162	0.13539611122038642	0.2996726790701723	0.5419707670515237	0.010934324368827571	0.012026118289089996
163	163	0.2755640358823614	0.03493287545650627	0.6702649489426835	0.00916167266756962	0.010076467050879055
164	164	0.00348432472717106	0.40857469250775186	0.5052888211763062	0.07611067310552071	0.006541488483250094
165	165	0.008632813674623156	0.5776980893187803	0.29580740157629354	0.10165440832235301	0.016207287107950108
166	166	0.011677887082786761	0.19358354889316928	0.04741583000918596	0.7253986110233805	0.021924122991477512
167	167	0.004053077299441716	0.23041938274662677	0.2204964873598756	0.4149979405405568	0.13003311205349918
168	168	0.004618490685801936	0.030059660872149924	0.06525324794893493	0.2403873420361491	0.659681258456964
169	169	0.005673842354837797	0.03692846616596574	0.4229226122641915	0.5238229795038273	0.010652099711177665
170	170	0.008632813674623156	0.4907795858093554	0.03505189104801878	0.4493284223600526	0.016207287107950108
171	171	0.007354354670200415	0.19595912712384508	0.1039074367464418	0.6789719796122886	0.013807101847224217
172	172	0.004225511764765019	0.02750193933498459	0.017156883443002202	0.815550413625818	0.1355652518314301
173	173	0.004843727647708616	0.4704423188048572	0.1659725951949825	0.008268070208233473	0.3504732881442182
174	174	0.0044132703122583775	0.20646201713239512	0.684436900842728	0.09640231619149718	0.008285495521121218
175	175	0.00945459272562563	0.2519206403428141	0.13358106042695683	0.01613865232135957	0.5889050541832439
176	176	0.29503207023501277	0.2519206403428141	0.22877355293008592	0.20652363732761767	0.017750099164469707
177	177	0.5301438347311725	0.40386108229993045	0.03505189104801878	0.014735904812928089	0.016207287107950108
178	178	0.09555131718404807	0.6646165928282052	0.03505189104801878	0.014735904812928089	0.19004429412679993
179	179	0.0024520604229004666	0.23815397460355076	0.7506048749819001	0.004185579620886094	0.004603510370762663
180	180	0.0032558820923271475	0.7423835947850181	0.14434580284077383	0.10390211113162218	0.006112609150258639
181	181	0.0044132703122583775	0.11759299584176344	0.6400023901974122	0.007533294900865535	0.23045804874770032
182	182	0.08140083896887541	0.04786615852649508	0.8443722797331917	0.01255362092421359	0.013807101847224217
183	183	0.008632813674623156	0.1431055717716557	0.7303999191234181	0.014735904812928089	0.10312579061737503
184	184	0.0044132703122583775	0.29533103842302677	0.684436900842728	0.007533294900865535	0.008285495521121218
185	185	0.005367231540314252	0.6834052058774195	0.29198942286381757	0.00916167266756962	0.010076467050879055
186	186	0.007942466382483752	0.8513721133356856	0.03224886772544933	0.013557506625702882	0.09487904593067846
187	187	0.03996799046796978	0.7142851265211568	0.23280371031383915	0.006163855407305105	0.006779317289729027
188	188	0.10464708522875467	0.5374981178522013	0.22877355293008592	0.11133114482448861	0.017750099164469707
189	189	0.007942466382483752	0.9313399335805189	0.03224886772544933	0.013557506625702882	0.014911225685845148
190	190	0.0038941644386473236	0.22138511061473617	0.0942274152020007	0.6731823861591508	0.007310923585464923
191	191	0.006847333684074783	0.25139099226122125	0.4414518972606833	0.28745455865489156	0.012855218139129147
192	192	0.015268304616649051	0.2531016589147863	0.6769027948221701	0.026062451011437174	0.028664790634957547
193	193	0.007942466382483752	0.21162955137701916	0.751959249928949	0.013557506625702882	0.014911225685845148
194	194	0.00945459272562563	0.061535655336555986	0.7047360154457311	0.20652363732761767	0.017750099164469707
195	195	0.011677887082786761	0.5463159861881898	0.04741583000918596	0.019933736433339636	0.37465656028649796
196	196	0.030962395408556467	0.3561871056845088	0.6028236842936766	0.0047750143584300115	0.005251800254828168
197	197	0.015268304616649051	0.8680104191055873	0.061994034631369106	0.026062451011437174	0.028664790634957547
198	198	0.022046640940061552	0.36546568433954124	0.5334643727552018	0.03763282917741558	0.041390472787779985
199	199	0.24683284527946706	0.19358354889316928	0.04741583000918596	0.019933736433339636	0.49223403938483806
200	200	0.011677887082786761	0.8990484234832102	0.04741583000918596	0.019933736433339636	0.021924122991477512
201	201	0.010449286336915508	0.48883947324077853	0.04242733134479497	0.017836558812389585	0.44044735026512144
202	202	0.028336641381594984	0.7550388524582076	0.11505551999740177	0.048369635423121844	0.053199350739673856
203	203	0.0396485379003013	0.6572511466118792	0.16098531522577672	0.0676786390268195	0.07443636123522328
204	204	0.01804182343694777	0.11742604476762916	0.4365594763083474	0.030796748642918335	0.3971759068441575
205	205	0.22152467501395195	0.46724776240378174	0.29198942286381757	0.00916167266756962	0.010076467050879055
206	206	0.00945459272562563	0.9182680878647174	0.038388567923827804	0.01613865232135957	0.017750099164469707
207	207	0.007942466382483752	0.5315008323563524	0.4320879689496159	0.013557506625702882	0.014911225685845148
208	208	0.11344595327713312	0.14301159719332515	0.6702649489426835	0.00916167266756962	0.06411582791928849
209	209	0.007354354670200415	0.8623774858119201	0.1039074367464418	0.01255362092421359	0.013807101847224217
210	210	0.10872890746970804	0.12792247186098654	0.540370348757152	0.04102914552467505	0.18194912638747837
211	211	0.015268304616649051	0.8680104191055873	0.061994034631369106	0.026062451011437174	0.028664790634957547
212	212	0.006017606790103432	0.1603410532730069	0.8120720151687769	0.010271840005218786	0.011297484762893805
213	213	0.02093743740278444	0.3360903493466079	0.6171460714141246	0.0032289673621116767	0.022597174474371484
214	214	0.022046640940061552	0.14349158526304048	0.31149027367870097	0.25960692825391635	0.26336457186428075
215	215	0.006847333684074783	0.3203325933754649	0.6482767006034141	0.011688154197917034	0.012855218139129147
216	216	0.011677887082786761	0.07600606979482914	0.870458183697567	0.019933736433339636	0.021924122991477512
217	217	0.17705315339473024	0.32256065123245314	0.365796175250894	0.009685046384149985	0.12490497373777262
218	218	0.09555131718404807	0.1431055717716557	0.03505189104801878	0.014735904812928089	0.7115553151833494
219	219	0.2693883242028979	0.6646165928282052	0.03505189104801878	0.014735904812928089	0.016207287107950108
220	220	0.09555131718404807	0.40386108229993045	0.46964440859514334	0.014735904812928089	0.016207287107950108
221	221	0.18778037729034008	0.0391658729395158	0.7514844250020314	0.010271840005218786	0.011297484762893805
222	222	0.011677887082786761	0.07600606979482914	0.5177257464025465	0.1375112155316798	0.2570790811881578
223	223	0.028336641381594984	0.7550388524582076	0.11505551999740177	0.048369635423121844	0.053199350739673856
224	224	0.0038941644386473236	0.025345349892331604	0.13343536734648162	0.5163505775812273	0.3209745407413122
225	225	0.013233895108268872	0.6191092965646025	0.05373370339725286	0.02258978659448915	0.29133331833538684
226	226	0.00945459272562563	0.15672814783968503	0.038388567923827804	0.01613865232135957	0.779290039189502
227	227	0.00305555112316331	0.35829635821623435	0.012406481721667308	0.005215716705936615	0.6210258922329985
228	228	0.005367231540314252	0.14301159719332515	0.5081468663374552	0.00916167266756962	0.3343126322613356
229	229	0.008632813674623156	0.9253721033564799	0.03505189104801878	0.014735904812928089	0.016207287107950108
230	230	0.0033662321607791563	0.530297168102309	0.11534552072052008	0.07353109013876788	0.27745998887762385
231	231	0.004225511764765019	0.2827664496077912	0.22987730867034104	0.3050213930802049	0.17810933687689784
232	232	0.022046640940061552	0.14349158526304048	0.7554384718317025	0.03763282917741558	0.041390472787779985
233	233	0.005092059878952015	0.08441073419840092	0.2770194678719125	0.11122961699247705	0.5222481210582575
234	234	0.007354354670200415	0.27000561142252005	0.2520004053437918	0.4568325267162635	0.013807101847224217
235	235	0.013233895108268872	0.21937738929800377	0.18697767248611905	0.42232169386108775	0.15808934924652066
236	236	0.008632813674623156	0.3169425787905055	0.46964440859514334	0.014735904812928089	0.19004429412679993
237	237	0.006017606790103432	0.40269141393998914	0.024433343001084882	0.5555601515059287	0.011297484762893805
238	238	0.10464708522875467	0.8230755953615884	0.038388567923827804	0.01613865232135957	0.017750099164469707
239	239	0.022046640940061552	0.8094138824925428	0.0895161746022002	0.03763282917741558	0.041390472787779985
240	240	0.09555131718404807	0.6646165928282052	0.1219703945574437	0.10165440832235301	0.016207287107950108
241	241	0.011677887082786761	0.6638934652865299	0.04741583000918596	0.25508869463001993	0.021924122991477512
242	242	0.022046640940061552	0.8094138824925428	0.0895161746022002	0.03763282917741558	0.041390472787779985
243	243	0.015268304616649051	0.714283229057887	0.21572122467906935	0.026062451011437174	0.028664790634957547
244	244	0.01804182343694777	0.8440342412727967	0.07325537805576361	0.030796748642918335	0.033871808591573724
245	245	0.00640571353658353	0.9446246674891867	0.026009176316312235	0.010934324368827571	0.012026118289089996
246	246	0.006017606790103432	0.8268045451072079	0.08502093316783042	0.07085943017196433	0.011297484762893805
247	247	0.006017606790103432	0.1603410532730069	0.8120720151687769	0.010271840005218786	0.011297484762893805
248	248	0.011677887082786761	0.07600606979482914	0.7528807045992268	0.019933736433339636	0.13950160208981768
249	249	0.007354354670200415	0.4180985800198701	0.5481863425384917	0.01255362092421359	0.013807101847224217
250	250	0.015268304616649051	0.09937446886708608	0.3694484147267696	0.3335168311068376	0.1823919806826578
251	251	0.008632813674623156	0.2300240752810806	0.7303999191234181	0.014735904812928089	0.016207287107950108
252	252	0.011677887082786761	0.8990484234832102	0.04741583000918596	0.019933736433339636	0.021924122991477512
253	253	0.00945459272562563	0.2519206403428141	0.7047360154457311	0.01613865232135957	0.017750099164469707
254	254	0.005673842354837797	0.09405490317926322	0.8799341083705712	0.009685046384149985	0.010652099711177665
255	255	0.007354354670200415	0.6402380329158951	0.029860952447766802	0.16064658952156358	0.16190007044457422
256	256	0.12647692197631882	0.5568829685516323	0.302112383811127	0.006918458284299754	0.007609267376622081
257	257	0.007942466382483752	0.4515330121115191	0.4320879689496159	0.09352532687053619	0.014911225685845148
258	258	0.0028784435470554605	0.6853039639933305	0.2725189061398052	0.004913400394993229	0.034385285924815656
259	259	0.008632813674623156	0.838453599847055	0.1219703945574437	0.014735904812928089	0.016207287107950108
260	260	0.011677887082786761	0.8990484234832102	0.04741583000918596	0.019933736433339636	0.021924122991477512
261	261	0.006847333684074783	0.5960989978324395	0.37251029614643966	0.011688154197917034	0.012855218139129147
262	262	0.007942466382483752	0.13166173113218585	0.3521201487047826	0.4933644280947027	0.014911225685845148
263	263	0.08140083896887541	0.3440520957211951	0.1039074367464418	0.01255362092421359	0.45808600763927415
264	264	0.006017606790103432	0.8873921352739534	0.08502093316783042	0.010271840005218786	0.011297484762893805
265	265	0.00640571353658353	0.1706822813863694	0.6709611647353266	0.13992472205263046	0.012026118289089996
266	266	0.010449286336915508	0.5940469253390451	0.35804968763959477	0.017836558812389585	0.019617541872055135
267	267	0.013233895108268872	0.08613342020913756	0.8531975179304501	0.02258978659448915	0.024845380157654442
268	268	0.6962633448265111	0.044566188918490304	0.027802290575221468	0.011688154197917034	0.21968002148186008
269	269	0.015268304616649051	0.4068288489624865	0.061994034631369106	0.026062451011437174	0.4898463607780582
270	270	0.006017606790103432	0.40269141393998914	0.024433343001084882	0.010271840005218786	0.5565857962636037
271	271	0.46268533846121757	0.32256065123245314	0.08016399018440659	0.12393792041074495	0.010652099711177665
272	272	0.006847333684074783	0.5271573967181958	0.4414518972606833	0.011688154197917034	0.012855218139129147
273	273	0.48198780347614734	0.42873850708984956	0.04741583000918596	0.019933736433339636	0.021924122991477512
274	274	0.05940659240872369	0.25109031893014405	0.02179261852177038	0.00916167266756962	0.6585487974717922
275	275	0.007354354670200415	0.3440520957211951	0.1039074367464418	0.01255362092421359	0.5321324919379492
276	276	0.013233895108268872	0.6191092965646025	0.3202216415749853	0.02258978659448915	0.024845380157654442
277	277	0.00640571353658353	0.49315827559587666	0.47747556820962234	0.010934324368827571	0.012026118289089996
278	278	0.028336641381594984	0.46973459868847767	0.40035977376713167	0.048369635423121844	0.053199350739673856
279	279	0.006847333684074783	0.11350779003273394	0.027802290575221468	0.011688154197917034	0.8401544315100528
280	280	0.002336682999731988	0.20342142776419186	0.17417404581876697	0.003988634477685624	0.6160792089396236
281	281	0.007942466382483752	0.5315008323563524	0.03224886772544933	0.013557506625702882	0.4147503269100117
282	282	0.29503207023501277	0.5374981178522013	0.13358106042695683	0.01613865232135957	0.017750099164469707
283	283	0.008632813674623156	0.9253721033564799	0.03505189104801878	0.014735904812928089	0.016207287107950108
284	284	0.007942466382483752	0.051693910887352534	0.751959249928949	0.1734931471153695	0.014911225685845148
285	285	0.00640571353658353	0.23517748022827084	0.5419707670515237	0.07542952321072902	0.1410165159728929
286	286	0.007942466382483752	0.5315008323563524	0.11221668797028264	0.3334287876050361	0.014911225685845148
287	287	0.007942466382483752	0.13166173113218585	0.5120557891944492	0.3334287876050361	0.014911225685845148
288	288	0.013233895108268872	0.6191092965646025	0.3202216415749853	0.02258978659448915	0.024845380157654442
289	289	0.006017606790103432	0.1603410532730069	0.5091340643350493	0.3132097908389465	0.011297484762893805
290	290	0.015268304616649051	0.4068288489624865	0.5231756047744698	0.026062451011437174	0.028664790634957547
291	291	0.0036110042731750005	0.2780012921836196	0.7054445308461712	0.006163855407305105	0.006779317289729027
292	292	0.004618490685801936	0.5880686447502532	0.25125624257496937	0.007883598753606042	0.14817302323536935
293	293	0.12925536618112693	0.19358354889316928	0.6353032255008867	0.019933736433339636	0.021924122991477512
294	294	0.004053077299441716	0.06718758984412394	0.7918077625186354	0.12934230296117685	0.007609267376622081
295	295	0.015268304616649051	0.5605560390101868	0.21572122467906935	0.026062451011437174	0.1823919806826578
296	296	0.005367231540314252	0.46724776240378174	0.346028783732227	0.06320103353597906	0.11815518878769793
297	297	0.010449286336915508	0.8044618295355783	0.04242733134479497	0.017836558812389585	0.12482499397032173
298	298	0.07090091237848498	0.8801294686472853	0.026009176316312235	0.010934324368827571	0.012026118289089996
299	299	0.005092059878952015	0.8021743019027601	0.020675336548927094	0.16249844325707413	0.0095598584122866
300	300	0.011677887082786761	0.7814709443848701	0.1649933091075261	0.019933736433339636	0.021924122991477512
301	301	0.008632813674623156	0.4907795858093554	0.29580740157629354	0.1885729118317779	0.016207287107950108
302	302	0.008632813674623156	0.9253721033564799	0.03505189104801878	0.014735904812928089	0.016207287107950108
303	303	0.0036110042731750005	0.7869990989107464	0.08737576553466003	0.11523481399168944	0.006779317289729027
304	304	0.0022316754087270256	0.5987285896951418	0.09893877278659975	0.2959112036548444	0.004189758454687104
305	305	0.01804182343694777	0.11742604476762916	0.07325537805576361	0.030796748642918335	0.7604800050967412
306	306	0.0038941644386473236	0.299801014903698	0.17264331949096254	0.5163505775812273	0.007310923585464923
307	307	0.1554473232675504	0.04786615852649508	0.3260468896424668	0.4568325267162635	0.013807101847224217
308	308	0.4432253312217477	0.1431055717716557	0.03505189104801878	0.3624099188506277	0.016207287107950108
309	309	0.43013073795732226	0.0391658729395158	0.024433343001084882	0.19203461050545542	0.31423543559662154
310	310	0.00305555112316331	0.1121806040420396	0.41234458225473375	0.005215716705936615	0.46720354587412677
311	311	0.19969387256323964	0.6623821921465047	0.07325537805576361	0.030796748642918335	0.033871808591573724
312	312	0.008632813674623156	0.3169425787905055	0.03505189104801878	0.014735904812928089	0.6246368116739245
313	313	0.007942466382483752	0.13166173113218585	0.5920236094392826	0.2534609673602028	0.014911225685845148
314	314	0.04486102552506742	0.7609227096797607	0.17968853913424987	0.006918458284299754	0.007609267376622081
315	315	0.7709945327506579	0.061535655336555986	0.13358106042695683	0.01613865232135957	0.017750099164469707
316	316	0.008632813674623156	0.5776980893187803	0.03505189104801878	0.3624099188506277	0.016207287107950108
317	317	0.5820619087013641	0.028723974551131792	0.3733953263255173	0.007533294900865535	0.008285495521121218
318	318	0.0016976451610135157	0.6776585506844537	0.006892963924029049	0.3105636728052589	0.0031871674252449684
319	319	0.00945459272562563	0.9182680878647174	0.038388567923827804	0.01613865232135957	0.017750099164469707
320	320	0.015268304616649051	0.8680104191055873	0.061994034631369106	0.026062451011437174	0.028664790634957547
321	321	0.008632813674623156	0.838453599847055	0.03505189104801878	0.014735904812928089	0.10312579061737503
322	322	0.006017606790103432	0.46327900410673467	0.024433343001084882	0.4949725613391832	0.011297484762893805
323	323	0.022046640940061552	0.36546568433954124	0.5334643727552018	0.03763282917741558	0.041390472787779985
324	324	0.004618490685801936	0.6345693934067619	0.01875249929242632	0.2868880906926577	0.05517152592235212
325	325	0.31364089515132487	0.46973459868847767	0.11505551999740177	0.048369635423121844	0.053199350739673856
326	326	0.028336641381594984	0.46973459868847767	0.11505551999740177	0.048369635423121844	0.33850360450940375
327	327	0.00945459272562563	0.7278831028584593	0.13358106042695683	0.11133114482448861	0.017750099164469707
328	328	0.01804182343694777	0.4807301430202129	0.07325537805576361	0.39410084689550207	0.033871808591573724
329	329	0.01804182343694777	0.4807301430202129	0.07325537805576361	0.39410084689550207	0.033871808591573724
330	330	0.007942466382483752	0.7714042930908523	0.19218450821511596	0.013557506625702882	0.014911225685845148
331	331	0.006017606790103432	0.5844541844402258	0.024433343001084882	0.37379738100569204	0.011297484762893805
332	332	0.008632813674623156	0.3169425787905055	0.38272590508571847	0.1885729118317779	0.10312579061737503
333	333	0.00640571353658353	0.3641678779120738	0.026009176316312235	0.5913911139459406	0.012026118289089996
334	334	0.011677887082786761	0.31116102799150946	0.04741583000918596	0.6078211319250404	0.021924122991477512
335	335	0.008632813674623156	0.3169425787905055	0.03505189104801878	0.014735904812928089	0.6246368116739245
336	336	0.007354354670200415	0.12191264282517007	0.029860952447766802	0.8270649482096386	0.013807101847224217
337	337	0.008632813674623156	0.3169425787905055	0.1219703945574437	0.10165440832235301	0.45079980465507463
338	338	0.022046640940061552	0.587439783416042	0.0895161746022002	0.25960692825391635	0.041390472787779985
339	339	0.05940659240872369	0.5212871232721912	0.02179261852177038	0.22531911614120734	0.17219454965610737
340	340	0.002720742345967572	0.12728201834492633	0.5589167575096167	0.004644210073540241	0.30643627172594917
341	341	0.008632813674623156	0.056187068262230785	0.03505189104801878	0.8839209399071772	0.016207287107950108
342	342	0.00945459272562563	0.061535655336555986	0.22877355293008592	0.6824860998432628	0.017750099164469707
343	343	0.007942466382483752	0.7714042930908523	0.03224886772544933	0.1734931471153695	0.014911225685845148
344	344	0.005367231540314252	0.8995626493510571	0.07583197939017981	0.00916167266756962	0.010076467050879055
345	345	0.0396485379003013	0.6572511466118792	0.16098531522577672	0.0676786390268195	0.07443636123522328
346	346	0.004618490685801936	0.8205723880327962	0.11175399660544355	0.05438434741011466	0.008670777265843503
347	347	0.028336641381594984	0.46973459868847767	0.11505551999740177	0.33367388919285174	0.053199350739673856
348	348	0.010449286336915508	0.9096692816338449	0.04242733134479497	0.017836558812389585	0.019617541872055135
349	349	0.004618490685801936	0.7740716393762876	0.15825474526195216	0.007883598753606042	0.05517152592235212
350	350	0.007354354670200415	0.6402380329158951	0.17795392104511681	0.16064658952156358	0.013807101847224217
351	351	0.010449286336915508	0.6992543774373117	0.04242733134479497	0.22825146300892277	0.019617541872055135
352	352	0.32781374736181695	0.051693910887352534	0.03224886772544933	0.573332248339536	0.014911225685845148
353	353	0.007942466382483752	0.051693910887352534	0.03224886772544933	0.8932035293188693	0.014911225685845148
354	354	0.005367231540314252	0.30512967979855343	0.07583197939017981	0.6035946422200734	0.010076467050879055
355	355	0.007354354670200415	0.19595912712384508	0.029860952447766802	0.6049254953136136	0.16190007044457422
356	356	0.006017606790103432	0.0391658729395158	0.08502093316783042	0.8584981023396565	0.011297484762893805
357	357	0.005673842354837797	0.1511813401925607	0.251543301224299	0.5809494165171247	0.010652099711177665
358	358	0.0028784435470554605	0.5693788369252576	0.21455634260576878	0.2077823727641207	0.005404004157797441
359	359	0.01804182343694777	0.8440342412727967	0.07325537805576361	0.030796748642918335	0.033871808591573724
360	360	0.0044132703122583775	0.028723974551131792	0.46226434761614893	0.49631291199933963	0.008285495521121218
361	361	0.004225511764765019	0.07004602438045235	0.10224505353393774	0.7730063285803503	0.05047708174049456
362	362	0.24402074001656232	0.36546568433954124	0.31149027367870097	0.03763282917741558	0.041390472787779985
363	363	0.00640571353658353	0.10618708254446797	0.735456363577228	0.13992472205263046	0.012026118289089996
364	364	0.008632813674623156	0.7515350963376302	0.1219703945574437	0.10165440832235301	0.016207287107950108
365	365	0.00945459272562563	0.061535655336555986	0.22877355293008592	0.3969086223338757	0.30332757667385685
366	366	0.010449286336915508	0.17321711694597874	0.04242733134479497	0.7542887235002557	0.019617541872055135
367	367	0.04486102552506742	0.5568829685516323	0.2204964873598756	0.17015025118680255	0.007609267376622081
368	368	0.005673842354837797	0.6081928362989405	0.19441686421100154	0.18106435742404242	0.010652099711177665
369	369	0.005673842354837797	0.03692846616596574	0.023037553171109115	0.9237080385969096	0.010652099711177665
