0	0	0.009065715615930343	0.010259947120360303	0.007343078246213947	0.005483776552185415	0.4467614832475936	0.006857515170749551	0.006497724802889622	0.014031642710013876	0.01833673700255778	0.0074660865123101485	0.0029112379552666116	0.0053780404433861504	0.006266405055835274	0.007955246030489369	0.0028503055545811146	0.006168848468414817	0.008062859768796567	0.13493454763235166	0.002338747990810499	0.003274573563543222	0.015702729188107313	0.012711582271338746	0.008942370876092646	0.0036776011451445443	0.02275510073882998	0.0521976903731365	0.1309942683756055	0.01743235011367581	0.003932149128046985	0.01940963834574225
1	1	0.004564106251489274	0.2810281822287984	0.0036968498404944313	0.0027607902016713835	0.004230400241394131	0.0034523946245901124	0.0032712592860527356	0.007064186758616528	0.009231573052901253	0.003758777968406142	0.0014656536686256543	0.0027075576874801307	0.0031548020808687934	0.004005043802178179	0.0014349774415445573	0.0031056875212043303	0.0040592216030890015	0.012759808383597996	0.2218677104624821	0.0016485738473934455	0.06307805880423367	0.006399606447944325	0.004502008726921845	0.001851476826334996	0.011455984495351292	0.30214160826843767	0.010776087081252338	0.008776262294414866	0.001979628214409371	0.009771721887821104
2	2	0.0028403206196194026	0.0032144775544201217	0.0023006122668960197	0.0017180865002193449	0.3803157133641119	0.0021484836458587706	0.002035760056914807	0.0043961630614523465	0.005744964260006533	0.002339151189732153	9.121011008146229E-4	0.0016849590050734416	0.001963286765768426	0.0024924065889337472	8.930107651586254E-4	0.0019327219434676782	0.13986541822341048	0.00794064486174048	7.327379794177242E-4	0.03536075939391154	0.0049197203383379694	0.10698705538210052	0.0028016762783754537	0.0011522053862945962	0.04146407714191096	0.22236266397043136	0.006706141498285234	0.005461616663696422	0.0012319561655105109	0.006081108028128854
3	3	0.003049745574514785	0.0034514901691920625	0.0024702429828435115	0.0018447659269465345	0.00282676250370118	0.039173326127342534	0.002185862462661639	0.004720304725072269	0.006168556889907826	0.0025116234905771116	9.793529211121945E-4	0.0018091958469287665	0.0021080455086820516	0.002676178848256481	9.588550004617146E-4	0.0020752270547006037	0.0027123805708852674	0.008526131296096995	7.867648442828087E-4	0.0011015805764180923	0.005282465375936008	0.4466733744590967	0.03987468051901342	0.0012371607816074313	0.2657199138849905	0.05442595532169152	0.0072006044723239284	0.07959717455259732	0.0013227918136457903	0.006529485498512985
4	4	0.005856601176076816	0.006628094341057893	0.0047437491439982	0.0035426097139465273	0.005428394008342848	0.004430067422741998	0.0041976369361903495	0.00906467163533716	0.011845833251804518	0.004823214504087399	0.001880707530985594	0.0034743024511354813	0.004048200580579578	0.005139219586402525	0.001841344199436919	0.003985177422913271	0.005208739828712406	0.01637321847218404	0.0015108696118218605	0.00211542830107066	0.01014422094479603	0.6453823291274776	0.005776918448424629	0.0023757907377932545	0.014700168789168648	0.104517280592115	0.013827733360277348	0.08205829982588747	0.002540232915244177	0.012538945139989831
5	5	0.003738955199906688	0.004231489742412581	0.003028491269211932	0.00226166314095392	0.09386126859596111	0.002828231448277324	0.002679843816922293	0.005787042710853357	0.007562584253642395	0.0030792233256359963	0.0012006761244399314	0.002218054606276502	0.0025844410701639283	0.0032809664203417477	0.00117554589467787	0.002544205999346142	0.3197102581724148	0.010452945062376534	9.645652182323455E-4	0.0013505259123033331	0.006476245609053912	0.05044045690794875	0.04888592849090479	0.0015167457823912656	0.009384841289566279	0.3379126992566163	0.008827863464823723	0.0071895897539064075	0.0016217285046185577	0.05320292295581932
6	6	0.0041105293274839895	0.004652011525992255	0.003329460107046893	0.0024864252639380806	0.0038099867314815056	0.0031092986386535458	0.0029461643730876036	0.00636215400038996	0.008314147323011918	0.003385233871273833	0.0013199982771773585	0.0024384829508757033	0.0028412805840326897	0.0036070260199002908	0.0012923706269594736	0.002797046986744861	0.152724519773555	0.011491749684122995	0.0010604228737252591	0.0014847400070983644	0.007119849285348453	0.4529697193920084	0.004054603001094177	0.0016674786638290137	0.010317498683992683	0.2721150370755147	0.009705168885705813	0.007904084953130285	0.0017828944780129224	0.008800616634811983
7	7	0.006302820139436372	0.007133093964046973	0.005105179052204894	0.0038125238820141635	0.0058419875371295525	0.004767597678526475	0.004517458133829312	0.00975531596277358	0.012748376429124169	0.005190698939405627	0.2305963152993843	0.00373901223613432	0.004356636106959031	0.005530780692815072	0.0019816376350249762	0.08047958290300677	0.15798714120950574	0.01762070662339389	0.0016259839335401479	0.0022766044158829615	0.010917116967247979	0.2374098764285474	0.006217066323270277	0.002556804067590707	0.01582018599387566	0.03628976112351907	0.01488127903636666	0.012119613280292206	0.0027337752214476843	0.08968506878370416
8	8	0.006302820139436372	0.007133093964046973	0.005105179052204894	0.0038125238820141635	0.0058419875371295525	0.004767597678526475	0.004517458133829312	0.00975531596277358	0.012748376429124169	0.005190698939405627	0.0020240000891824737	0.00373901223613432	0.004356636106959031	0.005530780692815072	0.0019816376350249762	0.004288811166272841	0.005605597736037868	0.01762070662339389	0.0016259839335401479	0.0022766044158829615	0.010917116967247979	0.5421729633754832	0.006217066323270277	0.002556804067590707	0.01582018599387566	0.2648620763337209	0.01488127903636666	0.012119613280292206	0.0027337752214476843	0.013494297046970227
9	9	0.010181502991092313	0.011522717755544474	0.008246847385801191	0.006158707126268924	0.009437079318041202	0.007701522326572826	0.00729744978980639	0.01575862494196317	0.020593580313765004	0.008384995225667997	0.003269546410351045	0.006039957260994699	0.007037659741639202	0.0089343593694882	0.00320111459028119	0.006928096114375542	0.00905521795858094	0.028464286338859147	0.002626595701061443	0.003677600527550377	0.1407130791878567	0.014276094508163079	0.010042977265071714	0.0041302318146333285	0.5178665232596846	0.05862206175189635	0.024039046596305944	0.01957788357184691	0.004416108976359381	0.021798531880476885
10	10	0.007435916585942204	0.008415453803681649	0.006022968250509174	0.0044979245704931435	0.006892237293970116	0.0056246978128150745	0.005329589155410169	0.011509088656174418	0.015040229871074215	0.006123862569813152	0.0023878669389487493	0.004411197287346092	0.00513985517117236	0.0065250828957639	0.0023378887278429	0.005059836926921132	0.6358297129367728	0.020788488603235514	0.0019182969896659526	0.0026858834872618177	0.012879753718418768	0.01042634353971146	0.007334746282834947	0.0030164563405901653	0.018664277390449267	0.042813792979722744	0.017556577398454568	0.1041864819448535	0.003225242678941255	0.015920249191208862
11	11	0.007435916585942204	0.008415453803681649	0.006022968250509174	0.0044979245704931435	0.006892237293970116	0.0056246978128150745	0.005329589155410169	0.011509088656174418	0.015040229871074215	0.006123862569813152	0.0023878669389487493	0.004411197287346092	0.00513985517117236	0.0065250828957639	0.0023378887278429	0.005059836926921132	0.0066133502555019005	0.020788488603235514	0.0019182969896659526	0.0026858834872618177	0.012879753718418768	0.28009049897454186	0.007334746282834947	0.0030164563405901653	0.10855232920205941	0.042813792979722744	0.1074446292100647	0.28396258556807374	0.003225242678941255	0.015920249191208862
12	12	0.004564106251489274	0.00516533837766764	0.0036968498404944313	0.0027607902016713835	0.004230400241394131	0.0034523946245901124	0.0032712592860527356	0.007064186758616528	0.009231573052901253	0.003758777968406142	0.0014656536686256543	0.0027075576874801307	0.0031548020808687934	0.004005043802178179	0.0014349774415445573	0.0031056875212043303	0.0040592216030890015	0.012759808383597996	0.0011774353815775147	0.0016485738473934455	0.00790549003400752	0.4477801566097535	0.1700197150376003	0.001851476826334996	0.1218011220358036	0.1366239019577592	0.010776087081252338	0.008776262294414866	0.001979628214409371	0.009771721887821104
13	13	0.005469386571776074	0.006189871752498442	0.004430111781222253	0.0033083867956810453	0.005069490717042238	0.004137169417132584	0.003920106287204972	0.008465352485054083	0.011062635028584771	0.004504323215521141	0.001756362812859536	0.0032445957307371664	0.0037805500544788417	0.004799435329504139	0.0017196020243885493	0.0037216937311800894	0.004864359176685243	0.015290687987141982	0.0014109770698332814	0.001975564802106168	0.3400531515540885	0.13990080421270246	0.005394972141371698	0.002218713135481221	0.01372825353154391	0.03149109887176407	0.012913499978064584	0.3410966395549634	0.0023722830662556735	0.011709921183131926
14	14	0.003049745574514785	0.077184347456073	0.0024702429828435115	0.0018447659269465345	0.00282676250370118	0.002306897483902073	0.03905229110610211	0.004720304725072269	0.006168556889907826	0.03937805213401758	9.793529211121945E-4	0.0018091958469287665	0.0021080455086820516	0.002676178848256481	9.588550004617146E-4	0.0020752270547006037	0.0027123805708852674	0.008526131296096995	0.07451962213116374	0.0011015805764180923	0.005282465375936008	0.004276230737811157	0.003008251875572951	0.07497001806848837	0.007654913380907233	0.05442595532169152	0.0072006044723239284	0.5588607469173233	0.0013227918136457903	0.006529485498512985
15	15	0.0024973379799061923	0.0330150392750651	0.0020228020567366035	0.0015106191322643062	0.00231474435758164	0.0018890437125120751	0.0017899320495693132	0.0038653048192484516	0.005051231660473765	0.002056687215700188	8.019604212442146E-4	0.001481491944567409	0.0621036615527729	0.002191436274101599	7.851753372105437E-4	0.001699336293473342	0.002221080693496578	0.006981773065052319	6.442562760977339E-4	0.09146822562734394	0.0043256399881696035	0.3355776490888505	0.0024633601323243584	0.0010130709371224272	0.09683453783527943	0.01437892827822178	0.005896342034983665	0.30668935612124215	0.0010831914187635822	0.005346784420624182
16	16	0.003915947588592595	0.004431797431905145	0.0031718521481723465	0.0023687243760632084	0.0036296318953274505	0.0029621125495538784	0.002806700634696968	0.006060986221288268	0.007920577270441312	0.0032249857278480575	0.0012575130010379885	0.4283595812541294	0.0027067817706991184	0.0034362788145499016	0.0012311931717338082	0.002664642076554162	0.24016972366750486	0.010947760222354582	0.0010102252202624706	0.0014144562870793526	0.006782814187380732	0.005490784407043968	0.003862668668648949	0.0015885445723477231	0.009829095202349165	0.0225468598846855	0.056583143691769304	0.007529926183785903	0.09637328128665991	0.0557214105855341
17	17	0.08929721565052538	0.007721392843690226	0.005526226515189157	0.004126960161657613	0.006323802965372316	0.005160803261826489	0.004890033564962323	0.010559881482363285	0.013799793332970638	0.005618799618579246	0.002190928632513808	0.004047385674165165	0.004715947810079119	0.0059869294694238715	0.0021450723530337494	0.004642529036363577	0.5833899287912164	0.019073966880067107	0.0017600862643437209	0.0024643663932248333	0.011817501528721287	0.009566435307168301	0.006729816214282874	0.0027676753915929406	0.017124949080252357	0.12175731679116593	0.016108606172232143	0.01311917321185102	0.002959242165817179	0.014607233435348015
18	18	0.004830624197213133	0.005466964873092761	0.00391272492552705	0.0029220047073336753	0.12126610002497129	0.003653994910050955	0.003462282294021577	0.007476695240973142	0.009770644614843125	0.003978269305235741	0.001551239538756808	0.0028656637159190147	0.0033390246478793998	0.00423891566840441	0.001518771993819878	0.061681376265268185	0.004296257145927248	0.013504908898538236	0.00124619093673538	0.0017448412195734892	0.00836712586098167	0.5907166490961825	0.004764900529043801	0.001959592582875309	0.012124949082437568	0.02781329536876679	0.06979968370058928	0.009288746287765808	0.002095227285931692	0.010342335081341119
19	19	0.003738955199906688	0.004231489742412581	0.003028491269211932	0.00226166314095392	0.22945480095183107	0.18361960792277063	0.002679843816922293	0.005787042710853357	0.007562584253642395	0.0030792233256359963	0.0012006761244399314	0.002218054606276502	0.0025844410701639283	0.0032809664203417477	0.00117554589467787	0.002544205999346142	0.13891888169792152	0.14604647741824653	9.645652182323455E-4	0.0013505259123033331	0.006476245609053912	0.005242612789325428	0.0036880843722814634	0.0015167457823912656	0.054582685408189606	0.021527790426253045	0.008827863464823723	0.09758527799115305	0.0016217285046185577	0.05320292295581932
20	20	0.0034289893478496327	0.003880691925014197	0.002777424105654568	0.002074167355348007	0.003178277753754673	0.002593766170195972	0.0024576801300953206	0.005307286862266298	0.006935632940614617	0.08572567974291596	0.0011011379973273428	0.0020341740436100302	0.12672278047010155	0.003008968630136292	0.0010780911070716712	0.002333286922162313	0.00304967213088247	0.05103724251786609	8.846010935641895E-4	0.0841402943346819	0.005939353648328825	0.41931663790298956	0.0033823357998083127	0.12574359896811055	0.008606821716929183	0.019743099370702077	0.008096018317070757	0.006593560329947038	0.0014872844070396806	0.007341443957960938
21	21	0.003915947588592595	0.004431797431905145	0.05050924434006707	0.0023687243760632084	0.1456418084710116	0.0029621125495538784	0.002806700634696968	0.006060986221288268	0.007920577270441312	0.0032249857278480575	0.0012575130010379885	0.0023230515270768514	0.3340685271139621	0.0034362788145499016	0.0012311931717338082	0.002664642076554162	0.0034827627080312945	0.010947760222354582	0.0010102252202624706	0.0014144562870793526	0.14879499076306488	0.14750296098272814	0.003862668668648949	0.0015885445723477231	0.009829095202349165	0.0225468598846855	0.056583143691769304	0.007529926183785903	0.0016984969028704612	0.008384018393639376
22	22	0.008170331793515798	0.009246613914291433	0.006617832303485419	0.004942166268057927	0.00757295551134051	0.0061802263161265325	0.005855970978096601	0.012645794486143894	0.016525692142612045	0.006728691543939092	0.002623706834859034	0.10361280201480952	0.005647497740693795	0.007169538768007946	0.0025687924793170226	0.005559576420233705	0.007266523935507065	0.022841682987038835	0.0021077593734313573	0.00295115726434332	0.014151834556239345	0.6040516834260647	0.0080591693114622	0.0033143794525437543	0.020507672081001873	0.047042337005843204	0.019290569070542978	0.01571062786474225	0.0035437867675083435	0.01749262738820063
23	23	0.0041105293274839895	0.004652011525992255	0.003329460107046893	0.0024864252639380806	0.0038099867314815056	0.0031092986386535458	0.0029461643730876036	0.00636215400038996	0.008314147323011918	0.003385233871273833	0.0013199982771773585	0.0024384829508757033	0.0028412805840326897	0.0036070260199002908	0.0012923706269594736	0.002797046986744861	0.05334538637645649	0.06118131638267225	0.0010604228737252591	0.0014847400070983644	0.007119849285348453	0.4032801526934591	0.053744169699643435	0.0016674786638290137	0.010317498683992683	0.22242547037696545	0.009705168885705813	0.007904084953130285	0.0017828944780129224	0.1081797500319105
24	24	0.003049745574514785	0.0034514901691920625	0.03933667162628398	0.07557762321382747	0.07655961979058211	0.002306897483902073	0.002185862462661639	0.004720304725072269	0.006168556889907826	0.0025116234905771116	9.793529211121945E-4	0.03867562449036923	0.0021080455086820516	0.002676178848256481	9.588550004617146E-4	0.0020752270547006037	0.0027123805708852674	0.008526131296096995	7.867648442828087E-4	0.0011015805764180923	0.005282465375936008	0.3360740885287753	0.03987468051901342	0.0012371607816074313	0.0445213420243477	0.20189166989545337	0.0440670331157644	0.04273074590915686	0.0013227918136457903	0.006529485498512985
25	25	0.007435916585942204	0.008415453803681649	0.006022968250509174	0.0044979245704931435	0.09678028910558026	0.0056246978128150745	0.005329589155410169	0.011509088656174418	0.015040229871074215	0.0960119143814233	0.0023878669389487493	0.004411197287346092	0.0950279069827825	0.0065250828957639	0.0023378887278429	0.005059836926921132	0.0066133502555019005	0.2904526440380659	0.0019182969896659526	0.0026858834872618177	0.012879753718418768	0.01042634353971146	0.007334746282834947	0.0030164563405901653	0.018664277390449267	0.13270184479133287	0.1074446292100647	0.014298430133243374	0.003225242678941255	0.015920249191208862
26	26	0.016141466387873334	0.21339167987698604	0.013074318202360982	0.009763839794419258	0.014961278187034572	0.012209775303174016	0.011569170151244635	0.22010716712199768	0.03264847878858654	0.013293333873791642	0.005183446248795078	0.009575577122339763	0.011157306369044365	0.014164280223258387	0.005074956380011956	0.010983607298449669	0.014355886006337075	0.04512647313421894	0.004164130409852911	0.0058303636855398175	0.02795863957416897	0.02263291577434337	0.015921851626440418	0.006547952504493302	0.04051535579641084	0.09293775586806095	0.038110823418730275	0.031038221949857815	0.007001174057450548	0.034558774864726916
27	27	0.0028403206196194026	0.0032144775544201217	0.0023006122668960197	0.0017180865002193449	0.0026326497177741885	0.0021484836458587706	0.002035760056914807	0.0043961630614523465	0.005744964260006533	0.002339151189732153	9.121011008146229E-4	0.0016849590050734416	0.001963286765768426	0.0024924065889337472	8.930107651586254E-4	0.0019327219434676782	0.0025261223520149493	0.14527994073313602	7.327379794177242E-4	0.001025935426062659	0.0049197203383379694	0.34733082315704267	0.07147132421407322	0.0011522053862945962	0.11013372507760871	0.016353720163338057	0.041040965466134116	0.21147056047078971	0.0012319561655105109	0.006081108028128854
28	28	0.0041105293274839895	0.004652011525992255	0.003329460107046893	0.0024864252639380806	0.15287868682712927	0.0031092986386535458	0.0029461643730876036	0.05605172069893921	0.008314147323011918	0.003385233871273833	0.0013199982771773585	0.0024384829508757033	0.0028412805840326897	0.0036070260199002908	0.0012923706269594736	0.002797046986744861	0.003655819677907236	0.06118131638267225	0.0010604228737252591	0.0014847400070983644	0.007119849285348453	0.4032801526934591	0.004054603001094177	0.0016674786638290137	0.15938619877964044	0.023667203582768425	0.009705168885705813	0.007904084953130285	0.0017828944780129224	0.05849018333336124
29	29	0.005856601176076816	0.006628094341057893	0.0047437491439982	0.0035426097139465273	0.5718021168662623	0.004430067422741998	0.0041976369361903495	0.00906467163533716	0.011845833251804518	0.004823214504087399	0.001880707530985594	0.0034743024511354813	0.004048200580579578	0.005139219586402525	0.001841344199436919	0.003985177422913271	0.005208739828712406	0.01637321847218404	0.0015108696118218605	0.00211542830107066	0.01014422094479603	0.008211890912318212	0.005776918448424629	0.0023757907377932545	0.014700168789168648	0.24611071130659487	0.013827733360277348	0.011261584468647532	0.002540232915244177	0.012538945139989831
30	30	0.006302820139436372	0.007133093964046973	0.005105179052204894	0.0038125238820141635	0.1582235310105974	0.004767597678526475	0.004517458133829312	0.00975531596277358	0.012748376429124169	0.005190698939405627	0.0020240000891824737	0.00373901223613432	0.004356636106959031	0.005530780692815072	0.0019816376350249762	0.004288811166272841	0.005605597736037868	0.4747653370437975	0.0016259839335401479	0.0022766044158829615	0.010917116967247979	0.008837561218345608	0.08240783806000422	0.002556804067590707	0.01582018599387566	0.11248053286025302	0.01488127903636666	0.012119613280292206	0.0027337752214476843	0.013494297046970227
31	31	0.004325459537683595	0.004895254606256203	0.00350354998784986	0.0026164347741611652	0.004009202254304756	0.003271876778045681	0.0031002125935336773	0.006694816533043158	0.008748875137704148	0.0035622400350938726	0.001389017978674173	0.0025659856668143986	0.002989844670190418	0.0037956291896840575	0.0013599457415927549	0.002943298198913493	0.003846974156862237	0.11666806887097686	0.0011158699689755793	0.0015623736781887837	0.05977985087098063	0.006064985612166629	0.004266608951148919	0.26319327178978313	0.010856977175499282	0.02490470771803142	0.37622667630140266	0.06060509243447408	0.0018761179668616405	0.009260780821102817
32	32	0.06322495838627698	0.005466964873092761	0.00391272492552705	0.0029220047073336753	0.17966043421403513	0.003653994910050955	0.003462282294021577	0.007476695240973142	0.009770644614843125	0.003978269305235741	0.001551239538756808	0.0028656637159190147	0.0033390246478793998	0.00423891566840441	0.001518771993819878	0.003287042076204341	0.004296257145927248	0.013504908898538236	0.00124619093673538	0.0017448412195734892	0.1835501284281732	0.006773307205544074	0.12155356890717149	0.001959592582875309	0.012124949082437568	0.08620762955783064	0.01140534951152544	0.24286608304402119	0.002095227285931692	0.010342335081341119
33	33	0.07665331653331675	0.006628094341057893	0.0047437491439982	0.0035426097139465273	0.005428394008342848	0.004430067422741998	0.0041976369361903495	0.00906467163533716	0.011845833251804518	0.004823214504087399	0.001880707530985594	0.0034743024511354813	0.004048200580579578	0.14673265030088242	0.001841344199436919	0.003985177422913271	0.005208739828712406	0.01637321847218404	0.0015108696118218605	0.0729121436583106	0.01014422094479603	0.3621954676985179	0.005776918448424629	0.0023757907377932545	0.15629359950364852	0.03372056523487506	0.013827733360277348	0.011261584468647532	0.002540232915244177	0.012538945139989831
34	34	0.006822642539829881	0.007721392843690226	0.005526226515189157	0.004126960161657613	0.006323802965372316	0.005160803261826489	0.004890033564962323	0.010559881482363285	0.013799793332970638	0.005618799618579246	0.002190928632513808	0.004047385674165165	0.08719052092077463	0.0059869294694238715	0.0021450723530337494	0.004642529036363577	0.006067917016347873	0.18402311310145814	0.0017600862643437209	0.0024643663932248333	0.4241903670821988	0.009566435307168301	0.006729816214282874	0.0027676753915929406	0.017124949080252357	0.12175731679116593	0.016108606172232143	0.01311917321185102	0.002959242165817179	0.014607233435348015
35	35	0.006302820139436372	0.007133093964046973	0.005105179052204894	0.0038125238820141635	0.23441430274733135	0.004767597678526475	0.004517458133829312	0.00975531596277358	0.012748376429124169	0.08138147067613957	0.0020240000891824737	0.00373901223613432	0.004356636106959031	0.005530780692815072	0.0019816376350249762	0.004288811166272841	0.005605597736037868	0.01762070662339389	0.0016259839335401479	0.0784673761526169	0.010917116967247979	0.008837561218345608	0.08240783806000422	0.07874757580432463	0.01582018599387566	0.18867130459698694	0.01488127903636666	0.012119613280292206	0.07892454695818162	0.013494297046970227
36	36	0.0031664824747197453	0.0035836048828935423	0.11739755759308454	0.0019153791143924188	0.002934964150112353	0.00239519995201999	0.002269532002277611	0.04317857315464399	0.08295984747395814	0.0026077623761359774	0.0010168401873198027	0.0018784474975579355	0.002188736403106477	0.0027786165157623176	9.95557655737388E-4	0.0021546617379120912	0.0028162039529625355	0.008852491024778697	8.168803037097564E-4	0.0011437464222813169	0.0054846654015971354	0.004439914530014927	0.6538423719641344	0.0012845163105101906	0.007947924990430351	0.0182316629805757	0.007476226233275186	0.006088789177451884	0.0013734250917893532	0.006779418444854228
37	37	0.005856601176076816	0.006628094341057893	0.0047437491439982	0.0035426097139465273	0.005428394008342848	0.004430067422741998	0.0041976369361903495	0.00906467163533716	0.011845833251804518	0.004823214504087399	0.001880707530985594	0.07427101780837542	0.004048200580579578	0.005139219586402525	0.001841344199436919	0.003985177422913271	0.005208739828712406	0.01637321847218404	0.0015108696118218605	0.00211542830107066	0.01014422094479603	0.008211890912318212	0.5721506413063442	0.0023757907377932545	0.014700168789168648	0.03372056523487506	0.013827733360277348	0.08205829982588747	0.07333694827248412	0.012538945139989831
38	38	0.005469386571776074	0.13842172181681375	0.004430111781222253	0.0694243118278387	0.005069490717042238	0.004137169417132584	0.003920106287204972	0.008465352485054083	0.011062635028584771	0.004504323215521141	0.001756362812859536	0.0032445957307371664	0.0037805500544788417	0.004799435329504139	0.0017196020243885493	0.0037216937311800894	0.004864359176685243	0.015290687987141982	0.0014109770698332814	0.001975564802106168	0.07558945142545791	0.07378487918054479	0.4682064473664753	0.002218713135481221	0.01372825353154391	0.03149109887176407	0.012913499978064584	0.010517014394175121	0.0023722830662556735	0.011709921183131926
39	39	0.005130198736700326	0.005806002524830246	0.00415537529944375	0.0031032148737307843	0.004755102703197427	0.003880599961029372	0.003676998152979216	0.007940367727645321	0.01037657797696914	0.0042249844597202465	0.0016474407441259807	0.00304337985631281	0.0035460965976704716	0.004501794989470185	0.0016129597016728554	0.0034908902904417552	0.004562692538842357	0.014342425273012185	0.0013234743396134162	0.0018530487686379679	0.008886019025571255	0.007193358591051721	0.3151388975753513	0.0020811180879924452	0.01287688628338407	0.02953815634150123	0.012112660241591524	0.2579275931128328	0.25028796299692985	0.01098372222774809
40	40	0.004325459537683595	0.004895254606256203	0.00350354998784986	0.0026164347741611652	0.004009202254304756	0.003271876778045681	0.0031002125935336773	0.11127025831983682	0.008748875137704148	0.0035622400350938726	0.001389017978674173	0.0025659856668143986	0.002989844670190418	0.0037956291896840575	0.0013599457415927549	0.2120941817725008	0.003846974156862237	0.06438034797758002	0.0011158699689755793	0.0015623736781887837	0.2689307344445679	0.006064985612166629	0.004266608951148919	0.0017546673227989995	0.06314469806889611	0.02490470771803142	0.010212630047624877	0.16518053422126774	0.0018761179668616405	0.009260780821102817
41	41	0.004325459537683595	0.004895254606256203	0.00350354998784986	0.0026164347741611652	0.004009202254304756	0.003271876778045681	0.0031002125935336773	0.006694816533043158	0.008748875137704148	0.055849960928490705	0.001389017978674173	0.0025659856668143986	0.002989844670190418	0.05608335008308088	0.0013599457415927549	0.002943298198913493	0.003846974156862237	0.012092627084183198	0.0011158699689755793	0.0015623736781887837	0.05977985087098063	0.006064985612166629	0.5271438178851172	0.0017546673227989995	0.010856977175499282	0.1817678703982219	0.010212630047624877	0.008317371541077258	0.0018761179668616405	0.009260780821102817
42	42	0.005856601176076816	0.006628094341057893	0.0047437491439982	0.0035426097139465273	0.005428394008342848	0.004430067422741998	0.0041976369361903495	0.00906467163533716	0.011845833251804518	0.004823214504087399	0.001880707530985594	0.0034743024511354813	0.004048200580579578	0.005139219586402525	0.001841344199436919	0.003985177422913271	0.5715824626866319	0.01637321847218404	0.0015108696118218605	0.00211542830107066	0.01014422094479603	0.008211890912318212	0.005776918448424629	0.0023757907377932545	0.15629359950364852	0.104517280592115	0.013827733360277348	0.011261584468647532	0.002540232915244177	0.012538945139989831
43	43	0.20381716166824906	0.006189871752498442	0.004430111781222253	0.0033083867956810453	0.005069490717042238	0.004137169417132584	0.003920106287204972	0.008465352485054083	0.011062635028584771	0.0706202482476788	0.001756362812859536	0.0032445957307371664	0.0037805500544788417	0.004799435329504139	0.0017196020243885493	0.0037216937311800894	0.004864359176685243	0.015290687987141982	0.0014109770698332814	0.001975564802106168	0.009473526393300251	0.20601672924486011	0.005394972141371698	0.002218713135481221	0.2120760286280169	0.09760702390392174	0.07902942501022224	0.010517014394175121	0.0023722830662556735	0.011709921183131926
44	44	0.006302820139436372	0.007133093964046973	0.005105179052204894	0.0038125238820141635	0.0058419875371295525	0.004767597678526475	0.004517458133829312	0.00975531596277358	0.012748376429124169	0.005190698939405627	0.0020240000891824737	0.00373901223613432	0.004356636106959031	0.005530780692815072	0.0019816376350249762	0.004288811166272841	0.005605597736037868	0.01762070662339389	0.0016259839335401479	0.0022766044158829615	0.010917116967247979	0.008837561218345608	0.23478938153347206	0.002556804067590707	0.09201095773060959	0.03628976112351907	0.3196443659833024	0.012119613280292206	0.0027337752214476843	0.16587584052043808
45	45	0.005130198736700326	0.005806002524830246	0.00415537529944375	0.0031032148737307843	0.004755102703197427	0.003880599961029372	0.003676998152979216	0.1319717670900803	0.01037657797696914	0.0042249844597202465	0.0016474407441259807	0.3751375779436177	0.0035460965976704716	0.004501794989470185	0.06362865938289033	0.0034908902904417552	0.004562692538842357	0.014342425273012185	0.0013234743396134162	0.0018530487686379679	0.1949331180692237	0.007193358591051721	0.005060399169263856	0.0020811180879924452	0.01287688628338407	0.02953815634150123	0.074128359922809	0.009864794387962917	0.002225164272059924	0.01098372222774809
46	46	0.01161049607802068	0.013139952856266405	0.009404307921202839	0.007023093250356346	0.010761591142874323	0.008782445464652299	0.00832166058765849	0.017970377580180132	0.023483928028559236	0.009561845070125141	0.003728433396081023	0.006887676618230604	0.008025408517802708	0.010188313504383819	0.003650397041406473	0.007900467429463256	0.01032613482368059	0.45351494270795367	0.002995243345938272	0.004193758675807209	0.020110544316255953	0.016279771212707506	0.01145252800591244	0.0047099176150192145	0.029142543079434372	0.06684977833344995	0.027412971981636967	0.02232567633931299	0.005035918173867934	0.16520987690175926
47	47	0.003738955199906688	0.04942933386103591	0.003028491269211932	0.00226166314095392	0.003465580358714457	0.002828231448277324	0.002679843816922293	0.005787042710853357	0.09795827249088905	0.0030792233256359963	0.0012006761244399314	0.09261374284352315	0.0025844410701639283	0.0032809664203417477	0.046373390013301194	0.002544205999346142	0.0033253493420515416	0.4172335421299865	9.645652182323455E-4	0.0013505259123033331	0.09687193384630056	0.005242612789325428	0.0036880843722814634	0.0015167457823912656	0.054582685408189606	0.021527790426253045	0.008827863464823723	0.0071895897539064075	0.0016217285046185577	0.05320292295581932
48	48	0.003738955199906688	0.004231489742412581	0.09342417950645857	0.00226166314095392	0.003465580358714457	0.002828231448277324	0.002679843816922293	0.005787042710853357	0.007562584253642395	0.0030792233256359963	0.0012006761244399314	0.002218054606276502	0.40936503813777386	0.0032809664203417477	0.00117554589467787	0.002544205999346142	0.0033253493420515416	0.05565078918099986	9.645652182323455E-4	0.0013505259123033331	0.006476245609053912	0.005242612789325428	0.04888592849090479	0.0015167457823912656	0.009384841289566279	0.292714855137993	0.008827863464823723	0.0071895897539064075	0.0016217285046185577	0.008005078837195992
49	49	0.006302820139436372	0.007133093964046973	0.005105179052204894	0.0038125238820141635	0.0058419875371295525	0.004767597678526475	0.004517458133829312	0.00975531596277358	0.012748376429124169	0.005190698939405627	0.0020240000891824737	0.00373901223613432	0.004356636106959031	0.005530780692815072	0.0019816376350249762	0.004288811166272841	0.005605597736037868	0.09381147836012782	0.0016259839335401479	0.0022766044158829615	0.08710788870398191	0.618363735112217	0.006217066323270277	0.002556804067590707	0.01582018599387566	0.03628976112351907	0.01488127903636666	0.012119613280292206	0.0027337752214476843	0.013494297046970227
50	50	0.003738955199906688	0.004231489742412581	0.003028491269211932	0.00226166314095392	0.003465580358714457	0.002828231448277324	0.002679843816922293	0.005787042710853357	0.007562584253642395	0.0030792233256359963	0.0012006761244399314	0.1378115869621465	0.0025844410701639283	0.0032809664203417477	0.00117554589467787	0.002544205999346142	0.0033253493420515416	0.1008486332996232	9.645652182323455E-4	0.0013505259123033331	0.27766331032079383	0.005242612789325428	0.0940837726095281	0.0015167457823912656	0.054582685408189606	0.021527790426253045	0.09922355170207037	0.14278312210977637	0.0016217285046185577	0.008005078837195992
51	51	0.009065715615930343	0.010259947120360303	0.007343078246213947	0.005483776552185415	0.11799252561781383	0.006857515170749551	0.006497724802889622	0.014031642710013876	0.01833673700255778	0.0074660865123101485	0.0029112379552666116	0.0053780404433861504	0.006266405055835274	0.007955246030489369	0.0028503055545811146	0.3349378060981946	0.008062859768796567	0.025344895089091712	0.002338747990810499	0.003274573563543222	0.015702729188107313	0.012711582271338746	0.008942370876092646	0.0036776011451445443	0.02275510073882998	0.0521976903731365	0.02140461583234554	0.01743235011367581	0.003932149128046985	0.2385889434322621
52	52	0.006302820139436372	0.007133093964046973	0.005105179052204894	0.0038125238820141635	0.0058419875371295525	0.004767597678526475	0.004517458133829312	0.00975531596277358	0.012748376429124169	0.005190698939405627	0.0020240000891824737	0.00373901223613432	0.004356636106959031	0.23410309590301687	0.0019816376350249762	0.004288811166272841	0.005605597736037868	0.01762070662339389	0.0016259839335401479	0.0022766044158829615	0.010917116967247979	0.08502833295507954	0.006217066323270277	0.002556804067590707	0.01582018599387566	0.03628976112351907	0.01488127903636666	0.16450115675376006	0.0027337752214476843	0.31825738399390596
53	53	0.006302820139436372	0.007133093964046973	0.005105179052204894	0.0038125238820141635	0.0058419875371295525	0.004767597678526475	0.004517458133829312	0.2383276311729754	0.012748376429124169	0.005190698939405627	0.0020240000891824737	0.00373901223613432	0.004356636106959031	0.005530780692815072	0.0019816376350249762	0.004288811166272841	0.005605597736037868	0.01762070662339389	0.0016259839335401479	0.3832304630995526	0.16329866044071584	0.008837561218345608	0.006217066323270277	0.002556804067590707	0.01582018599387566	0.03628976112351907	0.01488127903636666	0.012119613280292206	0.0027337752214476843	0.013494297046970227
54	54	0.008170331793515798	0.009246613914291433	0.006617832303485419	0.004942166268057927	0.00757295551134051	0.0061802263161265325	0.005855970978096601	0.012645794486143894	0.016525692142612045	0.006728691543939092	0.39768742175711885	0.004846873284244577	0.005647497740693795	0.007169538768007946	0.0025687924793170226	0.005559576420233705	0.007266523935507065	0.22037354044816876	0.0021077593734313573	0.00295115726434332	0.014151834556239345	0.01145611104267499	0.0080591693114622	0.0033143794525437543	0.020507672081001873	0.14580826573640818	0.019290569070542978	0.01571062786474225	0.0035437867675083435	0.01749262738820063
55	55	0.006302820139436372	0.007133093964046973	0.005105179052204894	0.0038125238820141635	0.0058419875371295525	0.15714914115199435	0.004517458133829312	0.3907091746464433	0.08893914816585811	0.005190698939405627	0.0020240000891824737	0.00373901223613432	0.004356636106959031	0.005530780692815072	0.0019816376350249762	0.004288811166272841	0.005605597736037868	0.01762070662339389	0.0016259839335401479	0.0022766044158829615	0.08710788870398191	0.008837561218345608	0.006217066323270277	0.002556804067590707	0.01582018599387566	0.03628976112351907	0.01488127903636666	0.012119613280292206	0.0027337752214476843	0.08968506878370416
56	56	0.005856601176076816	0.006628094341057893	0.0047437491439982	0.0035426097139465273	0.005428394008342848	0.004430067422741998	0.0041976369361903495	0.00906467163533716	0.08264254860904446	0.004823214504087399	0.001880707530985594	0.0034743024511354813	0.004048200580579578	0.005139219586402525	0.001841344199436919	0.003985177422913271	0.005208739828712406	0.01637321847218404	0.0015108696118218605	0.00211542830107066	0.01014422094479603	0.07900860626955815	0.005776918448424629	0.0023757907377932545	0.014700168789168648	0.03372056523487506	0.438608025503717	0.011261584468647532	0.002540232915244177	0.22492909121170965
57	57	0.004564106251489274	0.00516533837766764	0.0036968498404944313	0.0027607902016713835	0.004230400241394131	0.0034523946245901124	0.0032712592860527356	0.007064186758616528	0.009231573052901253	0.003758777968406142	0.0014656536686256543	0.0027075576874801307	0.0031548020808687934	0.004005043802178179	0.0014349774415445573	0.0031056875212043303	0.0040592216030890015	0.012759808383597996	0.0011774353815775147	0.0016485738473934455	0.11825062757445982	0.5581252941502058	0.004502008726921845	0.001851476826334996	0.011455984495351292	0.19179647072798536	0.010776087081252338	0.008776262294414866	0.001979628214409371	0.009771721887821104
58	58	0.005469386571776074	0.006189871752498442	0.004430111781222253	0.0033083867956810453	0.005069490717042238	0.004137169417132584	0.003920106287204972	0.008465352485054083	0.011062635028584771	0.004504323215521141	0.001756362812859536	0.0032445957307371664	0.0037805500544788417	0.004799435329504139	0.0017196020243885493	0.0037216937311800894	0.004864359176685243	0.015290687987141982	0.0014109770698332814	0.001975564802106168	0.009473526393300251	0.20601672924486011	0.005394972141371698	0.002218713135481221	0.01372825353154391	0.22983887396823705	0.012913499978064584	0.2088647894906481	0.0023722830662556735	0.21005769627960488
59	59	0.0034289893478496327	0.003880691925014197	0.002777424105654568	0.002074167355348007	0.542039518568071	0.002593766170195972	0.04390854480811966	0.21256161025238798	0.006935632940614617	0.0028239503868672886	0.0011011379973273428	0.0020341740436100302	0.0023701864360285417	0.003008968630136292	0.0010780911070716712	0.002333286922162313	0.00304967213088247	0.00958637783984175	8.846010935641895E-4	0.0012385649786332315	0.005939353648328825	0.004807991122746212	0.0033823357998083127	0.0013910049340375367	0.008606821716929183	0.019743099370702077	0.0495468829950951	0.006593560329947038	0.0014872844070396806	0.04879230863598528
60	60	0.005469386571776074	0.07230579678465611	0.004430111781222253	0.0033083867956810453	0.0711854157491999	0.004137169417132584	0.003920106287204972	0.008465352485054083	0.011062635028584771	0.004504323215521141	0.001756362812859536	0.13547644579505247	0.0037805500544788417	0.004799435329504139	0.0017196020243885493	0.0037216937311800894	0.0709802842088429	0.015290687987141982	0.0014109770698332814	0.001975564802106168	0.009473526393300251	0.007668954148387124	0.005394972141371698	0.002218713135481221	0.01372825353154391	0.1637229489360794	0.07902942501022224	0.010517014394175121	0.0023722830662556735	0.2761736213117626
61	61	0.0026578097591766782	0.003007924441972678	0.0021527815179742506	0.0016076871870910688	0.002463483194137274	0.0020104282460055847	0.0019049479517334429	0.22901364449635855	0.005375809326206492	0.002188844040111543	8.534920988693639E-4	0.0015766883698140046	0.0018371315865111553	0.0023322516867099385	8.356284534548306E-4	0.0018085307720688358	0.0023638009715112136	0.007430401787005999	6.856543374588414E-4	9.60011756714915E-4	0.0688607264332669	0.00372667408141219	0.0026216485925162456	0.00107816797129053	0.006671147803096435	0.4329742429189069	0.0062752240706369766	0.0051106688341400796	0.19392419385440765	0.005690353459439467
62	62	0.006302820139436372	0.007133093964046973	0.005105179052204894	0.0038125238820141635	0.0058419875371295525	0.004767597678526475	0.004517458133829312	0.00975531596277358	0.24132069163932598	0.005190698939405627	0.0020240000891824737	0.00373901223613432	0.004356636106959031	0.005530780692815072	0.0019816376350249762	0.004288811166272841	0.005605597736037868	0.01762070662339389	0.0016259839335401479	0.0022766044158829615	0.16329866044071584	0.38979141990201527	0.006217066323270277	0.002556804067590707	0.01582018599387566	0.03628976112351907	0.01488127903636666	0.012119613280292206	0.0027337752214476843	0.013494297046970227
